x,y
1851.0,892.0
1728.0,907.0
1634.0,902.0
1557.0,883.0
1506.0,856.0
1463.0,827.0
1430.0,776.0
1390.0,744.0
1352.0,696.0
1304.0,668.0
1272.0,656.0
1244.0,654.0
1225.0,647.0
1209.0,655.0
1194.0,651.0
1183.0,647.0
1167.0,640.0
1156.0,643.0
1138.0,643.0
1125.0,650.0
1115.0,642.0
1113.0,642.0
1106.0,652.0
1093.0,648.0
1075.0,635.0
1046.0,611.0
1032.0,589.0
1001.0,551.0
985.0,523.0
963.0,520.0
958.0,537.0
969.0,571.0
991.0,612.0
1028.0,668.0
1080.0,719.0
1148.0,789.0
1239.0,853.0
1336.0,933.0
1451.0,1017.0
