x,y
1611.0,656.0
1600.0,678.0
1590.0,697.0
1591.0,722.0
1600.0,750.0
1594.0,763.0
1593.0,768.0
1593.0,766.0
1608.0,752.0
1618.0,737.0
1634.0,726.0
1633.0,721.0
1608.0,724.0
1581.0,735.0
1538.0,737.0
1502.0,728.0
1461.0,723.0
1415.0,719.0
1363.0,716.0
1321.0,716.0
1271.0,724.0
1231.0,727.0
1208.0,733.0
1189.0,728.0
1189.0,726.0
1193.0,715.0
1196.0,704.0
1194.0,695.0
1191.0,687.0
1188.0,677.0
1186.0,676.0
1183.0,673.0
1179.0,674.0
1174.0,674.0
1171.0,677.0
1176.0,680.0
1182.0,683.0
1180.0,681.0
1176.0,680.0
1176.0,681.0
1177.0,683.0
1179.0,681.0
1182.0,681.0
1177.0,686.0
1180.0,681.0
1171.0,682.0
1179.0,686.0
1178.0,686.0
1178.0,684.0
1170.0,680.0
1170.0,681.0
1178.0,685.0
1178.0,680.0
1177.0,678.0
1177.0,677.0
1177.0,677.0
1169.0,679.0
1169.0,679.0
1169.0,677.0
1169.0,677.0
1170.0,677.0
1169.0,676.0
1177.0,680.0
1177.0,680.0
1170.0,678.0
1177.0,681.0
1178.0,680.0
1171.0,680.0
1170.0,683.0
1169.0,684.0
1176.0,684.0
1176.0,685.0
1170.0,684.0
1173.0,686.0
1173.0,686.0
1172.0,687.0
1172.0,687.0
1171.0,685.0
1171.0,685.0
1169.0,681.0
1171.0,683.0
1171.0,682.0
1171.0,682.0
1171.0,682.0
1171.0,682.0
1170.0,682.0
1170.0,683.0
1170.0,683.0
1170.0,683.0
1170.0,683.0
1170.0,683.0
1170.0,683.0
1170.0,682.0
1170.0,683.0
1170.0,682.0
1170.0,681.0
1170.0,681.0
1169.0,682.0
1168.0,683.0
1166.0,683.0
