x,y
1597.0,922.0
1553.0,915.0
1516.0,912.0
1468.0,920.0
1416.0,939.0
1368.0,954.0
1322.0,970.0
1298.0,975.0
1287.0,979.0
1295.0,961.0
1300.0,948.0
1300.0,925.0
1299.0,907.0
1301.0,890.0
1300.0,893.0
1295.0,879.0
1297.0,892.0
1287.0,896.0
1276.0,894.0
1270.0,893.0
1270.0,897.0
1270.0,898.0
1270.0,897.0
1270.0,898.0
1270.0,897.0
1269.0,894.0
1269.0,896.0
1269.0,896.0
1271.0,894.0
1272.0,892.0
1272.0,892.0
1273.0,893.0
1271.0,896.0
1268.0,896.0
1267.0,897.0
1267.0,898.0
1266.0,898.0
1266.0,897.0
1266.0,895.0
1266.0,897.0
1266.0,897.0
1266.0,897.0
1266.0,897.0
1266.0,897.0
1266.0,897.0
1266.0,897.0
1267.0,896.0
1267.0,896.0
1267.0,896.0
1267.0,896.0
1267.0,897.0
1267.0,897.0
1267.0,897.0
1267.0,898.0
1266.0,897.0
1267.0,898.0
1267.0,898.0
1267.0,899.0
1267.0,898.0
1267.0,898.0
1267.0,898.0
1268.0,899.0
1268.0,898.0
1267.0,899.0
1265.0,899.0
1264.0,898.0
1262.0,899.0
1260.0,896.0
1259.0,896.0
1258.0,895.0
1257.0,894.0
1257.0,894.0
1257.0,894.0
1255.0,895.0
1257.0,895.0
1255.0,895.0
1255.0,895.0
1255.0,895.0
1255.0,894.0
1255.0,895.0
1255.0,896.0
1256.0,896.0
1256.0,897.0
1256.0,898.0
1257.0,899.0
1256.0,900.0
1256.0,900.0
1256.0,900.0
1257.0,900.0
1257.0,900.0
1256.0,900.0
1255.0,900.0
1255.0,900.0
1255.0,900.0
1255.0,900.0
1255.0,900.0
1256.0,900.0
1255.0,900.0
1255.0,900.0
1255.0,900.0
