x,y
363.0,708.0
364.0,709.0
363.0,708.0
364.0,708.0
364.0,708.0
364.0,708.0
364.0,707.0
365.0,707.0
365.0,708.0
365.0,707.0
365.0,708.0
364.0,707.0
364.0,708.0
365.0,708.0
364.0,707.0
365.0,707.0
366.0,706.0
366.0,707.0
366.0,707.0
361.0,702.0
361.0,701.0
362.0,702.0
362.0,702.0
361.0,701.0
367.0,705.0
367.0,705.0
367.0,705.0
367.0,706.0
366.0,706.0
364.0,703.0
368.0,706.0
375.0,715.0
375.0,715.0
362.0,704.0
361.0,707.0
365.0,711.0
365.0,712.0
365.0,708.0
359.0,706.0
358.0,706.0
359.0,707.0
357.0,708.0
359.0,708.0
359.0,710.0
360.0,710.0
358.0,711.0
356.0,710.0
357.0,709.0
357.0,710.0
357.0,710.0
357.0,711.0
357.0,711.0
356.0,711.0
356.0,710.0
362.0,709.0
374.0,709.0
358.0,712.0
358.0,712.0
358.0,710.0
358.0,710.0
366.0,710.0
369.0,709.0
365.0,707.0
371.0,710.0
370.0,707.0
367.0,702.0
370.0,696.0
373.0,689.0
373.0,682.0
369.0,679.0
364.0,684.0
360.0,685.0
359.0,679.0
358.0,659.0
356.0,653.0
352.0,639.0
354.0,620.0
354.0,592.0
352.0,568.0
351.0,563.0
328.0,556.0
355.0,516.0
348.0,513.0
343.0,499.0
338.0,487.0
334.0,489.0
330.0,478.0
320.0,464.0
305.0,464.0
305.0,454.0
302.0,461.0
305.0,446.0
310.0,438.0
313.0,426.0
304.0,417.0
299.0,413.0
297.0,394.0
291.0,381.0
278.0,375.0
280.0,370.0
