x,y
1049.0,561.0
1053.0,555.0
1050.0,549.0
1041.0,555.0
1040.0,554.0
1029.0,558.0
1029.0,551.0
1026.0,587.0
1013.0,600.0
1015.0,607.0
998.0,607.0
986.0,613.0
980.0,616.0
971.0,622.0
963.0,632.0
961.0,635.0
960.0,640.0
963.0,659.0
966.0,656.0
972.0,657.0
970.0,641.0
980.0,634.0
988.0,624.0
990.0,610.0
987.0,587.0
1022.0,626.0
1017.0,613.0
1021.0,614.0
1020.0,602.0
1029.0,597.0
1030.0,591.0
1026.0,579.0
1022.0,573.0
1022.0,573.0
1020.0,572.0
1020.0,570.0
1021.0,569.0
1016.0,569.0
1016.0,568.0
1015.0,569.0
1016.0,568.0
1014.0,567.0
1015.0,567.0
1015.0,567.0
1019.0,566.0
1015.0,568.0
1015.0,568.0
1016.0,568.0
1016.0,569.0
1016.0,569.0
1021.0,569.0
1021.0,568.0
1022.0,567.0
1022.0,567.0
1021.0,567.0
1020.0,565.0
1019.0,566.0
1017.0,564.0
1019.0,565.0
1019.0,566.0
1018.0,567.0
1019.0,566.0
1018.0,566.0
1018.0,566.0
1019.0,566.0
1019.0,566.0
1019.0,566.0
1019.0,566.0
1019.0,566.0
1018.0,564.0
1018.0,566.0
1018.0,566.0
1019.0,565.0
1018.0,565.0
1018.0,564.0
1019.0,566.0
1019.0,566.0
1019.0,566.0
1019.0,565.0
1019.0,564.0
1019.0,564.0
1019.0,565.0
1019.0,565.0
1019.0,564.0
1019.0,564.0
1019.0,564.0
1019.0,564.0
1019.0,564.0
1018.0,563.0
1018.0,562.0
1018.0,564.0
1017.0,563.0
1017.0,564.0
1018.0,563.0
1018.0,564.0
1018.0,564.0
1018.0,564.0
1018.0,563.0
1017.0,563.0
1017.0,562.0
