x,y
980.0,974.0
972.0,969.0
983.0,968.0
982.0,968.0
985.0,962.0
977.0,957.0
975.0,955.0
982.0,952.0
982.0,951.0
978.0,954.0
983.0,946.0
984.0,942.0
978.0,944.0
962.0,938.0
963.0,937.0
962.0,936.0
962.0,936.0
962.0,935.0
963.0,934.0
990.0,933.0
991.0,933.0
991.0,932.0
988.0,932.0
989.0,931.0
988.0,931.0
989.0,931.0
990.0,932.0
991.0,933.0
991.0,933.0
991.0,933.0
990.0,933.0
991.0,933.0
990.0,933.0
990.0,933.0
989.0,932.0
988.0,930.0
987.0,930.0
988.0,931.0
984.0,930.0
986.0,930.0
986.0,930.0
985.0,930.0
985.0,930.0
985.0,929.0
986.0,926.0
985.0,923.0
987.0,917.0
986.0,915.0
985.0,914.0
984.0,914.0
984.0,915.0
983.0,915.0
984.0,915.0
984.0,915.0
984.0,914.0
984.0,914.0
984.0,915.0
983.0,914.0
983.0,914.0
983.0,914.0
983.0,914.0
982.0,913.0
983.0,913.0
983.0,912.0
986.0,911.0
983.0,908.0
983.0,909.0
982.0,908.0
982.0,908.0
983.0,906.0
982.0,907.0
982.0,906.0
981.0,907.0
982.0,907.0
981.0,907.0
981.0,907.0
983.0,905.0
988.0,907.0
989.0,907.0
985.0,903.0
989.0,905.0
990.0,904.0
990.0,904.0
989.0,904.0
989.0,904.0
989.0,904.0
991.0,904.0
991.0,904.0
992.0,905.0
992.0,905.0
992.0,905.0
992.0,904.0
992.0,904.0
992.0,905.0
992.0,903.0
991.0,903.0
991.0,903.0
991.0,904.0
991.0,903.0
991.0,903.0
