x,y
704.0,116.0
704.0,104.0
706.0,98.0
722.0,81.0
727.0,66.0
717.0,67.0
712.0,71.0
692.0,78.0
683.0,94.0
665.0,106.0
640.0,120.0
618.0,130.0
601.0,148.0
591.0,155.0
581.0,161.0
578.0,177.0
572.0,185.0
563.0,188.0
557.0,191.0
548.0,195.0
546.0,193.0
544.0,194.0
538.0,187.0
532.0,173.0
523.0,155.0
520.0,142.0
507.0,120.0
495.0,107.0
480.0,94.0
465.0,90.0
452.0,95.0
438.0,103.0
425.0,111.0
416.0,122.0
412.0,134.0
403.0,157.0
394.0,177.0
371.0,199.0
368.0,226.0
366.0,263.0
354.0,297.0
345.0,328.0
325.0,367.0
303.0,400.0
288.0,434.0
277.0,471.0
278.0,504.0
277.0,541.0
292.0,594.0
301.0,632.0
289.0,665.0
288.0,689.0
276.0,717.0
266.0,739.0
254.0,753.0
235.0,758.0
229.0,753.0
212.0,762.0
192.0,763.0
178.0,764.0
167.0,772.0
164.0,759.0
154.0,761.0
153.0,766.0
141.0,770.0
127.0,779.0
96.0,785.0
68.0,792.0
29.0,806.0
4.0,827.0
