x,y
669.0,508.0
668.0,507.0
669.0,507.0
670.0,506.0
670.0,505.0
670.0,506.0
671.0,505.0
671.0,505.0
672.0,505.0
673.0,503.0
672.0,503.0
672.0,502.0
672.0,502.0
672.0,502.0
671.0,501.0
671.0,501.0
671.0,501.0
671.0,502.0
670.0,501.0
670.0,501.0
670.0,500.0
671.0,500.0
671.0,500.0
671.0,500.0
671.0,500.0
671.0,499.0
671.0,498.0
671.0,499.0
671.0,499.0
671.0,498.0
671.0,499.0
670.0,500.0
672.0,500.0
672.0,498.0
672.0,498.0
672.0,498.0
671.0,498.0
671.0,497.0
671.0,497.0
671.0,497.0
671.0,497.0
672.0,497.0
670.0,496.0
670.0,496.0
670.0,496.0
670.0,495.0
672.0,496.0
672.0,497.0
672.0,496.0
672.0,496.0
673.0,495.0
673.0,496.0
673.0,497.0
673.0,498.0
674.0,499.0
674.0,499.0
674.0,499.0
675.0,498.0
675.0,498.0
675.0,498.0
675.0,498.0
675.0,497.0
676.0,497.0
675.0,497.0
675.0,498.0
676.0,497.0
677.0,497.0
677.0,497.0
676.0,498.0
681.0,504.0
680.0,503.0
676.0,497.0
676.0,497.0
677.0,497.0
677.0,497.0
674.0,497.0
668.0,487.0
675.0,497.0
675.0,497.0
676.0,496.0
676.0,497.0
676.0,497.0
674.0,497.0
673.0,497.0
675.0,496.0
676.0,496.0
676.0,495.0
674.0,496.0
675.0,496.0
680.0,503.0
681.0,504.0
681.0,504.0
681.0,504.0
680.0,504.0
675.0,496.0
675.0,496.0
676.0,497.0
679.0,502.0
679.0,503.0
673.0,498.0
