x,y
892.0,550.0
891.0,547.0
893.0,551.0
895.0,551.0
893.0,547.0
892.0,545.0
892.0,547.0
892.0,545.0
894.0,545.0
893.0,545.0
893.0,546.0
895.0,551.0
892.0,546.0
895.0,551.0
896.0,553.0
896.0,552.0
896.0,552.0
896.0,552.0
897.0,549.0
895.0,545.0
896.0,545.0
895.0,545.0
895.0,545.0
895.0,544.0
896.0,544.0
895.0,545.0
895.0,546.0
895.0,545.0
896.0,545.0
895.0,545.0
895.0,546.0
895.0,546.0
895.0,546.0
896.0,547.0
897.0,544.0
898.0,545.0
898.0,544.0
898.0,544.0
897.0,544.0
897.0,545.0
898.0,544.0
898.0,543.0
899.0,541.0
899.0,541.0
898.0,541.0
898.0,541.0
897.0,541.0
898.0,542.0
898.0,542.0
898.0,542.0
898.0,541.0
898.0,542.0
898.0,542.0
898.0,543.0
898.0,543.0
898.0,543.0
898.0,543.0
899.0,543.0
898.0,544.0
899.0,543.0
899.0,542.0
899.0,542.0
899.0,542.0
900.0,542.0
899.0,542.0
899.0,541.0
899.0,540.0
899.0,541.0
899.0,540.0
900.0,540.0
899.0,540.0
899.0,540.0
899.0,539.0
898.0,538.0
897.0,536.0
895.0,534.0
893.0,534.0
894.0,535.0
893.0,535.0
892.0,534.0
891.0,534.0
891.0,535.0
891.0,535.0
892.0,535.0
892.0,535.0
892.0,536.0
892.0,536.0
894.0,535.0
893.0,535.0
892.0,535.0
893.0,535.0
893.0,535.0
893.0,535.0
892.0,535.0
892.0,534.0
891.0,534.0
892.0,533.0
892.0,533.0
892.0,534.0
892.0,533.0
