x,y
1174.0,1042.0
1176.0,1021.0
1175.0,1005.0
1168.0,993.0
1158.0,987.0
1145.0,976.0
1137.0,973.0
1128.0,972.0
1121.0,962.0
1114.0,945.0
1102.0,933.0
1098.0,921.0
1099.0,920.0
1088.0,908.0
1088.0,898.0
1075.0,901.0
1075.0,897.0
1070.0,899.0
1062.0,899.0
1058.0,898.0
1059.0,899.0
1056.0,904.0
1052.0,897.0
1053.0,899.0
1053.0,900.0
1053.0,901.0
1053.0,903.0
1054.0,903.0
1054.0,903.0
1053.0,905.0
1054.0,905.0
1054.0,902.0
1055.0,902.0
1055.0,901.0
1055.0,902.0
1055.0,901.0
1055.0,901.0
1055.0,901.0
1055.0,901.0
1055.0,902.0
1055.0,902.0
1055.0,901.0
1055.0,900.0
1056.0,900.0
1056.0,899.0
1054.0,900.0
1054.0,900.0
1054.0,901.0
1054.0,901.0
1054.0,900.0
1054.0,899.0
1053.0,898.0
1053.0,899.0
1052.0,899.0
1052.0,899.0
1052.0,900.0
1050.0,900.0
1050.0,900.0
1049.0,901.0
1050.0,900.0
1049.0,901.0
1048.0,901.0
1049.0,901.0
1052.0,904.0
1050.0,903.0
1050.0,903.0
1048.0,902.0
1049.0,903.0
1049.0,903.0
1050.0,903.0
1049.0,903.0
1049.0,903.0
1048.0,902.0
1048.0,902.0
1049.0,902.0
1050.0,903.0
1050.0,904.0
1050.0,904.0
1050.0,904.0
1050.0,904.0
1050.0,904.0
1050.0,904.0
1049.0,905.0
1049.0,905.0
1049.0,906.0
1048.0,908.0
1048.0,909.0
1048.0,909.0
1048.0,910.0
1049.0,909.0
1049.0,910.0
1049.0,909.0
1050.0,910.0
1049.0,910.0
1046.0,912.0
1044.0,914.0
1043.0,915.0
1044.0,915.0
1044.0,916.0
1044.0,916.0
