x,y
646.0,1036.0
637.0,1015.0
631.0,993.0
622.0,981.0
613.0,972.0
610.0,961.0
610.0,958.0
616.0,956.0
614.0,955.0
619.0,948.0
628.0,953.0
621.0,953.0
611.0,950.0
595.0,935.0
576.0,925.0
565.0,919.0
541.0,904.0
528.0,888.0
510.0,884.0
486.0,876.0
466.0,865.0
453.0,851.0
451.0,853.0
446.0,857.0
453.0,857.0
458.0,855.0
464.0,848.0
468.0,841.0
469.0,844.0
469.0,840.0
467.0,841.0
469.0,843.0
466.0,842.0
470.0,840.0
474.0,836.0
472.0,837.0
471.0,835.0
471.0,836.0
471.0,835.0
471.0,835.0
471.0,835.0
472.0,835.0
472.0,835.0
472.0,834.0
472.0,835.0
472.0,835.0
472.0,835.0
472.0,836.0
473.0,836.0
472.0,834.0
473.0,834.0
472.0,833.0
472.0,833.0
473.0,833.0
472.0,834.0
472.0,834.0
472.0,833.0
472.0,833.0
471.0,834.0
472.0,833.0
470.0,833.0
471.0,832.0
472.0,830.0
470.0,828.0
471.0,828.0
471.0,827.0
472.0,828.0
471.0,826.0
472.0,826.0
472.0,827.0
471.0,827.0
471.0,826.0
471.0,827.0
471.0,827.0
471.0,826.0
471.0,826.0
472.0,827.0
473.0,827.0
475.0,828.0
475.0,828.0
475.0,828.0
476.0,828.0
476.0,829.0
476.0,827.0
475.0,827.0
476.0,826.0
476.0,825.0
476.0,824.0
477.0,823.0
477.0,824.0
476.0,823.0
477.0,823.0
476.0,823.0
475.0,824.0
479.0,821.0
478.0,820.0
472.0,818.0
476.0,816.0
477.0,816.0
474.0,821.0
