x,y
43.0,639.0
251.0,732.0
467.0,808.0
671.0,864.0
869.0,897.0
1043.0,894.0
1178.0,865.0
1274.0,814.0
1331.0,761.0
1362.0,733.0
1380.0,695.0
1383.0,672.0
1368.0,643.0
1333.0,630.0
1294.0,604.0
1251.0,598.0
1209.0,603.0
1171.0,605.0
1138.0,624.0
1112.0,639.0
1097.0,645.0
1088.0,641.0
1083.0,643.0
1088.0,641.0
1084.0,639.0
1086.0,639.0
1086.0,638.0
1086.0,640.0
1085.0,638.0
1087.0,640.0
1087.0,640.0
1086.0,641.0
1086.0,635.0
1087.0,638.0
1084.0,627.0
1085.0,604.0
1084.0,583.0
1077.0,561.0
1069.0,549.0
1071.0,546.0
1089.0,541.0
1113.0,540.0
1148.0,547.0
1192.0,549.0
1253.0,542.0
1322.0,541.0
1398.0,535.0
1481.0,519.0
1583.0,499.0
1692.0,477.0
1801.0,446.0
1906.0,414.0
