x,y
672.0,364.0
680.0,402.0
679.0,448.0
685.0,483.0
691.0,531.0
686.0,570.0
688.0,607.0
692.0,650.0
688.0,699.0
684.0,730.0
668.0,752.0
655.0,771.0
641.0,781.0
634.0,776.0
638.0,783.0
631.0,796.0
634.0,807.0
642.0,827.0
654.0,838.0
666.0,847.0
674.0,856.0
683.0,857.0
690.0,870.0
686.0,869.0
696.0,863.0
696.0,855.0
701.0,839.0
703.0,830.0
709.0,826.0
714.0,825.0
711.0,824.0
712.0,824.0
712.0,825.0
711.0,825.0
711.0,825.0
711.0,825.0
711.0,825.0
711.0,825.0
712.0,826.0
711.0,825.0
711.0,826.0
712.0,825.0
711.0,825.0
711.0,825.0
712.0,824.0
712.0,824.0
712.0,824.0
712.0,824.0
712.0,823.0
712.0,823.0
713.0,822.0
713.0,822.0
712.0,823.0
710.0,821.0
709.0,820.0
708.0,819.0
708.0,820.0
708.0,820.0
707.0,820.0
708.0,819.0
708.0,818.0
708.0,818.0
708.0,818.0
707.0,818.0
707.0,819.0
707.0,819.0
707.0,818.0
707.0,819.0
707.0,819.0
706.0,818.0
706.0,819.0
706.0,818.0
704.0,818.0
702.0,813.0
700.0,815.0
701.0,812.0
699.0,814.0
699.0,815.0
698.0,814.0
698.0,816.0
698.0,815.0
698.0,814.0
698.0,813.0
698.0,813.0
697.0,813.0
698.0,812.0
697.0,814.0
696.0,815.0
696.0,813.0
695.0,814.0
695.0,813.0
695.0,813.0
695.0,814.0
695.0,814.0
696.0,814.0
697.0,812.0
697.0,811.0
696.0,810.0
696.0,809.0
696.0,808.0
