x,y
542.0,808.0
580.0,820.0
654.0,811.0
754.0,766.0
839.0,737.0
919.0,726.0
963.0,734.0
969.0,753.0
941.0,783.0
920.0,817.0
918.0,838.0
932.0,847.0
960.0,844.0
979.0,854.0
994.0,860.0
990.0,872.0
989.0,873.0
995.0,886.0
989.0,888.0
989.0,888.0
991.0,886.0
991.0,886.0
994.0,884.0
994.0,882.0
994.0,883.0
992.0,883.0
992.0,883.0
993.0,883.0
992.0,883.0
992.0,883.0
991.0,883.0
992.0,883.0
992.0,885.0
988.0,886.0
989.0,886.0
985.0,888.0
984.0,888.0
985.0,889.0
984.0,890.0
985.0,890.0
985.0,889.0
984.0,890.0
984.0,891.0
984.0,891.0
983.0,892.0
984.0,891.0
984.0,891.0
984.0,891.0
984.0,890.0
984.0,890.0
985.0,891.0
988.0,890.0
988.0,891.0
992.0,889.0
993.0,889.0
995.0,889.0
995.0,889.0
996.0,889.0
995.0,889.0
995.0,889.0
996.0,889.0
995.0,890.0
996.0,890.0
995.0,890.0
995.0,890.0
997.0,889.0
997.0,891.0
999.0,893.0
1001.0,893.0
1001.0,893.0
1001.0,893.0
1001.0,895.0
1002.0,894.0
1003.0,895.0
1003.0,894.0
1003.0,894.0
1003.0,895.0
1003.0,895.0
1003.0,895.0
1003.0,895.0
1003.0,894.0
1003.0,895.0
1003.0,894.0
1004.0,895.0
1002.0,896.0
1003.0,895.0
1004.0,895.0
1003.0,896.0
1003.0,896.0
1002.0,897.0
1001.0,898.0
1003.0,896.0
1003.0,895.0
1003.0,896.0
1003.0,896.0
1003.0,896.0
1004.0,897.0
1004.0,897.0
1004.0,900.0
1007.0,902.0
