x,y
1426.3076923076924,691.1538461538462
1426.4615384615386,691.2307692307693
1426.6153846153845,691.3076923076923
1426.7692307692307,691.3846153846154
1426.923076923077,691.4615384615385
1427.076923076923,691.5384615384615
1427.2307692307693,691.6153846153846
1427.3846153846155,691.6923076923077
1427.5384615384614,691.7692307692307
1427.6923076923076,691.8461538461538
1427.8461538461538,691.9230769230769
1428.0,692.0
1429.0,692.0
1428.0,693.0
1428.0,693.0
1428.0,693.0
1428.0,694.0
1430.0,695.0
1430.0,696.0
1431.0,696.0
1434.0,697.0
1432.0,696.0
1437.0,697.0
1436.0,697.0
1432.0,694.0
1432.0,694.0
1432.0,695.0
1432.0,694.0
1433.0,694.0
1432.0,694.0
1433.0,694.0
1433.0,693.0
1432.0,694.0
1433.0,695.0
1434.0,694.0
1431.0,695.0
1431.0,696.0
1431.0,696.0
1431.0,698.0
1431.0,698.0
1430.0,699.0
1430.0,699.0
1430.0,701.0
1429.0,704.0
1430.0,703.0
1430.0,703.0
1433.0,705.0
1429.0,705.0
1429.0,705.0
1429.0,707.0
1430.0,707.0
1425.0,713.0
1430.0,722.0
1431.0,720.0
1444.0,712.0
1444.0,717.0
1445.0,716.0
1440.0,716.0
1439.0,708.0
1441.0,708.0
1443.0,710.0
1445.0,713.0
1441.0,724.0
1429.0,734.0
1425.0,738.0
1413.0,747.0
1409.0,759.0
1403.0,766.0
1401.0,769.0
1393.0,779.0
1385.0,787.0
1388.0,799.0
1387.0,800.0
1381.0,802.0
1378.0,805.0
1374.0,809.0
1372.0,818.0
1379.0,834.0
1388.0,850.0
1386.0,864.0
1382.0,878.0
1376.0,893.0
1372.0,905.0
1368.0,921.0
1359.0,935.0
1352.0,967.0
1352.0,999.0
1335.0,1018.0
1327.0,1052.0
1325.0,1064.0
1336.0,1077.0
1347.25,1076.75
1358.5,1076.5
1369.75,1076.25
1381.0,1076.0
1379.0,1073.0
1379.0,1072.0
1374.0,1072.0
1367.0,1069.0
1357.0,1067.0
