x,y
1313.0,531.0
1314.0,531.0
1314.0,530.0
1314.0,530.0
1314.0,530.0
1314.0,531.0
1310.0,540.0
1306.0,549.0
1306.0,548.0
1307.0,549.0
1307.0,550.0
1306.0,550.0
1307.0,550.0
1307.0,550.0
1305.0,549.0
1304.909090909091,549.0909090909091
1304.8181818181818,549.1818181818181
1304.7272727272727,549.2727272727273
1304.6363636363637,549.3636363636364
1304.5454545454545,549.4545454545455
1304.4545454545455,549.5454545454545
1304.3636363636363,549.6363636363636
1304.2727272727273,549.7272727272727
1304.1818181818182,549.8181818181819
1304.090909090909,549.9090909090909
1304.0,550.0
1304.0,550.0
1304.0,549.0
1296.0,535.0
1298.3333333333333,536.3333333333334
1300.6666666666667,537.6666666666666
1303.0,539.0
1313.0,532.0
1312.0,534.0
1313.0,534.0
1314.0,532.0
1315.0,534.0
1317.0,532.0
1319.0,531.0
1321.0,520.0
1320.0,509.0
1320.0,501.0
1318.0,491.0
1316.0,481.0
