x,y
844.0,926.0
896.0,834.0
915.0,740.0
912.0,624.0
884.0,522.0
845.0,414.0
797.0,308.0
740.0,199.0
684.0,85.0
681.6808510638298,85.91489361702128
679.3617021276596,86.82978723404256
677.0425531914893,87.74468085106383
674.7234042553191,88.65957446808511
672.4042553191489,89.57446808510639
670.0851063829788,90.48936170212767
667.7659574468086,91.40425531914893
665.4468085106383,92.31914893617021
663.1276595744681,93.23404255319149
660.8085106382979,94.14893617021276
658.4893617021277,95.06382978723404
656.1702127659574,95.97872340425532
653.8510638297872,96.8936170212766
651.531914893617,97.80851063829788
649.2127659574468,98.72340425531915
646.8936170212766,99.63829787234043
644.5744680851063,100.5531914893617
642.2553191489362,101.46808510638297
639.936170212766,102.38297872340425
637.6170212765958,103.29787234042553
635.2978723404256,104.2127659574468
632.9787234042553,105.12765957446808
630.6595744680851,106.04255319148936
628.3404255319149,106.95744680851064
626.0212765957447,107.87234042553192
623.7021276595744,108.7872340425532
621.3829787234042,109.70212765957447
619.063829787234,110.61702127659575
616.7446808510638,111.53191489361703
614.4255319148937,112.4468085106383
612.1063829787234,113.36170212765957
609.7872340425532,114.27659574468085
607.468085106383,115.19148936170212
605.1489361702128,116.1063829787234
602.8297872340426,117.02127659574468
600.5106382978723,117.93617021276596
598.1914893617021,118.85106382978724
595.8723404255319,119.7659574468085
593.5531914893617,120.68085106382978
591.2340425531916,121.59574468085106
588.9148936170213,122.51063829787233
586.5957446808511,123.42553191489361
584.2765957446809,124.34042553191489
581.9574468085107,125.25531914893617
579.6382978723404,126.17021276595744
577.3191489361702,127.08510638297872
575.0,128.0
