x,y
1600.0,478.0
1608.0,485.0
1622.0,479.1111111111111
1636.0,473.22222222222223
1650.0,467.3333333333333
1664.0,461.44444444444446
1678.0,455.55555555555554
1692.0,449.6666666666667
1706.0,443.77777777777777
1720.0,437.8888888888889
1734.0,432.0
1748.0,429.0
1751.0,416.0
1779.0,411.0
1804.0,405.0
1821.0,393.0
1841.0,382.0
1833.0,380.0
1804.0,391.0
1791.0,404.0
1781.0,420.0
1772.0,431.0
1766.0,442.0
1768.0,442.0
1774.0,446.0
1772.0,437.0
1784.0,439.0
1776.0,443.0
1772.0,450.0
1769.0,453.0
1769.0,454.0
1772.0,454.0
1776.0,457.0
1785.0,461.0
1785.0,469.0
1798.0,458.0
1802.0,445.0
1790.0,444.0
1780.0,471.0
1778.0,478.0
1779.0,486.0
1774.0,492.0
1776.0,504.0
1784.0,517.0
1790.0,531.0
1797.0,542.0
1801.0,546.0
1803.0,550.0
1800.0,549.0
1796.0,552.0
1794.0,548.0
1782.0,558.0
1778.0,559.0
1764.0,559.0
1748.0,549.0
1743.0,544.0
1727.0,551.0
1721.0,552.0
1714.0,553.0
1718.0,550.0
1720.0,550.0
1719.0,548.0
1721.0,548.0
1721.0,547.0
1718.0,552.0
1717.0,549.0
1727.0,562.0
1725.0,567.0
1715.0,565.0
1695.0,561.0
1682.0,561.0
1674.0,564.0
1671.0,575.0
1667.0,593.0
1666.0,614.0
1659.0,624.0
1654.0,641.0
1642.0,655.0
1626.0,663.0
1614.0,671.0
1587.0,669.0
1570.0,666.0
1551.0,659.0
1538.0,658.0
1526.0,659.0
1517.0,655.0
1505.0,656.0
1507.0,669.0
1510.0,679.0
1509.0,697.0
1500.0,715.0
1515.0,737.0
1508.0,761.0
1515.0,789.0
1515.0,806.0
1509.0,824.0
1527.0,842.0
1533.0,837.0
1525.0,840.0
1528.0,848.0
