x,y
1780.0,98.0
1746.0,145.0
1699.0,193.0
1695.0,241.0
1672.0,288.0
1647.0,321.0
1631.0,350.0
1619.0,373.0
1614.0,388.0
1609.0,397.0
1609.0,399.0
1607.0,398.0
1604.0,389.0
1593.0,375.0
1581.0,368.0
1553.0,366.0
1532.0,373.0
1514.0,379.0
1489.0,387.0
1473.0,396.0
1461.0,406.0
1450.0,406.0
1452.0,402.0
1453.0,402.0
1446.0,409.0
1439.0,419.0
1436.0,414.0
1436.0,414.0
1440.0,411.0
1440.0,408.0
1443.0,407.0
1443.0,407.0
1443.0,406.0
1442.0,407.0
1442.0,409.0
1443.0,406.0
1445.0,405.0
1444.0,405.0
1443.0,403.0
1444.0,408.0
1444.0,406.0
1444.0,406.0
1444.0,406.0
1444.0,406.0
1444.0,408.0
1443.0,407.0
1443.0,406.0
1443.0,406.0
1443.0,406.0
1443.0,407.0
1443.0,407.0
1443.0,406.0
1443.0,406.0
1443.0,406.0
1442.0,406.0
1441.0,404.0
1440.0,404.0
1439.0,404.0
1437.0,402.0
1438.0,403.0
1440.0,405.0
1440.0,405.0
1439.0,405.0
1438.0,402.0
1438.0,405.0
1436.0,402.0
1436.0,402.0
1438.0,403.0
1438.0,404.0
1437.0,403.0
1437.0,404.0
1437.0,404.0
1438.0,406.0
1438.0,406.0
1436.0,403.0
1436.0,402.0
1436.0,402.0
1438.0,404.0
1436.0,400.0
1436.0,400.0
1438.0,403.0
1439.0,403.0
1439.0,402.0
1436.0,398.0
1440.0,401.0
1439.0,401.0
1438.0,401.0
1438.0,401.0
1438.0,402.0
1438.0,402.0
1438.0,402.0
1439.0,401.0
1439.0,401.0
1435.0,397.0
1441.0,401.0
1434.0,397.0
1442.0,397.0
1442.0,397.0
1442.0,397.0
1441.0,396.0
