x,y
450.0,742.0
450.0,742.0
449.0,743.0
449.0,741.0
448.0,740.0
442.0,732.0
442.0,732.0
443.0,732.0
448.0,735.0
447.0,736.0
447.0,737.0
446.0,738.0
445.0,739.0
445.0,739.0
444.0,741.0
442.0,744.0
441.0,748.0
440.0,747.0
437.0,751.0
431.0,764.0
422.0,768.0
405.0,784.0
385.0,786.0
378.0,790.0
377.0,793.0
366.0,811.0
355.0,840.0
346.0,863.0
322.0,872.0
294.0,872.0
273.0,867.0
251.0,857.0
239.0,851.0
231.0,851.0
229.0,852.0
226.0,853.0
224.0,849.0
226.0,849.0
219.0,855.0
209.0,863.0
206.0,864.0
199.0,868.0
197.0,866.0
191.0,869.0
191.0,871.0
192.0,872.0
187.0,868.0
186.0,867.0
185.0,868.0
186.0,865.0
178.0,876.0
169.0,905.0
154.0,935.0
124.0,962.0
88.0,977.0
47.0,989.0
4.0,999.0
