x,y
1423.0,852.0
1423.0,852.0
1423.0,852.0
1423.0,852.0
1423.0,852.0
1422.0,851.0
1426.0,849.0
1422.0,849.0
1422.0,849.0
1423.0,848.0
1424.0,846.0
1425.0,845.0
1427.0,844.0
1428.0,844.0
1428.0,844.0
1427.0,844.0
1427.0,844.0
1426.0,844.0
1427.0,844.0
1428.0,844.0
1429.0,842.0
1429.0,842.0
1428.0,844.0
1428.0,846.0
1428.0,849.0
1429.0,854.0
1430.0,853.0
1437.0,850.0
1435.0,849.0
1426.0,854.0
1417.0,858.0
1406.0,863.0
1403.0,864.0
1402.0,871.0
1398.0,868.0
1405.0,874.0
1409.0,869.0
1395.0,854.0
1389.0,854.0
1388.0,855.0
1385.0,857.0
1391.0,864.0
1392.0,871.0
1398.0,874.0
1406.0,875.0
1413.0,872.0
1412.0,882.0
1416.0,889.0
1413.0,906.0
1402.0,914.0
1418.0,961.0
1424.0,988.0
1416.0,1011.0
1414.0,1032.0
1413.0,1055.0
1411.0,1070.0
1412.3846153846155,1069.423076923077
1413.7692307692307,1068.8461538461538
1415.1538461538462,1068.2692307692307
1416.5384615384614,1067.6923076923076
1417.923076923077,1067.1153846153845
1419.3076923076924,1066.5384615384614
1420.6923076923076,1065.9615384615386
1422.076923076923,1065.3846153846155
1423.4615384615386,1064.8076923076924
1424.8461538461538,1064.2307692307693
1426.2307692307693,1063.6538461538462
1427.6153846153845,1063.076923076923
1429.0,1062.5
1430.3846153846155,1061.923076923077
1431.7692307692307,1061.3461538461538
1433.1538461538462,1060.7692307692307
1434.5384615384614,1060.1923076923076
1435.923076923077,1059.6153846153845
1437.3076923076924,1059.0384615384614
1438.6923076923076,1058.4615384615386
1440.076923076923,1057.8846153846155
1441.4615384615386,1057.3076923076924
1442.8461538461538,1056.7307692307693
1444.2307692307693,1056.1538461538462
1445.6153846153845,1055.576923076923
1447.0,1055.0
1447.142857142857,1055.4285714285713
1447.2857142857142,1055.857142857143
1447.4285714285713,1056.2857142857142
1447.5714285714287,1056.7142857142858
1447.7142857142858,1057.142857142857
1447.857142857143,1057.5714285714287
1448.0,1058.0
1448.0,1059.0
1448.7142857142858,1060.4285714285713
1449.4285714285713,1061.857142857143
1450.142857142857,1063.2857142857142
1450.857142857143,1064.7142857142858
1451.5714285714287,1066.142857142857
1452.2857142857142,1067.5714285714287
1453.0,1069.0
