x,y
439.0,815.0
439.0,815.0
437.0,816.0
437.0,817.0
436.0,817.0
436.0,817.0
436.0,816.0
436.0,817.0
436.0,818.0
436.0,818.0
436.0,816.0
437.0,815.0
437.0,816.0
435.0,817.0
434.0,822.0
434.0,823.0
434.0,824.0
435.0,825.0
434.0,824.0
434.0,825.0
434.0,825.0
434.0,825.0
434.0,826.0
434.0,826.0
434.0,826.0
433.0,826.0
434.0,826.0
433.0,826.0
434.0,827.0
434.0,828.0
433.0,830.0
433.0,831.0
433.0,831.0
433.0,830.0
432.0,832.0
433.0,833.0
433.0,834.0
433.0,836.0
432.0,838.0
433.0,837.0
433.0,837.0
432.0,836.0
433.0,838.0
433.0,837.0
432.0,838.0
433.0,838.0
434.0,838.0
434.0,836.0
435.0,838.0
434.0,839.0
435.0,840.0
435.0,840.0
436.0,841.0
435.0,841.0
435.0,841.0
435.0,842.0
435.0,842.0
436.0,843.0
436.0,842.0
436.0,843.0
437.0,843.0
438.0,843.0
438.0,843.0
437.0,843.0
437.0,844.0
438.0,844.0
437.0,844.0
437.0,845.0
437.0,845.0
437.0,845.0
437.0,844.0
437.0,844.0
437.0,844.0
438.0,844.0
439.0,844.0
439.0,844.0
438.0,845.0
438.0,845.0
438.0,846.0
437.0,846.0
436.0,846.0
437.0,847.0
437.0,846.0
438.0,846.0
441.0,847.0
445.0,847.0
444.0,848.0
443.0,848.0
444.0,847.0
445.0,846.0
446.0,847.0
445.0,847.0
445.0,847.0
444.0,847.0
444.0,847.0
444.0,847.0
445.0,847.0
445.0,847.0
445.0,847.0
445.0,847.0
