x,y
212.0,808.0
212.0,795.0
215.0,778.0
232.0,760.0
257.0,744.0
306.0,725.0
369.0,710.0
439.0,691.0
495.0,677.0
575.0,673.0
649.0,661.0
736.0,673.0
814.0,687.0
894.0,712.0
958.0,734.0
1004.0,746.0
1049.0,747.0
1079.0,739.0
1091.0,715.0
1091.0,697.0
1092.0,702.0
1084.0,694.0
1087.0,688.0
1083.0,692.0
1082.0,683.0
1088.0,686.0
1084.0,680.0
1086.0,677.0
1086.0,671.0
1087.0,670.0
1085.0,668.0
1087.0,666.0
1091.0,662.0
1093.0,660.0
1095.0,653.0
1093.0,651.0
1088.0,644.0
1095.0,633.0
1089.0,623.0
1094.0,620.0
1098.0,619.0
1094.0,617.0
1096.0,623.0
1098.0,622.0
1094.0,618.0
1100.0,626.0
1096.0,620.0
1098.0,625.0
1100.0,624.0
1099.0,625.0
1099.0,624.0
1099.0,624.0
1099.0,625.0
1099.0,625.0
1097.0,619.0
1099.0,624.0
1093.0,622.0
1093.0,621.0
1099.0,624.0
1099.0,623.0
1098.0,622.0
1098.0,619.0
1097.0,618.0
1096.0,614.0
1097.0,613.0
1099.0,612.0
1100.0,611.0
1100.0,609.0
1100.0,609.0
1101.0,609.0
1102.0,609.0
1102.0,610.0
1101.0,610.0
1102.0,609.0
1102.0,610.0
1102.0,609.0
1102.0,609.0
1103.0,608.0
1103.0,608.0
1103.0,608.0
1104.0,608.0
1105.0,609.0
1105.0,609.0
1101.0,609.0
1102.0,610.0
1101.0,608.0
1102.0,607.0
1100.0,607.0
1100.0,606.0
1100.0,605.0
1099.0,606.0
1099.0,605.0
1099.0,605.0
1100.0,605.0
1101.0,606.0
1104.0,607.0
1106.0,607.0
1106.0,608.0
1104.0,609.0
1107.0,608.0
