x,y
469.0,202.0
469.0,202.0
469.0,202.0
466.0,200.0
469.0,202.0
468.0,202.0
470.0,201.0
466.0,200.0
466.0,200.0
466.0,200.0
465.0,200.0
466.0,200.0
466.0,200.0
466.0,200.0
466.0,200.0
466.0,200.0
466.0,200.0
466.0,200.0
466.0,200.0
466.0,200.0
466.0,201.0
470.0,202.0
469.0,202.0
466.0,200.0
466.0,199.0
467.0,199.0
467.0,199.0
470.0,199.0
470.0,198.0
471.0,197.0
471.0,198.0
470.0,198.0
471.0,199.0
470.0,199.0
469.0,200.0
469.0,200.0
469.0,201.0
468.0,201.0
468.0,201.0
468.0,201.0
468.0,201.0
468.0,201.0
467.0,201.0
468.0,201.0
467.0,201.0
467.0,202.0
467.0,202.0
466.0,202.0
465.0,201.0
465.0,202.0
466.0,203.0
467.0,204.0
466.0,204.0
466.0,204.0
467.0,204.0
467.0,204.0
467.0,205.0
469.0,208.0
469.0,207.0
469.0,208.0
467.0,209.0
463.0,206.0
462.0,207.0
460.0,207.0
461.0,207.0
459.0,210.0
460.0,207.0
460.0,206.0
460.0,205.0
460.0,206.0
461.0,210.0
459.0,205.0
458.0,205.0
460.0,205.0
460.0,205.0
460.0,210.0
460.0,206.0
459.0,206.0
459.0,206.0
458.0,206.0
456.0,206.0
458.0,205.0
459.0,205.0
458.0,204.0
459.0,204.0
458.0,204.0
458.0,204.0
458.0,205.0
457.0,205.0
455.0,207.0
456.0,207.0
456.0,206.0
456.0,207.0
458.0,206.0
458.0,207.0
458.0,207.0
458.0,207.0
458.0,208.0
457.0,207.0
456.0,207.0
