x,y
812.0,834.0
813.0,834.0
812.0,834.0
812.0,834.0
811.0,834.0
811.0,834.0
811.0,835.0
808.0,832.0
811.0,834.0
811.0,834.0
811.0,834.0
809.0,831.0
813.0,833.0
813.0,832.0
813.0,833.0
813.0,833.0
813.0,833.0
813.0,832.0
813.0,832.0
813.0,832.0
813.0,832.0
813.0,832.0
813.0,832.0
813.0,832.0
813.0,832.0
813.0,833.0
813.0,831.0
815.0,831.0
815.0,830.0
816.0,830.0
816.0,830.0
816.0,829.0
816.0,830.0
817.0,830.0
817.0,829.0
818.0,829.0
819.0,829.0
818.0,829.0
818.0,828.0
818.0,829.0
818.0,829.0
817.0,829.0
817.0,829.0
816.0,829.0
816.0,829.0
816.0,829.0
816.0,829.0
815.0,829.0
816.0,830.0
818.0,832.0
820.0,830.0
821.0,830.0
821.0,830.0
821.0,830.0
821.0,830.0
821.0,830.0
821.0,831.0
821.0,831.0
820.0,831.0
821.0,832.0
821.0,832.0
821.0,833.0
822.0,833.0
825.0,834.0
825.0,835.0
825.0,835.0
825.0,836.0
825.0,836.0
825.0,836.0
825.0,836.0
825.0,836.0
825.0,838.0
825.0,840.0
825.0,840.0
825.0,839.0
825.0,838.0
825.0,838.0
825.0,839.0
824.0,838.0
824.0,838.0
824.0,839.0
824.0,838.0
824.0,840.0
825.0,841.0
825.0,841.0
825.0,842.0
824.0,842.0
824.0,842.0
824.0,842.0
824.0,842.0
824.0,842.0
824.0,841.0
824.0,841.0
823.0,840.0
821.0,840.0
820.0,840.0
821.0,841.0
819.0,839.0
818.0,837.0
818.0,837.0
