x,y
143.0,50.0
143.0,49.0
143.0,49.0
144.0,50.0
144.0,49.0
145.0,52.0
145.0,52.0
145.0,52.0
145.0,52.0
144.0,51.0
144.0,49.0
145.0,49.0
146.0,50.0
145.0,50.0
145.0,50.0
146.0,49.0
145.0,48.0
145.0,49.0
144.0,49.0
144.0,49.0
144.0,50.0
144.0,50.0
144.0,49.0
145.0,50.0
145.0,50.0
144.0,49.0
146.0,48.0
146.0,48.0
146.0,48.0
145.0,47.0
144.0,48.0
144.0,49.0
144.0,50.0
143.0,49.0
144.0,49.0
142.0,49.0
144.0,50.0
144.0,50.0
144.0,50.0
144.0,50.0
143.0,50.0
143.0,50.0
144.0,49.0
141.0,49.0
141.0,49.0
141.0,48.0
141.0,48.0
140.0,48.0
141.0,48.0
139.0,49.0
138.0,49.0
137.0,51.0
137.0,52.0
136.0,52.0
137.0,52.0
137.0,52.0
136.0,53.0
137.0,52.0
136.0,54.0
137.0,53.0
138.0,53.0
137.0,52.0
138.0,52.0
137.0,51.0
137.0,51.0
137.0,51.0
137.0,51.0
137.0,50.0
136.0,51.0
136.0,50.0
136.0,50.0
136.0,50.0
136.0,51.0
136.0,51.0
136.0,52.0
136.0,51.0
135.0,53.0
135.0,53.0
136.0,50.0
134.0,51.0
133.0,52.0
133.0,51.0
136.0,51.0
135.0,52.0
136.0,51.0
135.0,52.0
134.0,51.0
133.0,51.0
133.0,50.0
133.0,49.0
132.0,49.0
133.0,50.0
133.0,50.0
133.0,50.0
134.0,50.0
133.0,50.0
133.0,50.0
130.0,50.0
131.0,51.0
130.0,51.0
