x,y
988.0,906.0
997.0,899.0
994.0,900.0
991.0,898.0
994.0,902.0
1024.0,920.0
997.0,902.0
988.0,876.0
991.0,868.0
997.0,902.0
997.0,902.0
997.0,902.0
997.0,903.0
997.0,903.0
999.0,904.0
997.0,896.0
996.0,904.0
995.0,925.0
997.0,901.0
996.0,902.0
995.0,903.0
995.0,904.0
995.0,901.0
994.0,901.0
994.0,902.0
994.0,900.0
994.0,900.0
994.0,902.0
995.0,902.0
994.0,904.0
995.0,903.0
996.0,904.0
1000.0,896.0
1000.0,897.0
1000.0,897.0
1002.0,896.0
1001.0,897.0
999.0,897.0
1002.0,897.0
999.0,897.0
1000.0,897.0
1001.0,896.0
998.0,893.0
1001.0,891.0
1003.0,891.0
1000.0,895.0
1001.0,896.0
1000.0,895.0
999.0,896.0
1000.0,896.0
1003.0,892.0
1003.0,891.0
1004.0,892.0
1004.0,892.0
1004.0,891.0
1005.0,890.0
1005.0,890.0
1005.0,890.0
1004.0,890.0
1004.0,890.0
1003.0,891.0
1004.0,889.0
1005.0,887.0
1004.0,890.0
1006.0,889.0
1006.0,887.0
1005.0,889.0
1004.0,889.0
1004.0,889.0
1004.0,890.0
1004.0,889.0
1004.0,890.0
1005.0,889.0
1004.0,890.0
1004.0,889.0
1004.0,888.0
1004.0,888.0
1003.0,890.0
1004.0,891.0
1004.0,889.0
1005.0,888.0
1006.0,888.0
1006.0,888.0
1006.0,888.0
1005.0,890.0
1007.0,890.0
1006.0,889.0
1006.0,890.0
1006.0,890.0
1006.0,890.0
1006.0,890.0
1006.0,889.0
1006.0,889.0
1007.0,889.0
1006.0,889.0
1009.0,890.0
1008.0,889.0
1009.0,889.0
1010.0,890.0
1009.0,890.0
