x,y
1378.0,548.0
1378.0,548.0
1378.0,547.0
1378.0,547.0
1380.0,550.0
1380.0,550.0
1380.0,551.0
1380.0,551.0
1380.0,552.0
1379.0,551.0
1380.0,552.0
1380.0,552.0
1380.0,552.0
1380.0,552.0
1380.0,553.0
1378.0,554.0
1379.7142857142858,555.4285714285714
1381.4285714285713,556.8571428571429
1383.142857142857,558.2857142857143
1384.857142857143,559.7142857142857
1386.5714285714287,561.1428571428571
1388.2857142857142,562.5714285714286
1390.0,564.0
1392.0,566.0
1392.0,568.0
1390.0,566.0
1372.0,542.6666666666666
1354.0,519.3333333333334
1336.0,496.0
1316.0,454.0
1294.0,408.0
1273.0,356.0
1248.0,306.0
1206.0,261.5
1164.0,217.0
1094.0,185.0
1019.0,174.5
944.0,164.0
874.0,174.0
800.0,182.0
735.0,192.0
672.0,198.0
620.0,204.0
578.0,210.0
547.0,212.0
524.0,206.0
507.0,210.0
496.0,215.0
490.0,248.0
483.0,265.0
469.0,280.0
455.0,296.0
444.0,303.0
446.0,314.0
444.0,325.0
437.0,336.0
425.0,347.0
427.0,355.0
427.0,351.0
426.0,348.0
432.0,348.0
432.0,348.0
433.0,346.0
433.0,345.0
431.0,346.0
433.0,345.0
431.0,345.0
431.0,344.0
429.0,345.0
431.0,345.0
429.0,345.0
427.0,342.0
426.0,343.0
427.0,342.0
426.0,342.0
427.0,344.0
426.0,347.0
427.0,345.0
424.0,347.0
424.0,346.0
424.0,346.0
423.0,345.0
427.0,344.0
426.0,344.0
426.0,342.0
424.0,344.0
423.0,343.0
422.0,342.0
422.0,343.0
423.0,343.0
423.0,343.0
423.0,344.0
423.0,343.0
423.0,343.0
423.0,344.0
422.0,344.0
422.0,343.0
420.0,343.0
419.0,342.0
417.0,343.0
