x,y
675.0,497.0
676.0,497.0
675.0,498.0
676.0,497.0
678.0,495.0
679.0,495.0
677.0,498.0
677.0,498.0
678.0,495.0
678.0,494.0
678.0,495.0
679.0,495.0
681.0,503.0
675.0,498.0
671.0,484.0
670.0,485.0
671.0,487.0
672.0,487.0
673.0,487.0
673.0,487.0
671.0,487.0
671.0,488.0
672.0,488.0
673.0,487.0
674.0,486.0
674.0,487.0
676.0,487.0
678.0,487.0
686.0,487.0
672.0,490.0
682.0,510.0
682.0,510.0
682.0,510.0
682.0,510.0
682.0,510.0
682.0,510.0
682.0,509.0
682.0,509.0
682.0,509.0
681.0,508.0
681.0,508.0
681.0,508.0
681.0,509.0
681.0,509.0
681.0,510.0
681.0,511.0
682.0,511.0
681.0,511.0
682.0,511.0
682.0,511.0
682.0,511.0
682.0,511.0
682.0,512.0
682.0,511.0
682.0,511.0
682.0,511.0
682.0,511.0
682.0,510.0
682.0,510.0
681.0,509.0
681.0,510.0
681.0,510.0
681.0,510.0
681.0,510.0
681.0,509.0
681.0,509.0
681.0,509.0
682.0,509.0
681.0,509.0
681.0,509.0
680.0,510.0
680.0,510.0
680.0,509.0
680.0,510.0
681.0,510.0
681.0,511.0
681.0,512.0
681.0,513.0
681.0,513.0
681.0,513.0
681.0,513.0
681.0,512.0
680.0,513.0
680.0,513.0
681.0,512.0
681.0,512.0
681.0,512.0
681.0,512.0
681.0,512.0
681.0,512.0
681.0,512.0
681.0,513.0
681.0,512.0
681.0,512.0
681.0,512.0
681.0,513.0
681.0,513.0
681.0,513.0
680.0,513.0
680.0,515.0
