x,y
618.0,779.0
615.0,779.0
616.0,779.0
616.0,779.0
615.0,778.0
616.0,777.0
614.0,776.0
615.0,775.0
616.0,772.0
615.0,773.0
616.0,774.0
616.0,774.0
615.0,773.0
615.0,773.0
615.0,773.0
614.0,770.0
614.0,768.0
615.0,767.0
614.0,768.0
616.0,767.0
615.0,767.0
615.0,767.0
614.0,767.0
614.0,767.0
613.0,766.0
613.0,765.0
612.0,765.0
612.0,764.0
612.0,763.0
611.0,764.0
611.0,763.0
611.0,762.0
612.0,762.0
611.0,762.0
612.0,761.0
612.0,759.0
611.0,756.0
609.0,753.0
610.0,753.0
611.0,751.0
610.0,752.0
611.0,752.0
611.0,752.0
611.0,751.0
612.0,750.0
612.0,750.0
612.0,750.0
613.0,750.0
616.0,751.0
613.0,751.0
612.0,750.0
616.0,751.0
613.0,749.0
616.0,751.0
616.0,752.0
618.0,752.0
616.0,752.0
616.0,752.0
615.0,751.0
617.0,752.0
618.0,752.0
620.0,752.0
619.0,751.0
619.0,751.0
619.0,751.0
618.0,751.0
618.0,751.0
619.0,750.0
618.0,751.0
618.0,751.0
618.0,751.0
618.0,751.0
619.0,751.0
620.0,751.0
623.0,750.0
623.0,750.0
624.0,751.0
625.0,753.0
624.0,750.0
625.0,751.0
625.0,751.0
625.0,751.0
625.0,752.0
625.0,752.0
625.0,752.0
625.0,752.0
625.0,751.0
625.0,751.0
625.0,751.0
625.0,752.0
625.0,752.0
625.0,752.0
625.0,752.0
625.0,752.0
625.0,751.0
625.0,752.0
625.0,752.0
625.0,752.0
625.0,752.0
625.0,751.0
