x,y
1514.0,852.0
1509.0,863.0
1505.0,856.0
1495.0,867.0
1500.0,877.0
1499.0,874.0
1491.0,872.0
1495.0,874.0
1493.0,864.0
1494.0,870.0
1487.0,866.0
1481.0,874.0
1485.0,871.0
1473.0,876.0
1468.0,869.0
1470.0,877.0
1465.0,871.0
1464.0,870.0
1462.0,871.0
1459.0,866.0
1453.0,873.0
1458.0,868.0
1458.0,866.0
1455.0,864.0
1455.0,863.0
1456.0,863.0
1457.0,864.0
1456.0,867.0
1452.0,871.0
1453.0,870.0
1453.0,865.0
1458.0,868.0
1457.0,868.0
1457.0,868.0
1457.0,868.0
1456.0,868.0
1450.0,867.0
1450.0,866.0
1450.0,866.0
1450.0,866.0
1448.0,866.0
1446.0,864.0
1442.0,864.0
1444.0,866.0
1443.0,866.0
1441.0,865.0
1440.0,863.0
1439.0,864.0
1439.0,864.0
1441.0,864.0
1439.0,863.0
1439.0,864.0
1438.0,864.0
1438.0,863.0
1437.0,862.0
1438.0,863.0
1436.0,862.0
1436.0,862.0
1436.0,862.0
1435.0,862.0
1434.0,862.0
1434.0,861.0
1434.0,862.0
1433.0,862.0
1435.0,861.0
1431.0,861.0
1431.0,862.0
1431.0,861.0
1431.0,861.0
1430.0,862.0
1430.0,857.0
1430.0,861.0
1429.0,858.0
1429.0,857.0
1424.0,860.0
1426.0,856.0
1425.0,856.0
1426.0,855.0
1426.0,853.0
1426.0,853.0
1426.0,853.0
1425.0,853.0
1425.0,853.0
1425.0,852.0
1424.0,853.0
1425.0,853.0
1425.0,853.0
1425.0,852.0
1425.0,852.25
1425.0,852.5
1425.0,852.75
1425.0,853.0
1425.0,852.0
1424.8333333333333,852.0
1424.6666666666667,852.0
1424.5,852.0
1424.3333333333333,852.0
1424.1666666666667,852.0
1424.0,852.0
1423.0,851.0
