x,y
871.0,458.0
869.0,459.0
869.0,459.0
871.0,461.0
867.0,461.0
866.0,462.0
866.0,461.0
867.0,463.0
868.0,463.0
869.0,465.0
868.0,465.0
869.0,465.0
869.0,467.0
869.0,467.0
869.0,468.0
870.0,468.0
870.0,467.0
869.0,467.0
870.0,467.0
870.0,466.0
870.0,467.0
870.0,466.0
870.0,465.0
870.0,466.0
869.0,464.0
869.0,465.0
869.0,463.0
857.0,467.0
850.0,460.0
836.0,455.0
828.0,444.0
812.0,440.0
791.0,447.0
775.0,438.0
735.0,429.0
708.0,440.0
695.0,458.0
692.0,486.0
682.0,521.0
674.0,563.0
659.0,607.0
624.0,636.0
571.0,659.0
505.0,679.0
432.0,687.0
352.0,694.0
268.0,710.0
166.0,712.0
62.0,699.0
