x,y
251.0,605.0
250.0,604.0
251.0,601.0
252.0,603.0
253.0,604.0
254.0,601.0
255.0,601.0
258.0,599.0
255.0,601.0
256.0,601.0
260.0,599.0
257.0,599.0
262.0,600.0
261.0,601.0
262.0,600.0
260.0,599.0
260.0,599.0
261.0,600.0
261.0,601.0
261.0,601.0
260.0,599.0
258.0,600.0
251.0,603.0
252.0,602.0
251.0,603.0
251.0,603.0
257.0,600.0
263.0,599.0
264.0,599.0
264.0,598.0
264.0,596.0
264.0,595.0
265.0,592.0
265.0,593.0
264.0,594.0
263.0,594.0
263.0,593.0
263.0,593.0
264.0,591.0
264.0,592.0
263.0,592.0
263.0,592.0
261.0,592.0
262.0,591.0
263.0,590.0
262.0,589.0
262.0,588.0
262.0,587.0
262.0,587.0
259.0,587.0
259.0,585.0
256.0,583.0
253.0,579.0
253.0,579.0
252.0,580.0
252.0,580.0
253.0,580.0
254.0,580.0
252.0,579.0
252.0,579.0
251.0,579.0
252.0,579.0
251.0,579.0
250.0,578.0
252.0,578.0
250.0,578.0
251.0,578.0
253.0,578.0
255.0,579.0
254.0,577.0
256.0,579.0
248.0,575.0
235.0,562.0
236.0,561.0
234.0,563.0
233.0,568.0
234.0,568.0
235.0,564.0
235.0,564.0
234.0,564.0
247.0,577.0
255.0,580.0
247.0,578.0
246.0,579.0
247.0,579.0
256.0,581.0
256.0,580.0
255.0,580.0
249.0,579.0
232.0,571.0
235.0,567.0
236.0,566.0
238.0,567.0
238.0,567.0
238.0,567.0
238.0,567.0
238.0,568.0
239.0,563.0
261.0,584.0
261.0,583.0
