x,y
813.0,860.0
813.0,866.0
813.0,866.0
813.0,866.0
812.0,859.0
813.0,860.0
813.0,860.0
813.0,860.0
813.0,860.0
812.0,861.0
812.0,860.0
812.0,860.0
812.0,860.0
813.0,864.0
811.0,861.0
813.0,861.0
813.0,860.0
815.0,861.0
815.0,864.0
816.0,863.0
817.0,864.0
816.0,865.0
816.0,864.0
816.0,863.0
816.0,864.0
816.0,867.0
815.0,867.0
816.0,868.0
817.0,868.0
820.0,867.0
821.0,869.0
820.0,869.0
819.0,870.0
821.0,871.0
823.0,872.0
823.0,874.0
823.0,874.0
823.0,875.0
820.0,873.0
823.0,873.0
824.0,874.0
823.0,872.0
824.0,873.0
824.0,873.0
824.0,873.0
825.0,872.0
825.0,872.0
824.0,872.0
824.0,872.0
824.0,872.0
823.0,873.0
823.0,873.0
823.0,873.0
823.0,874.0
823.0,874.0
822.0,872.0
822.0,874.0
823.0,874.0
823.0,874.0
825.0,875.0
826.0,876.0
827.0,876.0
828.0,876.0
828.0,875.0
828.0,876.0
828.0,876.0
828.0,876.0
828.0,876.0
828.0,877.0
827.0,876.0
828.0,876.0
828.0,877.0
828.0,877.0
829.0,878.0
829.0,879.0
830.0,878.0
830.0,878.0
830.0,878.0
831.0,878.0
831.0,877.0
832.0,876.0
831.0,876.0
831.0,876.0
832.0,875.0
833.0,874.0
831.0,876.0
833.0,873.0
836.0,874.0
835.0,874.0
836.0,875.0
835.0,876.0
835.0,876.0
831.0,878.0
835.0,876.0
833.0,879.0
832.0,878.0
835.0,876.0
831.0,878.0
831.0,879.0
835.0,876.0
