x,y
1038.0,911.0
1038.0,911.0
1035.0,908.0
1037.0,910.0
1035.0,908.0
1035.0,908.0
1035.0,908.0
1034.0,907.0
1035.0,906.0
1034.0,906.0
1033.0,907.0
1033.0,905.0
1034.0,906.0
1034.0,905.0
1027.0,916.0
1029.0,918.0
1028.0,919.0
1019.0,928.0
1015.0,936.0
998.0,938.0
990.0,942.0
989.0,945.0
977.0,947.0
972.0,943.0
966.0,942.0
948.0,950.0
935.0,945.0
929.0,940.0
918.0,930.0
906.0,919.0
894.0,904.0
883.0,890.0
878.0,876.0
871.0,864.0
872.0,848.0
871.0,838.0
872.0,830.0
869.0,823.0
867.0,817.0
867.0,801.0
870.0,797.0
871.0,798.0
873.0,799.0
869.0,799.0
869.0,799.0
866.0,799.0
866.0,799.0
866.0,799.0
868.0,799.0
866.0,799.0
869.0,798.0
865.0,799.0
865.0,798.0
868.0,797.0
868.0,797.0
869.0,798.0
872.0,801.0
869.0,798.0
873.0,801.0
869.0,797.0
866.0,798.0
869.0,797.0
867.0,798.0
868.0,798.0
871.0,800.0
867.0,797.0
869.0,799.0
869.0,799.0
870.0,799.0
870.0,799.0
868.0,799.0
868.0,799.0
868.0,798.0
868.0,799.0
868.0,798.0
868.0,798.0
868.0,797.0
869.0,798.0
869.0,798.0
867.0,797.0
868.0,797.0
867.0,796.0
867.0,796.0
866.0,794.0
867.0,795.0
868.0,795.0
867.0,795.0
867.0,794.0
866.0,794.0
866.0,794.0
864.0,794.0
864.0,793.0
863.0,791.0
860.0,791.0
859.0,788.0
857.0,789.0
856.0,789.0
857.0,788.0
855.0,786.0
855.0,786.0
