x,y
1802.0,659.0
1802.0,660.0
1803.0,659.0
1801.0,663.0
1803.0,660.0
1804.0,660.0
1800.0,662.0
1800.0,659.0
1803.0,659.0
1802.0,659.0
1803.0,659.0
1802.0,659.0
1803.0,659.0
1804.0,661.0
1802.0,661.0
1806.0,661.0
1802.0,660.0
1802.0,660.0
1806.0,660.0
1804.0,661.0
1807.0,661.0
1808.0,662.0
1808.0,663.0
1808.0,663.0
1809.0,662.0
1810.0,664.0
1810.0,665.0
1811.0,664.0
1811.0,664.0
1811.0,664.0
1811.0,664.0
1811.0,664.0
1811.0,664.0
1811.0,662.0
1812.0,662.0
1811.0,663.0
1813.0,663.0
1814.0,662.0
1815.0,661.0
1816.0,661.0
1817.0,662.0
1816.0,662.0
1816.0,662.0
1816.0,661.0
1816.0,659.0
1816.0,661.0
1816.0,661.0
1817.0,658.0
1820.0,661.0
1816.0,661.0
1817.0,659.0
1822.0,655.0
1831.0,643.0
1846.0,627.0
1855.0,605.0
1867.0,573.0
1876.0,548.0
1854.0,506.0
1806.0,455.0
1749.0,412.0
1678.0,373.0
1589.0,362.0
1494.0,379.0
1409.0,414.0
1337.0,464.0
1263.0,515.0
1195.0,562.0
1140.0,606.0
1073.0,635.0
1010.0,655.0
946.0,669.0
888.0,667.0
841.0,670.0
802.0,670.0
771.0,666.0
749.0,667.0
739.0,667.0
737.0,669.0
746.0,679.0
759.0,685.0
767.0,697.0
774.0,706.0
771.0,710.0
767.0,720.0
774.0,732.0
769.0,735.0
768.0,735.0
769.0,740.0
775.0,742.0
773.0,739.0
777.0,741.0
775.0,739.0
777.0,736.0
778.0,735.0
771.0,744.0
773.0,736.0
776.0,732.0
766.0,729.0
754.0,717.0
733.0,718.0
