x,y
324.0,16.0
447.0,60.0
536.0,123.0
615.0,188.0
686.0,235.0
765.0,252.0
864.0,235.0
967.0,217.0
1063.0,196.0
1127.0,203.0
1151.0,215.0
1157.0,245.0
1135.0,273.0
1104.0,303.0
1068.0,345.0
1053.0,377.0
1045.0,418.0
1061.0,451.0
1088.0,480.0
1107.0,506.0
1113.0,514.0
1111.0,511.0
1104.0,508.0
1093.0,489.0
1068.0,443.0
1060.0,424.0
1042.0,416.0
1035.0,407.0
1032.0,395.0
1037.0,379.0
1031.0,344.0
1044.0,329.0
1056.0,323.0
1069.0,322.0
1080.0,319.0
1074.0,320.0
1079.0,316.0
1079.0,310.0
1083.0,291.0
1072.0,268.0
1048.0,253.0
1018.0,241.0
978.0,229.0
935.0,213.0
876.0,201.0
810.0,181.0
736.0,179.0
657.0,183.0
570.0,216.0
488.0,228.0
406.0,244.0
317.0,255.0
240.0,252.0
169.0,252.0
96.0,255.0
54.0,231.0
14.0,204.0
