x,y
1253.0,878.0
1253.0,879.0
1254.0,879.0
1254.0,880.0
1254.0,880.0
1254.0,880.0
1254.0,880.0
1253.0,879.0
1253.0,879.0
1253.0,879.0
1253.0,879.0
1253.0,879.0
1253.0,879.0
1252.0,879.0
1253.0,880.0
1252.0,880.0
1252.0,880.0
1252.0,880.0
1253.0,880.0
1253.0,880.0
1253.0,880.0
1252.0,879.0
1252.0,879.0
1252.0,879.0
1253.0,879.0
1254.0,880.0
1253.0,881.0
1254.0,881.0
1254.0,881.0
1254.0,881.0
1254.0,881.0
1255.0,882.0
1255.0,883.0
1255.0,884.0
1257.0,886.0
1257.0,886.0
1257.0,887.0
1257.0,887.0
1257.0,888.0
1258.0,889.0
1258.0,888.0
1258.0,888.0
1257.0,888.0
1258.0,888.0
1258.0,888.0
1257.0,888.0
1257.0,887.0
1257.0,888.0
1257.0,887.0
1257.0,887.0
1257.0,888.0
1257.0,888.0
1259.0,887.0
1261.0,886.0
1258.0,887.0
1259.0,886.0
1259.0,886.0
1259.0,887.0
1259.0,887.0
1259.0,887.0
1260.0,886.0
1259.0,886.0
1258.0,887.0
1258.0,889.0
1256.0,890.0
1256.0,891.0
1254.0,893.0
1253.0,894.0
1253.0,893.0
1254.0,893.0
1254.0,893.0
1254.0,893.0
1254.0,893.0
1254.0,893.0
1253.0,893.0
1252.0,892.0
1253.0,894.0
1252.0,893.0
1251.0,893.0
1253.0,893.0
1252.0,893.0
1253.0,897.0
1254.0,897.0
1252.0,894.0
1255.0,895.0
1252.0,895.0
1253.0,897.0
1253.0,893.0
1252.0,893.0
1254.0,894.0
1253.0,895.0
1253.0,894.0
1255.0,896.0
1255.0,897.0
1253.0,896.0
1255.0,894.0
1255.0,895.0
1255.0,893.0
1253.0,897.0
1254.0,897.0
