x,y
216.0,844.0
219.0,843.0
217.0,842.0
219.0,842.0
215.0,838.0
216.0,837.0
215.0,837.0
215.0,837.0
215.0,836.0
215.0,837.0
215.0,837.0
215.0,837.0
214.0,835.0
214.0,837.0
214.0,836.0
213.0,836.0
214.0,836.0
214.0,835.0
214.0,834.0
214.0,836.0
215.0,835.0
214.0,835.0
214.0,836.0
214.0,836.0
215.0,836.0
214.0,834.0
214.0,836.0
214.0,834.0
213.0,833.0
213.0,834.0
214.0,832.0
214.0,832.0
213.0,832.0
212.0,833.0
213.0,832.0
213.0,834.0
213.0,833.0
212.0,834.0
211.0,834.0
211.0,834.0
210.0,835.0
209.0,835.0
208.0,834.0
206.0,834.0
207.0,835.0
206.0,835.0
205.0,835.0
204.0,835.0
203.0,836.0
203.0,835.0
203.0,835.0
203.0,835.0
204.0,835.0
203.0,835.0
203.0,835.0
203.0,835.0
203.0,836.0
203.0,836.0
203.0,836.0
203.0,835.0
204.0,833.0
204.0,835.0
204.0,835.0
203.0,835.0
204.0,835.0
204.0,836.0
203.0,837.0
202.0,836.0
203.0,835.0
203.0,837.0
203.0,836.0
203.0,837.0
204.0,836.0
205.0,837.0
205.0,837.0
204.0,836.0
203.0,836.0
204.0,837.0
204.0,836.0
204.0,837.0
203.0,838.0
201.0,837.0
203.0,837.0
203.0,837.0
202.0,838.0
203.0,837.0
202.0,837.0
201.0,836.0
202.0,836.0
202.0,836.0
200.0,835.0
201.0,835.0
199.0,836.0
198.0,836.0
199.0,836.0
199.0,836.0
198.0,836.0
198.0,835.0
197.0,835.0
197.0,835.0
