x,y
20.0,755.0
55.0,773.0
96.0,790.0
118.0,803.0
145.0,819.0
178.0,821.0
205.0,817.0
230.0,792.0
249.0,783.0
273.0,775.0
300.0,778.0
322.0,780.0
331.0,781.0
352.0,761.0
362.0,743.0
373.0,731.0
383.0,717.0
391.0,708.0
399.0,709.0
406.0,708.0
406.0,707.0
405.0,703.0
412.0,708.0
413.0,702.0
420.0,698.0
421.0,694.0
425.0,694.0
425.0,693.0
422.0,691.0
423.0,693.0
425.0,691.0
426.0,696.0
427.0,692.0
428.0,691.0
427.0,693.0
429.0,695.0
429.0,693.0
427.0,695.0
429.0,694.0
429.0,695.0
428.0,696.0
425.0,695.0
428.0,696.0
427.0,696.0
427.0,696.0
427.0,696.0
427.0,696.0
427.0,696.0
427.0,696.0
427.0,696.0
427.0,696.0
427.0,696.0
425.0,695.0
424.0,696.0
427.0,696.0
427.0,697.0
427.0,697.0
426.0,697.0
426.0,697.0
426.0,697.0
426.0,697.0
427.0,696.0
427.0,696.0
426.0,696.0
427.0,696.0
426.0,696.0
427.0,696.0
426.0,696.0
425.0,695.0
427.0,696.0
429.0,696.0
428.0,696.0
427.0,697.0
427.0,696.0
429.0,694.0
429.0,697.0
430.0,697.0
430.0,696.0
430.0,697.0
430.0,696.0
430.0,696.0
430.0,697.0
430.0,696.0
429.0,695.0
429.0,696.0
429.0,697.0
430.0,696.0
429.0,696.0
430.0,698.0
430.0,698.0
429.0,697.0
431.0,697.0
431.0,697.0
431.0,697.0
432.0,698.0
433.0,697.0
433.0,697.0
432.0,697.0
432.0,698.0
433.0,698.0
