x,y
830.0,18.0
820.0,39.0
808.0,61.0
805.0,90.0
799.0,101.0
786.0,112.0
776.0,123.0
771.0,124.0
770.0,124.0
768.0,124.0
765.0,124.0
762.0,127.0
757.0,125.0
754.0,125.0
753.0,124.0
752.0,124.0
753.0,127.0
755.0,123.0
755.0,123.0
753.0,127.0
754.0,122.0
754.0,122.0
752.0,126.0
754.0,122.0
753.0,122.0
752.0,127.0
752.0,122.0
752.0,121.0
750.0,122.0
751.0,121.0
751.0,121.0
750.0,120.0
749.0,122.0
750.0,126.0
750.0,126.0
749.0,125.0
751.0,127.0
751.0,127.0
751.0,126.0
751.0,126.0
751.0,126.0
751.0,126.0
749.0,126.0
748.0,127.0
747.0,128.0
746.0,128.0
747.0,129.0
748.0,129.0
748.0,129.0
746.0,129.0
746.0,129.0
747.0,129.0
747.0,130.0
745.0,131.0
740.0,130.0
740.0,131.0
741.0,131.0
739.0,132.0
738.0,132.0
737.0,129.0
733.0,133.0
732.0,132.0
732.0,133.0
733.0,137.0
728.0,138.0
727.0,139.0
727.0,139.0
727.0,139.0
726.0,140.0
726.0,140.0
726.0,140.0
727.0,139.0
726.0,140.0
726.0,140.0
726.0,139.0
726.0,138.0
726.0,140.0
726.0,140.0
726.0,140.0
726.0,140.0
725.0,140.0
725.0,140.0
726.0,139.0
730.0,138.0
730.0,137.0
728.0,138.0
727.0,138.0
727.0,138.0
727.0,138.0
727.0,137.0
726.0,138.0
726.0,138.0
726.0,138.0
726.0,139.0
726.0,139.0
725.0,140.0
725.0,141.0
725.0,141.0
725.0,141.0
725.0,142.0
