x,y
1136.0,849.0
1136.0,849.0
1135.0,849.0
1135.0,849.0
1137.0,850.0
1136.0,850.0
1136.0,849.0
1136.0,849.0
1136.0,849.0
1136.0,849.0
1137.0,850.0
1137.0,849.0
1137.0,850.0
1136.0,850.0
1137.0,850.0
1136.0,850.0
1137.0,850.0
1137.0,850.0
1138.0,850.0
1138.0,850.0
1139.0,849.0
1139.0,849.0
1139.0,849.0
1140.0,850.0
1139.0,850.0
1139.0,849.0
1139.0,849.0
1139.0,849.0
1140.0,848.0
1140.0,849.0
1139.0,849.0
1141.0,849.0
1142.0,849.0
1142.0,849.0
1143.0,850.0
1142.0,849.0
1141.0,848.0
1144.0,850.0
1143.0,852.0
1143.0,849.0
1144.0,850.0
1147.0,852.0
1146.0,851.0
1143.0,852.0
1146.0,853.0
1146.0,854.0
1145.0,854.0
1145.0,853.0
1143.0,855.0
1144.0,855.0
1145.0,854.0
1145.0,854.0
1143.0,856.0
1144.0,855.0
1144.0,855.0
1144.0,855.0
1144.0,855.0
1144.0,853.0
1143.0,852.0
1141.0,850.0
1141.0,849.0
1140.0,849.0
1140.0,849.0
1142.0,850.0
1140.0,849.0
1140.0,849.0
1138.0,852.0
1138.0,848.0
1139.0,849.0
1127.0,860.0
1128.0,861.0
1122.0,875.0
1119.0,891.0
1125.0,896.0
1148.0,898.0
1157.0,909.0
1163.0,926.0
1160.0,961.0
1156.0,987.0
1158.0,1035.0
1165.0,1049.0
1174.0,1057.0
1180.0,1060.0
1183.0,1059.0
1192.0,1054.0
1209.0,1050.0
1221.0,1057.0
1232.0,1060.0
1242.0,1065.0
1243.0,1060.0
1248.0,1059.0
1251.0,1055.0
1250.0,1051.0
1248.0,1046.0
1250.0,1046.0
1251.0,1047.0
1251.0,1046.0
1251.0,1046.0
1252.0,1046.0
1252.0,1046.0
