x,y
1803.0,80.0
1782.0,82.0
1765.0,87.0
1747.0,93.0
1736.0,99.0
1720.0,104.0
1725.0,107.0
1726.0,103.0
1725.0,110.0
1725.0,110.0
1725.0,111.0
1724.0,111.0
1724.0,111.0
1724.0,112.0
1724.0,112.0
1723.0,112.0
1723.0,111.0
1723.0,111.0
1723.0,111.0
1723.0,111.0
1722.0,112.0
1723.0,112.0
1723.0,112.0
1722.0,112.0
1723.0,112.0
1723.0,112.0
1723.0,112.0
1723.0,112.0
1722.0,113.0
1719.0,110.0
1719.0,110.0
1718.0,110.0
1718.0,110.0
1718.0,111.0
1723.0,116.0
1724.0,117.0
1718.0,117.0
1717.0,117.0
1724.0,119.0
1725.0,123.0
1726.0,125.0
1722.0,123.0
1726.0,124.0
1725.0,124.0
1726.0,124.0
1726.0,124.0
1726.0,124.0
1726.0,124.0
1727.0,125.0
1730.0,126.0
1729.0,126.0
1729.0,126.0
1729.0,126.0
1729.0,126.0
1729.0,126.0
1729.0,126.0
1730.0,127.0
1730.0,127.0
1728.0,127.0
1728.0,126.0
1729.0,127.0
1728.0,129.0
1728.0,130.0
1722.0,139.0
1721.0,140.0
1722.0,140.0
1722.0,139.0
1721.0,141.0
1721.0,140.0
1723.0,140.0
1722.0,141.0
1723.0,142.0
1723.0,143.0
1723.0,144.0
1723.0,144.0
1723.0,142.0
1723.0,144.0
1723.0,143.0
1722.0,143.0
1721.0,144.0
1720.0,144.0
1721.0,146.0
1719.0,147.0
1716.0,148.0
1716.0,149.0
1716.0,149.0
1716.0,149.0
1717.0,148.0
1717.0,149.0
1718.0,148.0
1719.0,149.0
1719.0,148.0
1719.0,148.0
1720.0,149.0
1720.0,149.0
1720.0,145.0
1716.0,145.0
1713.0,146.0
1713.0,144.0
1715.0,144.0
