x,y
706.0,559.0
705.0,558.0
705.0,558.0
705.0,558.0
704.0,558.0
704.0,557.0
704.0,558.0
704.0,558.0
704.0,558.0
703.0,558.0
703.0,559.0
703.0,558.0
703.0,558.0
703.0,556.0
704.0,556.0
704.0,556.0
704.0,556.0
704.0,556.0
704.0,556.0
704.0,557.0
704.0,557.0
704.0,558.0
703.0,556.0
701.0,556.0
701.0,556.0
700.0,557.0
700.0,558.0
698.0,557.0
698.0,557.0
698.0,558.0
697.0,557.0
697.0,558.0
697.0,558.0
696.0,558.0
697.0,558.0
697.0,558.0
697.0,557.0
696.0,557.0
697.0,557.0
697.0,558.0
697.0,557.0
698.0,557.0
698.0,557.0
697.0,557.0
698.0,558.0
695.0,558.0
695.0,559.0
695.0,560.0
695.0,561.0
695.0,561.0
695.0,560.0
694.0,560.0
695.0,560.0
694.0,560.0
693.0,560.0
694.0,560.0
694.0,561.0
694.0,562.0
694.0,562.0
693.0,561.0
693.0,563.0
693.0,562.0
693.0,561.0
693.0,562.0
693.0,562.0
693.0,562.0
692.0,562.0
692.0,562.0
691.0,562.0
692.0,564.0
691.0,562.0
692.0,564.0
693.0,565.0
692.0,563.0
692.0,563.0
693.0,564.0
692.0,562.0
692.0,563.0
694.0,564.0
693.0,564.0
693.0,565.0
692.0,563.0
692.0,562.0
692.0,563.0
694.0,567.0
694.0,567.0
694.0,566.0
694.0,567.0
694.0,567.0
696.0,569.0
696.0,569.0
696.0,569.0
697.0,570.0
698.0,570.0
698.0,570.0
697.0,571.0
698.0,570.0
697.0,570.0
697.0,569.0
697.0,569.0
