x,y
875.0,362.0
875.0,362.0
875.0,362.0
876.0,362.0
876.0,362.0
875.0,363.0
875.0,362.0
875.0,362.0
875.0,362.0
875.0,362.0
876.0,361.0
876.0,358.0
876.0,359.0
875.0,359.0
875.0,359.0
875.0,359.0
875.0,359.0
874.0,359.0
874.0,358.0
874.0,358.0
874.0,354.0
873.0,355.0
874.0,355.0
874.0,354.0
874.0,354.0
874.0,354.0
873.0,354.0
873.0,354.0
873.0,354.0
873.0,353.0
873.0,352.0
873.0,352.0
874.0,352.0
875.0,350.0
876.0,349.0
875.0,348.0
875.0,349.0
875.0,349.0
875.0,350.0
874.0,351.0
873.0,351.0
875.0,349.0
873.0,348.0
872.0,347.0
872.0,347.0
878.0,340.0
877.0,338.0
874.0,338.0
872.0,341.0
872.0,342.0
869.0,342.0
868.0,342.0
868.0,341.0
867.0,342.0
863.0,353.0
866.0,354.0
863.0,354.0
863.0,354.0
863.0,354.0
865.0,353.0
862.0,353.0
862.0,353.0
862.0,353.0
865.0,352.0
865.0,352.0
862.0,352.0
865.0,351.0
864.0,342.0
868.0,328.0
865.0,341.0
868.0,341.0
864.0,349.0
865.0,347.0
865.0,349.0
862.0,353.0
866.0,354.0
864.0,355.0
865.0,354.0
862.0,353.0
864.0,354.0
862.0,352.0
863.0,353.0
863.0,352.0
864.0,355.0
864.0,355.0
864.0,355.0
865.0,354.0
864.0,355.0
864.0,354.0
864.0,354.0
864.0,354.0
864.0,355.0
863.0,355.0
863.0,355.0
862.0,355.0
862.0,355.0
862.0,356.0
862.0,356.0
864.0,355.0
863.0,355.0
