x,y
1708.0,127.0
1707.0,127.0
1708.0,126.0
1706.0,127.0
1706.0,127.0
1705.0,127.0
1705.0,127.0
1705.0,127.0
1705.0,127.0
1705.0,126.0
1705.0,127.0
1705.0,126.0
1705.0,126.0
1705.0,126.0
1705.0,126.0
1704.0,126.0
1704.0,126.0
1704.0,126.0
1704.0,126.0
1704.0,127.0
1704.0,127.0
1703.0,126.0
1703.0,127.0
1703.0,126.0
1704.0,126.0
1704.0,126.0
1704.0,126.0
1703.0,126.0
1703.0,126.0
1703.0,126.0
1703.0,126.0
1703.0,126.0
1702.0,126.0
1703.0,126.0
1703.0,126.0
1703.0,126.0
1702.0,126.0
1702.0,126.0
1702.0,126.0
1703.0,126.0
1705.0,128.0
1705.0,129.0
1704.0,129.0
1703.0,129.0
1703.0,130.0
1703.0,130.0
1703.0,130.0
1702.0,130.0
1702.0,130.0
1702.0,130.0
1702.0,130.0
1702.0,130.0
1702.0,130.0
1701.0,129.0
1700.0,130.0
1701.0,130.0
1702.0,131.0
1702.0,130.0
1703.0,131.0
1702.0,130.0
1701.0,131.0
1701.0,130.0
1701.0,130.0
1699.0,128.0
1698.0,128.0
1698.0,128.0
1700.0,129.0
1700.0,130.0
1702.0,132.0
1702.0,134.0
1705.0,136.0
1706.0,137.0
1706.0,137.0
1706.0,137.0
1706.0,136.0
1707.0,136.0
1707.0,137.0
1707.0,137.0
1706.0,136.0
1706.0,136.0
1705.0,137.0
1706.0,136.0
1706.0,136.0
1706.0,136.0
1705.0,136.0
1705.0,136.0
1706.0,135.0
1706.0,137.0
1706.0,137.0
1706.0,136.0
1706.0,137.0
1705.0,138.0
1706.0,137.0
1706.0,137.0
1707.0,139.0
1708.0,139.0
1708.0,140.0
1714.0,146.0
1714.0,146.0
1714.0,145.0
