x,y
443.0,537.0
442.0,537.0
441.0,537.0
442.0,537.0
441.0,537.0
441.0,538.0
441.0,538.0
442.0,539.0
441.0,538.0
441.0,538.0
441.0,538.0
440.0,537.0
439.0,537.0
439.0,537.0
439.0,537.0
440.0,537.0
439.0,537.0
437.0,535.0
436.0,535.0
437.0,536.0
436.0,536.0
437.0,536.0
436.0,537.0
436.0,536.0
436.0,536.0
436.0,536.0
436.0,537.0
436.0,536.0
436.0,536.0
437.0,536.0
437.0,536.0
437.0,536.0
436.0,536.0
436.0,536.0
437.0,536.0
437.0,535.0
437.0,536.0
436.0,536.0
436.0,536.0
436.0,535.0
437.0,535.0
437.0,534.0
437.0,534.0
436.0,535.0
434.0,537.0
435.0,534.0
436.0,535.0
436.0,535.0
436.0,534.0
436.0,534.0
435.0,534.0
436.0,535.0
436.0,535.0
436.0,536.0
436.0,536.0
436.0,535.0
436.0,535.0
436.0,535.0
434.0,535.0
434.0,536.0
434.0,535.0
433.0,538.0
433.0,536.0
433.0,539.0
432.0,539.0
432.0,539.0
431.0,539.0
432.0,541.0
433.0,543.0
433.0,544.0
426.0,541.0
433.0,547.0
433.0,547.0
431.0,547.0
427.0,549.0
416.0,566.0
417.0,576.0
420.0,585.0
435.0,603.0
441.0,618.0
458.0,624.0
465.0,637.0
462.0,644.0
454.0,651.0
426.0,665.0
421.0,673.0
393.0,689.0
381.0,704.0
350.0,725.0
341.0,737.0
330.0,743.0
322.0,746.0
313.0,748.0
301.0,755.0
302.0,755.0
306.0,763.0
300.0,771.0
299.0,764.0
303.0,761.0
302.0,769.0
