x,y
534.0,701.0
534.0,701.0
534.0,701.0
534.0,700.0
534.0,700.0
533.0,701.0
534.0,701.0
534.0,701.0
533.0,701.0
534.0,701.0
533.0,700.0
533.0,700.0
533.0,699.0
533.0,698.0
533.0,699.0
533.0,698.0
534.0,699.0
534.0,699.0
534.0,699.0
534.0,699.0
534.0,699.0
534.0,699.0
533.0,699.0
534.0,699.0
534.0,699.0
534.0,699.0
534.0,699.0
534.0,699.0
531.0,697.0
529.0,699.0
521.0,707.0
511.0,702.0
492.0,693.0
472.0,679.0
454.0,657.0
438.0,635.0
403.0,631.0
389.0,651.0
361.0,653.0
338.0,670.0
321.0,694.0
299.0,715.0
286.0,738.0
267.0,750.0
259.0,775.0
251.0,787.0
246.0,802.0
250.0,807.0
255.0,815.0
253.0,817.0
253.0,825.0
251.0,830.0
261.0,832.0
272.0,839.0
273.0,853.0
268.0,856.0
264.0,859.0
261.0,858.0
262.0,858.0
260.0,858.0
263.0,869.0
258.0,872.0
259.0,876.0
251.0,884.0
234.0,888.0
202.0,885.0
171.0,889.0
138.0,896.0
119.0,921.0
117.0,973.0
109.0,1033.0
