x,y
1286.0,571.0
1285.0,532.0
1288.0,508.0
1297.0,483.0
1293.0,473.0
1298.0,473.0
1302.0,460.0
1299.0,446.0
1302.0,445.0
1307.0,442.0
1315.0,440.0
1316.0,439.0
1316.0,439.0
1317.0,437.0
1322.0,437.0
1317.0,440.0
1317.0,437.0
1324.0,435.0
1317.0,433.0
1325.0,427.0
1331.0,423.0
1334.0,423.0
1334.0,419.0
1334.0,417.0
1336.0,414.0
1339.0,411.0
1340.0,409.0
1339.0,405.0
1340.0,403.0
1340.0,398.0
1338.0,395.0
1337.0,391.0
1336.0,388.0
1332.0,376.0
1332.0,373.0
1328.0,364.0
1327.0,358.0
1331.0,360.0
1330.0,360.0
1330.0,359.0
1327.0,360.0
1328.0,360.0
1326.0,361.0
1328.0,360.0
1328.0,360.0
1327.0,360.0
1327.0,360.0
1327.0,360.0
1330.0,359.0
1330.0,359.0
1331.0,359.0
1328.0,360.0
1329.0,359.0
1332.0,358.0
1332.0,358.0
1331.0,357.0
1330.0,357.0
1331.0,357.0
1332.0,358.0
1333.0,358.0
1332.0,357.0
1331.0,357.0
1332.0,357.0
1331.0,357.0
1331.0,358.0
1331.0,357.0
1332.0,358.0
1331.0,357.0
1330.0,357.0
1330.0,357.0
1329.0,357.0
1329.0,360.0
1329.0,358.0
1331.0,357.0
1331.0,357.0
1331.0,357.0
1334.0,356.0
1334.0,356.0
1334.0,355.0
1334.0,355.0
1334.0,355.0
1334.0,355.0
1331.0,356.0
1334.0,355.0
1333.0,355.0
1335.0,355.0
1334.0,355.0
1336.0,354.0
1336.0,353.0
1336.0,353.0
1336.0,353.0
1335.0,353.0
1335.0,351.0
1345.0,355.0
1349.0,353.0
1346.0,355.0
1346.0,355.0
1345.0,356.0
1344.0,357.0
1345.0,356.0
