x,y
1469.0,594.0
1469.0,595.0
1468.0,595.0
1469.0,595.0
1469.0,595.0
1468.0,595.0
1469.0,594.0
1469.0,595.0
1469.0,595.0
1469.0,595.0
1469.0,596.0
1469.0,597.0
1469.0,597.0
1468.0,597.0
1468.0,597.0
1469.0,597.0
1469.0,597.0
1469.0,597.0
1469.0,597.0
1469.0,597.0
1469.0,596.0
1469.0,596.0
1470.0,596.0
1470.0,597.0
1470.0,596.0
1470.0,596.0
1470.0,595.0
1471.0,595.0
1470.0,596.0
1470.0,596.0
1470.0,596.0
1470.0,595.0
1471.0,595.0
1470.0,596.0
1471.0,596.0
1471.0,596.0
1471.0,595.0
1471.0,595.0
1471.0,595.0
1471.0,595.0
1471.0,594.0
1471.0,594.0
1471.0,595.0
1471.0,595.0
1470.0,595.0
1473.0,593.0
1475.0,591.0
1478.0,595.0
1477.0,595.0
1479.0,595.0
1513.0,603.0
1526.0,600.0
1549.0,601.0
1574.0,598.0
1590.0,580.0
1604.0,550.0
1613.0,514.0
1621.0,473.0
1624.0,432.0
1624.0,395.0
1632.0,366.0
1654.0,362.0
1679.0,344.0
1698.0,320.0
1705.0,298.0
1717.0,268.0
1725.0,239.0
1721.0,215.0
1731.0,205.0
1744.0,203.0
1750.0,188.0
1761.0,172.0
1750.0,178.0
1750.0,163.0
1751.0,149.0
1746.0,150.0
1743.0,149.0
1750.0,155.0
1734.0,146.0
1736.0,154.0
1735.0,154.0
1736.0,155.0
1738.0,155.0
1738.0,156.0
1738.0,156.0
1740.0,156.0
1740.0,156.0
1740.0,155.0
1740.0,155.0
1740.0,154.0
1734.0,153.0
1736.0,146.0
1735.0,143.0
1735.0,144.0
1735.0,144.0
1734.0,140.0
1734.0,139.0
1733.0,138.0
1734.0,136.0
1728.0,137.0
