x,y
910.0,487.0
910.0,487.0
910.0,487.0
910.0,487.0
903.0,486.0
904.0,486.0
908.0,488.0
909.0,490.0
908.0,490.0
908.0,490.0
908.0,489.0
906.0,489.0
906.0,490.0
905.0,489.0
905.0,490.0
905.0,490.0
906.0,491.0
906.0,491.0
906.0,491.0
906.0,491.0
906.0,491.0
907.0,492.0
907.0,493.0
907.0,493.0
907.0,493.0
906.0,495.0
906.0,494.0
907.0,494.0
906.0,494.0
907.0,494.0
907.0,494.0
906.0,493.0
906.0,493.0
908.0,493.0
909.0,493.0
910.0,492.0
910.0,492.0
911.0,492.0
912.0,492.0
912.0,491.0
913.0,491.0
913.0,491.0
914.0,491.0
913.0,491.0
914.0,490.0
913.0,490.0
913.0,490.0
913.0,490.0
913.0,490.0
913.0,489.0
913.0,489.0
914.0,489.0
914.0,488.0
915.0,489.0
916.0,488.0
916.0,489.0
916.0,489.0
913.0,489.0
921.0,488.0
913.0,487.0
914.0,487.0
915.0,487.0
912.0,487.0
913.0,488.0
907.0,487.0
906.0,487.0
906.0,487.0
905.0,486.0
905.0,486.0
905.0,486.0
910.0,488.0
912.0,488.0
909.0,488.0
905.0,487.0
905.0,487.0
913.0,489.0
911.0,489.0
909.0,488.0
907.0,487.0
906.0,487.0
905.0,487.0
911.0,487.3333333333333
917.0,487.6666666666667
923.0,488.0
923.0,488.0
923.0,488.0
923.0,488.0
923.0,489.0
924.0,488.0
923.0,488.0
923.0,488.0
923.0,488.0
923.0,488.0
923.0,488.0
923.0,488.0
924.0,487.0
924.0,487.0
924.0,487.0
923.6666666666666,487.0
923.3333333333334,487.0
