x,y
615.0,448.0
615.0,448.0
615.0,447.0
614.0,447.0
613.0,447.0
614.0,447.0
614.0,447.0
613.0,447.0
612.0,446.0
611.0,446.0
611.0,446.0
611.0,446.0
611.0,447.0
610.0,447.0
610.0,447.0
609.0,447.0
609.0,447.0
609.0,447.0
608.0,446.0
609.0,445.0
610.0,444.0
610.0,444.0
610.0,443.0
610.0,443.0
610.0,443.0
610.0,443.0
609.0,443.0
609.0,442.0
607.0,440.0
607.0,442.0
606.0,438.0
608.0,440.0
607.0,440.0
599.0,438.0
595.0,436.0
587.0,421.0
583.0,412.0
581.0,407.0
577.0,402.0
556.0,384.0
577.0,370.0
573.0,372.0
565.0,367.0
559.0,356.0
555.0,332.0
556.0,323.0
555.0,324.0
547.0,338.0
510.0,285.0
481.0,318.5
452.0,352.0
451.0,341.0
449.0,361.0
448.0,361.0
448.0,355.0
448.0,361.0
304.0,500.0
288.0,507.0
270.0,511.0
253.0,502.0
243.0,478.0
226.0,461.0
194.0,450.0
163.0,445.0
138.0,448.0
102.0,452.0
60.0,448.0
17.0,444.0
