x,y
1709.0,154.0
1709.0,154.0
1709.0,154.0
1709.0,154.0
1709.0,154.0
1708.0,155.0
1709.0,154.0
1714.0,145.0
1713.0,146.0
1714.0,145.0
1714.0,145.0
1713.0,145.0
1711.0,146.0
1706.0,145.0
1702.0,146.0
1703.0,145.0
1701.0,139.0
1702.0,138.0
1700.0,141.0
1700.0,142.0
1700.0,142.0
1700.0,140.0
1700.0,141.0
1701.0,140.0
1702.0,140.0
1702.0,140.0
1703.0,140.0
1703.0,139.0
1703.0,139.0
1703.0,140.0
1705.0,139.0
1704.0,139.0
1703.0,138.0
1703.0,137.0
1703.375,137.125
1703.75,137.25
1704.125,137.375
1704.5,137.5
1704.875,137.625
1705.25,137.75
1705.625,137.875
1706.0,138.0
1706.0,138.0
1706.0,138.0
1706.0,138.0
1708.0,137.0
1709.0,139.0
1709.0,138.0
1709.0,138.0
1710.0,137.0
1709.0,134.0
1710.0,134.0
1712.0,135.0
1710.0,133.0
1711.0,134.0
1711.0,135.0
1712.0,135.0
1712.0,135.0
1712.0,135.0
1712.0,135.0
1712.0,135.0
1711.0,134.0
1711.0,134.0
1710.0,133.0
1710.0,135.0
1710.0,134.0
1710.0,134.0
1710.0,133.0
1710.0,133.0
1710.0,132.0
1711.0,131.0
1712.0,133.0
1714.0,134.0
1712.0,136.0
1708.0,132.0
1719.0,116.0
1725.0,105.0
1725.0,104.0
1738.0,106.0
1752.0,129.0
1801.0,127.0
1872.0,139.0
1908.0,164.0
