x,y
664.0,667.0
663.0,667.0
661.0,666.0
661.0,666.0
660.0,667.0
660.0,667.0
657.0,666.0
656.0,665.0
656.0,666.0
657.0,667.0
657.0,666.0
657.0,667.0
657.0,667.0
657.0,666.0
655.0,666.0
654.0,667.0
655.0,666.0
654.0,666.0
655.0,666.0
656.0,667.0
656.0,667.0
656.0,667.0
656.0,667.0
655.0,666.0
655.0,667.0
655.0,667.0
655.0,667.0
655.0,667.0
655.0,667.0
655.0,667.0
657.0,672.0
653.0,668.0
653.0,668.0
654.0,669.0
654.0,670.0
655.0,670.0
657.0,671.0
657.0,672.0
658.0,673.0
656.0,672.0
657.0,674.0
657.0,674.0
657.0,675.0
657.0,675.0
657.0,676.0
656.0,675.0
657.0,675.0
657.0,676.0
656.0,677.0
656.0,677.0
658.0,677.0
658.0,676.0
658.0,676.0
658.0,677.0
658.0,676.0
658.0,676.0
658.0,676.0
658.0,676.0
658.0,677.0
659.0,677.0
658.0,677.0
659.0,677.0
658.0,678.0
659.0,678.0
660.0,678.0
662.0,677.0
660.0,678.0
659.0,679.0
657.0,679.0
658.0,678.0
652.0,679.0
652.0,680.0
653.0,684.0
658.0,691.0
657.0,693.0
655.0,714.0
667.0,720.0
674.0,742.0
690.0,762.0
689.0,788.0
694.0,809.0
695.0,830.0
693.0,851.0
698.0,875.0
699.0,874.0
702.0,872.0
709.0,867.0
712.0,863.0
713.0,867.0
715.0,870.0
714.0,867.0
719.0,864.0
721.0,864.0
725.0,864.0
727.0,861.0
721.0,854.0
720.0,843.0
713.0,821.0
707.0,812.0
710.0,781.0
