x,y
501.0,928.0
506.0,917.0
506.0,908.0
506.0,905.0
504.0,903.0
500.0,900.0
504.0,901.0
504.0,900.0
505.0,900.0
508.0,901.0
505.0,901.0
506.0,899.0
504.0,902.0
504.0,902.0
504.0,902.0
503.0,902.0
500.0,902.0
503.0,894.0
525.0,879.0
550.0,860.0
596.0,842.0
647.0,828.0
702.0,792.0
754.0,765.0
784.0,729.0
808.0,693.0
812.0,661.0
794.0,640.0
788.0,634.0
778.0,629.0
774.0,618.0
772.0,604.0
773.0,578.0
776.0,566.0
777.0,563.0
775.0,559.0
772.0,558.0
767.0,556.0
761.0,557.0
757.0,559.0
757.0,559.0
758.0,558.0
757.0,560.0
760.0,558.0
754.0,556.0
754.0,557.0
756.0,556.0
759.0,559.0
757.0,560.0
756.0,557.0
756.0,554.0
757.0,555.0
759.0,559.0
756.0,555.0
756.0,556.0
754.0,554.0
753.0,555.0
752.0,556.0
759.0,552.0
752.0,556.0
752.0,556.0
752.0,556.0
751.0,556.0
753.0,557.0
751.0,556.0
752.0,556.0
751.0,558.0
754.0,555.0
749.0,556.0
748.0,556.0
747.0,556.0
742.0,553.0
744.0,553.0
742.0,556.0
741.0,553.0
741.0,553.0
742.0,552.0
742.0,553.0
742.0,553.0
742.0,553.0
744.0,552.0
747.0,557.0
744.0,567.0
757.0,582.0
762.0,574.0
759.0,565.0
748.0,561.0
734.0,554.0
723.0,550.0
724.0,551.0
739.0,557.0
769.0,575.0
807.0,585.0
864.0,625.0
920.0,656.0
961.0,712.0
1003.0,772.0
1038.0,860.0
1094.0,946.0
1139.0,1041.0
