x,y
379.0,713.0
378.0,711.0
378.0,711.0
377.0,712.0
376.0,710.0
376.0,710.0
376.0,710.0
376.0,711.0
376.0,711.0
376.0,710.0
375.0,710.0
375.0,711.0
375.0,711.0
375.0,711.0
375.0,711.0
374.0,712.0
374.0,712.0
377.0,714.0
376.0,713.0
374.0,711.0
374.0,711.0
374.0,710.0
374.0,708.0
373.0,706.0
372.0,704.0
372.0,704.0
372.0,705.0
372.0,705.0
372.0,704.0
371.0,704.0
371.0,704.0
371.0,702.0
371.0,703.0
370.0,703.0
371.0,702.0
370.0,702.0
369.0,702.0
369.0,702.0
370.0,702.0
369.0,703.0
370.0,703.0
370.0,704.0
370.0,703.0
370.0,704.0
369.0,704.0
369.0,704.0
369.0,704.0
369.0,704.0
369.0,704.0
369.0,704.0
368.0,704.0
369.0,703.0
368.0,703.0
368.0,704.0
368.0,704.0
368.0,703.0
368.0,704.0
367.0,702.0
368.0,702.0
368.0,703.0
367.0,703.0
368.0,703.0
368.0,703.0
368.0,703.0
368.0,703.0
368.0,703.0
368.0,703.0
368.0,703.0
368.0,703.0
368.0,702.0
368.0,703.0
368.0,703.0
367.0,703.0
367.0,703.0
365.0,703.0
365.0,703.0
365.0,702.0
364.0,705.0
365.0,705.0
365.0,705.0
364.0,706.0
364.0,706.0
364.0,705.0
363.0,705.0
364.0,704.0
364.0,705.0
364.0,705.0
364.0,704.0
364.0,704.0
364.0,704.0
364.0,705.0
364.0,705.0
364.0,705.0
364.0,705.0
364.0,704.0
364.0,705.0
364.0,705.0
365.0,705.0
364.0,704.0
364.0,705.0
