x,y
974.0,856.0
976.0,857.0
975.0,857.0
976.0,858.0
976.0,858.0
978.0,858.0
978.0,859.0
977.0,859.0
975.0,863.0
976.0,863.0
976.0,864.0
976.0,865.0
975.0,864.0
974.0,865.0
972.0,868.0
973.0,868.0
973.0,868.0
972.0,869.0
972.0,870.0
972.0,870.0
972.0,869.0
972.0,870.0
972.0,871.0
972.0,871.0
972.0,872.0
971.0,873.0
970.0,873.0
970.0,873.0
968.0,875.0
969.0,875.0
972.0,876.0
972.0,876.0
969.0,875.0
969.0,876.0
969.0,876.0
968.0,875.0
967.0,875.0
967.0,875.0
966.0,875.0
967.0,875.0
968.0,875.0
969.0,876.0
972.0,886.0
970.0,891.0
962.0,911.0
947.0,922.0
927.0,930.0
915.0,940.0
885.0,950.0
844.0,960.0
807.0,970.0
756.0,986.0
713.0,948.5
670.0,911.0
669.0,912.0
670.0,918.0
672.0,918.0
672.0,918.0
672.0,918.0
672.0,918.0
672.0,918.0
672.0,917.0
672.0,917.0
671.0,917.0
672.0,918.0
672.0,918.0
672.0,918.0
673.0,918.0
673.0,917.0
673.0,917.0
670.0,926.0
673.0,918.0
673.0,918.0
670.0,926.0
671.0,927.0
660.0,936.0
627.0,944.0
597.0,946.0
562.0,965.0
520.0,973.0
521.0,972.0
521.0,972.0
520.0,972.0
520.0,972.0
520.0,972.0
520.0,971.0
520.0,971.0
520.0,972.0
520.0,971.0
521.0,971.0
523.0,956.0
521.0,956.0
522.0,964.0
521.0,971.0
521.0,972.0
520.0,972.0
521.0,971.0
521.0,964.0
522.0,959.0
526.0,956.0
