x,y
564.0,536.0
564.0,537.0
564.0,536.0
564.0,536.0
564.0,536.0
564.0,536.0
564.0,536.0
563.0,536.0
563.0,535.0
563.0,535.0
563.0,535.0
563.0,534.0
562.0,535.0
562.0,535.0
562.0,535.0
562.0,535.0
562.0,536.0
562.0,535.0
562.0,535.0
562.0,535.0
562.0,536.0
562.0,536.0
562.0,535.0
562.0,535.0
562.0,535.0
561.0,535.0
562.0,535.0
562.0,535.0
561.0,535.0
562.0,535.0
562.0,535.0
562.0,535.0
562.0,535.0
562.0,535.0
562.0,535.0
562.0,535.0
562.0,535.0
562.0,536.0
562.0,536.0
562.0,535.0
562.0,535.0
563.0,535.0
562.0,535.0
563.0,536.0
563.0,536.0
563.0,535.0
562.0,535.0
562.0,535.0
562.0,535.0
562.0,534.0
562.0,534.0
562.0,534.0
561.0,534.0
561.0,534.0
561.0,533.0
561.0,534.0
561.0,534.0
560.0,533.0
560.0,533.0
560.0,533.0
560.0,533.0
560.0,533.0
559.0,533.0
559.0,533.0
558.0,532.0
558.0,533.0
557.0,533.0
558.0,533.0
558.0,533.0
557.0,533.0
557.0,533.0
557.0,533.0
556.0,533.0
556.0,533.0
556.0,533.0
556.0,533.0
556.0,533.0
556.0,533.0
556.0,533.0
556.0,533.0
555.0,533.0
555.0,533.0
556.0,533.0
556.0,533.0
555.0,533.0
555.0,533.0
554.0,533.0
554.0,533.0
554.0,533.0
554.0,534.0
554.0,533.0
554.0,533.0
553.0,533.0
553.0,533.0
553.0,533.0
553.0,533.0
553.0,533.0
552.0,533.0
552.0,534.0
552.0,533.0
