x,y
1080.0,214.0
1087.0,283.0
1086.0,354.0
1061.0,406.0
1045.0,461.0
1015.0,497.0
985.0,526.0
971.0,549.0
948.0,566.0
924.0,596.0
906.0,620.0
892.0,656.0
884.0,693.0
882.0,737.0
873.0,780.0
859.0,818.0
847.0,861.0
825.0,893.0
804.0,921.0
782.0,945.0
772.0,958.0
756.0,969.0
740.0,982.0
730.0,1000.0
716.0,1005.0
709.0,1009.0
710.0,1007.0
702.0,1000.0
701.0,995.0
686.0,983.0
692.0,987.0
693.0,984.0
696.0,982.0
694.0,984.0
699.0,980.0
691.0,979.0
698.0,981.0
692.0,981.0
696.0,980.0
693.0,980.0
693.0,981.0
693.0,981.0
694.0,980.0
693.0,981.0
693.0,980.0
694.0,980.0
693.0,979.0
692.0,979.0
693.0,979.0
692.0,978.0
690.0,981.0
691.0,979.0
690.0,980.0
690.0,982.0
687.0,982.0
687.0,981.0
685.0,980.0
684.0,980.0
687.0,980.0
686.0,980.0
684.0,980.0
685.0,979.0
686.0,980.0
686.0,980.0
685.0,980.0
685.0,980.0
687.0,980.0
687.0,980.0
686.0,980.0
685.0,979.0
685.0,979.0
686.0,979.0
690.0,977.0
692.0,977.0
693.0,976.0
691.0,974.0
687.0,975.0
688.0,974.0
690.0,974.0
687.0,978.0
688.0,971.0
688.0,973.0
688.0,971.0
693.0,971.0
688.0,974.0
689.0,972.0
690.0,973.0
690.0,972.0
694.0,968.0
697.0,963.0
695.0,962.0
691.0,966.0
697.0,964.0
693.0,960.0
699.0,963.0
700.0,970.0
700.0,968.0
700.0,968.0
699.0,971.0
699.0,968.0
