x,y
261.0,602.0
261.0,602.0
261.0,601.0
261.0,600.0
261.0,600.0
262.0,601.0
262.0,601.0
260.0,602.0
259.0,602.0
258.0,603.0
258.0,604.0
257.0,602.0
257.0,602.0
257.0,602.0
256.0,600.0
257.0,601.0
258.0,601.0
256.0,601.0
256.0,601.0
256.0,601.0
255.0,600.0
255.0,600.0
254.0,601.0
254.0,601.0
254.0,602.0
253.0,600.0
254.0,601.0
253.0,602.0
253.0,600.0
252.0,600.0
253.0,597.0
253.0,598.0
252.0,595.0
252.0,596.0
251.0,597.0
253.0,597.0
252.0,600.0
254.0,597.0
254.0,596.0
254.0,596.0
254.0,595.0
254.0,595.0
253.0,593.0
254.0,594.0
254.0,593.0
254.0,593.0
253.0,593.0
253.0,593.0
253.0,592.0
253.0,592.0
255.0,591.0
255.0,591.0
256.0,590.0
255.0,590.0
254.0,593.0
255.0,591.0
255.0,590.0
254.0,593.0
246.0,603.0
244.0,600.0
235.0,592.0
224.0,588.0
215.0,581.0
215.0,576.0
209.0,566.0
204.0,564.0
203.0,567.0
215.0,566.0
232.0,561.0
255.0,558.0
281.0,558.0
293.0,562.0
291.0,566.0
300.0,572.0
309.0,575.0
306.0,589.0
304.0,595.0
292.0,612.0
288.0,612.0
292.0,614.0
291.0,624.0
292.0,631.0
294.0,638.0
296.0,648.0
294.0,654.0
296.0,660.0
304.0,666.0
311.0,661.0
320.0,662.0
321.0,662.0
321.0,664.0
320.0,656.0
321.0,664.0
319.0,668.0
320.0,668.0
322.0,670.0
321.0,669.0
327.0,663.0
329.0,663.0
329.0,663.0
