x,y
977.0,619.0
978.0,619.0
978.0,620.0
977.0,621.0
977.0,624.0
976.0,624.0
973.0,621.0
975.0,624.0
975.0,624.0
972.0,622.0
973.0,624.0
973.0,624.0
974.0,626.0
974.0,627.0
975.0,628.0
975.0,627.0
975.0,628.0
975.0,629.0
974.0,629.0
975.0,629.0
972.0,627.0
973.0,627.0
972.0,627.0
972.0,628.0
978.0,627.0
971.0,629.0
976.0,631.0
977.0,631.0
977.0,631.0
976.0,631.0
976.0,631.0
975.0,629.0
971.0,630.0
975.0,631.0
975.0,631.0
975.0,630.0
975.0,630.0
974.0,630.0
973.0,630.0
973.0,631.0
972.0,633.0
972.0,633.0
971.0,632.0
970.0,633.0
968.0,631.0
968.0,632.0
966.0,633.0
967.0,634.0
967.0,634.0
967.0,634.0
967.0,634.0
966.0,633.0
966.0,633.0
964.0,634.0
963.0,634.0
963.0,635.0
963.0,635.0
963.0,634.0
962.0,636.0
960.0,633.0
960.0,633.0
961.0,632.0
960.0,633.0
959.0,632.0
960.0,632.0
960.0,635.0
960.0,635.0
958.0,635.0
957.0,635.0
957.0,635.0
957.0,635.0
957.0,635.0
957.0,636.0
958.0,632.0
957.0,632.0
955.0,635.0
954.0,634.0
952.0,632.0
952.0,631.0
952.0,631.0
951.0,631.0
952.0,629.0
952.0,628.0
951.0,629.0
951.0,629.0
951.0,629.0
951.0,629.0
952.0,630.0
952.0,633.0
953.0,631.0
953.0,631.0
952.0,631.0
949.0,628.0
950.0,628.0
946.0,625.0
942.0,622.0
938.0,621.0
937.0,621.0
939.0,624.0
943.0,629.0
