x,y
1881.0,953.0
1879.0,950.0
1878.0,949.0
1876.0,948.0
1877.0,948.0
1877.0,948.0
1877.0,948.0
1876.0,948.0
1876.0,948.0
1876.0,947.0
1876.0,948.0
1876.0,947.0
1876.0,947.0
1876.0,947.0
1876.0,948.0
1877.0,949.0
1877.0,949.0
1877.0,948.0
1877.0,948.0
1877.0,948.0
1877.0,949.0
1878.0,949.0
1878.0,949.0
1878.0,949.0
1878.0,950.0
1880.0,951.0
1881.0,952.0
1881.0,954.0
1882.0,954.0
1882.0,956.0
1883.0,957.0
1885.0,960.0
1886.0,962.0
1887.0,965.0
1886.0,965.0
1887.0,966.0
1887.0,966.0
1887.0,968.0
1887.0,969.0
1887.0,969.0
1887.0,968.0
1886.0,967.0
1887.0,966.0
1887.0,967.0
1888.0,969.0
1885.0,961.0
1866.0,938.0
1876.0,947.0
1874.75,957.75
1873.5,968.5
1872.25,979.25
1871.0,990.0
1887.0,966.0
1884.0,959.0
1884.0,959.0
1884.0,959.0
1882.0,955.0
1878.0,950.0
1874.0,945.0
1873.0,943.0
1874.0,945.0
1874.0,944.0
1873.0,944.0
1869.0,940.0
1867.0,939.0
1865.0,936.0
1862.0,932.0
1861.0,930.0
1858.0,925.0
1857.0,923.0
1850.0,910.0
1852.0,896.0
1850.6666666666667,883.6666666666666
1849.3333333333333,871.3333333333334
1848.0,859.0
1849.0,856.0
1849.0,854.0
1847.0,851.0
1847.0,845.0
1850.0,845.0
1805.0,914.0
1801.0,903.0
1808.0,879.0
1807.0,865.0
1807.0,853.0
1806.8333333333333,852.8333333333334
1806.6666666666667,852.6666666666666
1806.5,852.5
1806.3333333333333,852.3333333333334
1806.1666666666667,852.1666666666666
1806.0,852.0
1806.0,857.0
1805.0,858.0
1806.0,855.0
1807.0,852.0
1806.0,850.0
1808.0,848.0
1805.0,849.0
1808.0,847.0
1806.2758620689656,847.9310344827586
