x,y
875.0,414.0
905.0,374.0
921.0,354.0
920.0,347.0
921.0,347.0
912.0,342.0
908.0,339.0
905.0,337.0
893.0,336.0
891.0,332.0
889.0,322.0
884.0,309.0
877.0,304.0
867.0,302.0
859.0,304.0
853.0,310.0
853.0,318.0
856.0,336.0
848.0,359.0
842.0,376.0
822.0,399.0
809.0,427.0
792.0,440.0
758.0,441.0
710.0,424.0
676.0,430.0
645.0,441.0
608.0,461.0
571.0,474.0
534.0,477.0
504.0,469.0
472.0,478.0
443.0,499.0
414.0,519.0
402.0,541.0
389.0,557.0
375.0,562.0
362.0,567.0
344.0,567.0
327.0,570.0
310.0,571.0
307.0,600.0
290.0,629.0
281.0,649.0
282.0,654.0
281.0,652.0
281.0,648.0
276.0,650.0
272.0,647.0
267.0,646.0
266.0,635.0
261.0,633.0
254.0,633.0
247.0,631.0
237.0,631.0
243.0,628.0
255.0,628.0
261.0,634.0
270.0,636.0
283.0,628.0
288.0,627.0
277.0,624.0
275.0,624.0
267.0,626.0
269.0,625.0
256.0,627.0
250.0,628.0
250.0,628.0
243.0,626.0
247.0,624.0
255.0,625.0
270.0,629.0
272.0,626.0
271.0,623.0
266.0,619.0
269.0,617.0
267.0,612.0
267.0,608.0
269.0,609.0
271.0,610.0
272.0,609.0
272.0,609.0
268.0,614.0
272.0,609.0
277.0,607.0
269.0,614.0
277.0,609.0
276.0,607.0
273.0,614.0
275.0,607.0
276.0,607.0
274.0,614.0
277.0,607.0
276.0,607.0
277.0,607.0
276.0,607.0
276.0,606.0
277.0,607.0
278.0,605.0
278.0,606.0
