x,y
461.0,1060.0
462.0,1059.0
462.0,1059.0
461.0,1060.0
460.0,1061.0
459.0,1061.0
459.0,1062.0
455.0,1065.0
453.0,1065.0
453.0,1065.0
456.0,1065.0
455.0,1066.0
461.0,1068.0
459.0,1069.0
452.0,1067.0
448.0,1066.0
445.0,1064.0
448.0,1058.0
454.0,1045.0
462.0,1039.0
478.0,1029.0
486.0,1023.0
506.0,924.0
516.0,895.0
527.0,867.0
530.0,844.0
529.0,827.0
528.0,815.0
530.0,809.0
542.0,809.0
552.0,813.0
571.0,821.0
594.0,838.0
610.0,851.0
620.0,874.0
624.0,893.0
632.0,911.0
628.0,946.0
631.0,971.0
639.0,989.0
630.0,1020.0
631.0,1049.0
631.0,1074.0
