x,y
550.0,513.0
550.0,514.0
548.0,519.0
544.0,530.0
545.0,530.0
544.0,530.0
545.0,531.0
545.0,531.0
545.0,530.0
546.0,531.0
546.0,531.0
545.0,531.0
546.0,532.0
545.0,531.0
546.0,532.0
546.0,532.0
547.0,527.0
546.0,531.0
548.0,527.0
549.0,524.0
549.0,522.0
549.0,519.0
546.0,506.0
546.0,505.0
546.0,506.0
547.0,506.0
550.0,522.0
548.0,526.0
548.0,527.0
548.0,530.0
547.0,531.0
547.0,532.0
547.0,530.0
547.0,529.0
547.0,530.0
548.0,530.0
548.0,531.0
548.0,528.0
548.0,531.0
549.0,529.0
548.0,530.0
548.0,529.0
546.0,527.0
547.0,527.0
546.0,526.0
547.0,527.0
548.0,527.0
548.0,527.0
547.0,527.0
549.0,528.0
548.0,527.0
548.0,526.0
548.0,527.0
550.0,526.0
550.0,525.0
550.0,526.0
550.0,525.0
550.0,525.0
550.0,525.0
550.0,524.0
551.0,524.0
550.0,524.0
550.0,525.0
551.0,525.0
551.0,525.0
551.0,525.0
553.0,525.0
551.0,525.0
551.0,525.0
553.0,525.0
551.0,525.0
551.0,525.0
551.0,525.0
551.0,525.0
553.0,525.0
553.0,526.0
553.0,526.0
552.0,526.0
551.0,527.0
551.0,527.0
551.0,527.0
551.0,528.0
551.0,527.0
550.0,528.0
551.0,527.0
551.0,528.0
551.0,528.0
551.0,528.0
550.0,527.0
549.0,528.0
549.0,528.0
549.0,528.0
549.0,528.0
549.0,528.0
550.0,529.0
549.0,528.0
549.0,528.0
549.0,528.0
549.0,529.0
549.0,529.0
