x,y
1028.0,831.0
1031.0,839.0
1028.0,857.0
1027.0,858.0
1028.0,856.0
1028.0,857.0
1028.0,828.0
1027.0,822.0
1028.0,822.0
1030.0,824.0
1031.0,823.0
1030.0,827.0
1023.0,825.0
1028.0,826.0
1025.0,833.0
1028.0,831.0
1031.0,834.0
1041.0,841.0
1051.0,851.0
1063.0,861.0
1074.0,873.0
1088.0,880.0
1104.0,883.0
1112.0,881.0
1115.0,876.0
1115.0,869.0
1118.0,862.0
1120.0,858.0
1109.0,856.0
1108.0,853.0
1110.0,846.0
1113.0,833.0
1120.0,836.0
1118.0,840.0
1120.0,835.0
1123.0,840.0
1124.0,836.0
1124.0,839.0
1126.0,846.0
1123.0,833.0
1123.0,841.0
1122.0,839.0
1125.0,842.0
1126.0,841.0
1124.0,840.0
1124.0,838.0
1126.0,840.0
1126.0,841.0
1126.0,840.0
1129.0,846.0
1132.0,848.0
1125.0,855.0
1133.0,848.0
1128.0,858.0
1133.0,861.0
1140.0,860.0
1156.0,851.0
1175.0,856.0
1188.0,848.0
1200.0,837.0
1221.0,831.0
1229.0,835.0
1241.0,831.0
1260.0,827.0
1277.0,832.0
1300.0,849.0
1328.0,855.0
1342.0,861.0
1377.0,872.0
1386.0,865.0
1395.0,853.0
1394.0,834.0
1389.0,816.0
1388.0,807.0
1412.0,800.0
1426.0,809.0
1450.0,818.0
1472.0,819.0
1492.0,820.0
1506.0,816.0
1520.0,810.0
1526.0,801.0
1540.0,791.0
1534.0,782.0
1532.0,782.0
1539.0,779.0
1546.0,779.0
1546.0,772.0
1547.0,771.0
1548.0,772.0
1548.0,771.0
1549.0,770.0
1549.0,770.0
1552.0,771.0
1553.0,771.0
1553.0,771.0
1551.0,769.0
1552.0,770.0
1553.0,770.0
1559.0,767.0
