x,y
390.0,117.0
389.0,117.0
389.0,117.0
388.0,119.0
388.0,119.0
387.0,119.0
385.0,121.0
385.0,121.0
385.0,121.0
385.0,121.0
387.0,124.0
390.0,124.0
386.0,121.0
387.0,124.0
389.0,123.0
391.0,125.0
391.0,125.0
390.0,125.0
391.0,124.0
392.0,125.0
394.0,126.0
395.0,124.0
395.0,125.0
395.0,125.0
396.0,125.0
396.0,125.0
394.0,124.0
394.0,126.0
393.0,124.0
392.0,124.0
391.0,124.0
390.0,124.0
391.0,129.0
390.0,124.0
388.0,125.0
389.0,124.0
389.0,123.0
388.0,128.0
387.0,128.0
387.0,123.0
388.0,127.0
381.0,124.0
382.0,125.0
388.0,127.0
388.0,123.0
387.0,123.0
387.0,123.0
386.0,123.0
381.0,124.0
386.0,122.0
390.0,127.0
382.0,125.0
380.0,127.0
381.0,127.0
380.0,127.0
376.0,128.0
377.0,124.0
378.0,122.0
379.0,113.0
384.0,98.0
383.0,98.0
384.0,98.0
379.0,114.0
371.0,118.0
369.0,117.0
357.0,125.0
340.0,147.0
317.0,171.0
271.0,194.0
205.0,213.0
123.0,234.0
27.0,255.0
