x,y
804.0,840.0
805.0,840.0
805.0,840.0
805.0,840.0
805.0,840.0
806.0,841.0
805.0,841.0
805.0,841.0
805.0,841.0
806.0,841.0
805.0,841.0
806.0,842.0
805.0,844.0
806.0,842.0
805.0,844.0
805.0,845.0
805.0,845.0
805.0,846.0
804.0,847.0
803.0,846.0
800.0,843.0
801.0,845.0
802.0,846.0
801.0,847.0
803.0,848.0
803.0,849.0
804.0,850.0
804.0,850.0
804.0,849.0
802.0,849.0
802.0,848.0
802.0,847.0
802.0,847.0
803.0,847.0
804.0,848.0
805.0,848.0
806.0,849.0
807.0,850.0
806.0,851.0
806.0,850.0
806.0,848.0
806.0,849.0
807.0,850.0
808.0,851.0
810.0,851.0
810.0,850.0
811.0,852.0
811.0,851.0
811.0,850.0
812.0,851.0
812.0,851.0
813.0,851.0
814.0,850.0
814.0,850.0
816.0,850.0
818.0,850.0
819.0,849.0
822.0,848.0
823.0,847.0
822.0,847.0
823.0,846.0
823.0,847.0
823.0,847.0
822.0,846.0
823.0,846.0
822.0,845.0
820.0,846.0
822.0,845.0
821.0,845.0
822.0,845.0
826.0,848.0
824.0,844.0
825.0,843.0
825.0,843.0
825.0,843.0
825.0,842.0
824.0,842.0
826.0,843.0
826.0,844.0
826.0,843.0
825.0,842.0
825.0,841.0
825.0,840.0
824.0,839.0
824.0,839.0
825.0,840.0
824.0,840.0
825.0,840.0
824.0,840.0
825.0,840.0
825.0,839.0
823.0,837.0
824.0,837.0
824.0,835.0
824.0,835.0
824.0,835.0
822.0,834.0
821.0,834.0
821.0,833.0
821.0,833.0
