x,y
889.0,506.0
890.0,506.0
890.0,507.0
890.0,507.0
899.0,509.0
897.0,510.0
899.0,509.0
897.0,511.0
897.0,515.0
898.0,515.0
898.0,515.0
898.0,513.0
898.0,514.0
896.0,515.0
896.0,518.0
894.0,518.0
892.0,526.0
891.0,526.0
891.0,526.0
892.0,525.0
892.0,525.0
892.0,524.0
892.0,525.0
892.0,527.0
890.0,532.0
891.0,528.0
892.0,528.0
893.0,526.0
891.0,526.0
892.0,526.0
890.0,532.0
892.0,535.0
891.0,536.0
891.0,535.0
892.0,535.0
892.0,536.0
892.0,537.0
892.0,537.0
892.0,538.0
893.0,538.0
893.0,539.0
891.0,539.0
891.0,538.0
893.0,538.0
893.0,538.0
893.0,537.0
894.0,538.0
894.0,537.0
892.0,536.0
893.0,536.0
893.0,538.0
893.0,542.0
893.0,542.0
893.0,543.0
893.0,543.0
894.0,543.0
895.0,544.0
896.0,543.0
896.0,543.0
896.0,543.0
896.0,543.0
897.0,544.0
897.0,544.0
897.0,544.0
896.0,543.0
896.0,543.0
894.0,541.0
900.0,544.0
923.0,543.0
952.0,548.0
973.0,555.0
997.0,570.0
1005.0,595.0
1021.0,608.0
1020.0,630.0
1040.0,647.0
1049.0,665.0
1058.0,679.0
1065.0,681.0
1069.0,689.0
1069.0,684.0
1080.0,677.0
1086.0,674.0
1085.0,683.0
1089.0,687.0
1089.0,693.0
1102.0,712.0
1103.0,712.0
1106.0,712.0
1106.0,712.0
1108.0,715.0
1109.0,718.0
1108.0,718.0
1107.0,717.0
1109.0,717.0
1106.0,718.0
1106.0,719.0
1106.0,719.0
1110.0,719.0
1111.0,717.0
