x,y
877.0,573.0
878.0,573.0
875.0,572.0
879.0,573.0
876.0,571.0
876.0,571.0
878.0,574.0
876.0,573.0
880.0,571.0
876.0,574.0
880.0,571.0
878.0,573.0
880.0,571.0
878.0,573.0
877.0,572.0
879.0,571.0
876.0,572.0
877.0,571.0
876.0,570.0
879.0,567.0
879.0,567.0
879.0,567.0
882.0,563.0
878.0,564.0
882.0,563.0
879.0,566.0
881.0,561.0
880.0,565.0
880.0,564.0
881.0,564.0
881.0,561.0
881.0,565.0
880.0,565.0
880.0,565.0
880.0,562.0
880.0,565.0
880.0,561.0
879.0,564.0
880.0,563.0
880.0,564.0
879.0,565.0
879.0,564.0
880.0,563.0
880.0,563.0
881.0,562.0
882.0,562.0
883.0,562.0
883.0,561.0
882.0,562.0
883.0,561.0
882.0,561.0
884.0,562.0
885.0,563.0
885.0,563.0
888.0,564.0
886.0,561.0
884.0,563.0
887.0,563.0
888.0,565.0
886.0,562.0
890.0,559.0
890.0,561.0
892.0,563.0
893.0,559.0
893.0,563.0
893.0,564.0
894.0,564.0
893.0,563.0
894.0,563.0
893.0,564.0
893.0,565.0
893.0,564.0
894.0,564.0
893.0,564.0
894.0,564.0
895.0,565.0
894.0,564.0
894.0,565.0
894.0,564.0
894.0,563.0
896.0,564.0
896.0,565.0
896.0,564.0
896.0,563.0
896.0,564.0
895.0,564.0
895.0,564.0
895.0,563.0
894.0,563.0
893.0,565.0
894.0,566.0
894.0,566.0
894.0,567.0
894.0,568.0
893.0,568.0
893.0,569.0
894.0,568.0
894.0,569.0
894.0,569.0
894.0,569.0
