x,y
398.0,369.0
397.0,369.0
397.0,371.0
397.0,371.0
397.0,371.0
396.0,371.0
395.0,371.0
396.0,370.0
396.0,370.0
395.0,371.0
395.0,371.0
395.0,370.0
392.0,371.0
393.0,370.0
392.0,370.0
392.0,371.0
392.0,371.0
391.0,372.0
392.0,371.0
392.0,371.0
392.0,370.0
391.0,371.0
392.0,371.0
392.0,371.0
391.0,371.0
391.0,372.0
391.0,372.0
391.0,372.0
392.0,373.0
392.0,373.0
392.0,372.0
391.0,374.0
391.0,374.0
391.0,373.0
391.0,373.0
390.0,375.0
390.0,375.0
391.0,372.0
390.0,376.0
391.0,372.0
389.0,376.0
389.0,376.0
389.0,373.0
389.0,376.0
389.0,376.0
389.0,376.0
390.0,376.0
390.0,376.0
390.0,376.0
390.0,376.0
391.0,376.0
392.0,374.0
391.0,373.0
391.0,377.0
392.0,375.0
390.0,376.0
390.0,377.0
393.0,377.0
390.0,378.0
392.0,377.0
392.0,378.0
391.0,378.0
392.0,378.0
391.0,377.0
391.0,377.0
391.0,376.0
389.0,376.0
392.0,377.0
392.0,378.0
392.0,377.0
395.0,380.0
395.0,378.0
395.0,380.0
393.0,380.0
395.0,380.0
395.0,379.0
394.0,378.0
394.0,378.0
395.0,378.0
395.0,378.0
395.0,378.0
396.0,378.0
396.0,379.0
397.0,379.0
398.0,378.0
397.0,378.0
396.0,378.0
395.0,377.0
395.0,378.0
395.0,378.0
395.0,378.0
395.0,378.0
394.0,378.0
392.0,381.0
394.0,380.0
393.0,377.0
393.0,378.0
393.0,379.0
393.0,380.0
395.0,379.0
