x,y
1035.4545454545455,755.0
1036.909090909091,755.0
1038.3636363636363,755.0
1039.8181818181818,755.0
1041.2727272727273,755.0
1042.7272727272727,755.0
1044.1818181818182,755.0
1045.6363636363637,755.0
1047.090909090909,755.0
1048.5454545454545,755.0
1050.0,755.0
1057.0,752.0
1065.0,748.0
1048.0,755.0
1048.2,754.3
1048.4,753.6
1048.6,752.9
1048.8,752.2
1049.0,751.5
1049.2,750.8
1049.4,750.1
1049.6,749.4
1049.8,748.7
1050.0,748.0
1043.0,749.0
1035.0,750.0
1034.0,750.0
1043.0,748.0
939.0,692.0
937.8260869565217,694.3695652173913
936.6521739130435,696.7391304347826
935.4782608695652,699.1086956521739
934.304347826087,701.4782608695652
933.1304347826087,703.8478260869565
931.9565217391304,706.2173913043479
930.7826086956521,708.5869565217391
929.6086956521739,710.9565217391304
928.4347826086956,713.3260869565217
927.2608695652174,715.695652173913
926.0869565217391,718.0652173913044
924.9130434782609,720.4347826086956
923.7391304347826,722.804347826087
922.5652173913044,725.1739130434783
921.3913043478261,727.5434782608695
920.2173913043479,729.9130434782609
919.0434782608695,732.2826086956521
917.8695652173913,734.6521739130435
916.695652173913,737.0217391304348
915.5217391304348,739.3913043478261
914.3478260869565,741.7608695652174
913.1739130434783,744.1304347826087
912.0,746.5
910.8260869565217,748.8695652173913
909.6521739130435,751.2391304347826
908.4782608695652,753.6086956521739
907.304347826087,755.9782608695652
906.1304347826087,758.3478260869565
904.9565217391304,760.7173913043479
903.7826086956521,763.0869565217391
902.6086956521739,765.4565217391305
901.4347826086956,767.8260869565217
900.2608695652174,770.195652173913
899.0869565217391,772.5652173913044
897.9130434782609,774.9347826086956
896.7391304347826,777.304347826087
895.5652173913044,779.6739130434783
894.3913043478261,782.0434782608695
893.2173913043479,784.4130434782609
892.0434782608695,786.7826086956521
890.8695652173913,789.1521739130435
889.695652173913,791.5217391304348
888.5217391304348,793.8913043478261
887.3478260869565,796.2608695652174
886.1739130434783,798.6304347826087
885.0,801.0
886.0,801.0
806.0,806.0
819.2,803.8
832.4,801.6
845.6,799.4
858.8,797.2
872.0,795.0
873.0,796.0
873.0,797.0
879.1818181818181,788.0909090909091
885.3636363636364,779.1818181818181
891.5454545454545,770.2727272727273
897.7272727272727,761.3636363636364
903.9090909090909,752.4545454545455
910.0909090909091,743.5454545454545
916.2727272727273,734.6363636363636
922.4545454545455,725.7272727272727
928.6363636363636,716.8181818181819
934.8181818181818,707.9090909090909
941.0,699.0
941.0,700.0
1062.0,702.0
1060.2307692307693,705.5384615384615
1058.4615384615386,709.0769230769231
1056.6923076923076,712.6153846153846
