x,y
1730.0,86.0
1716.0,100.0
1719.0,114.0
1715.0,120.0
1705.0,125.0
1699.0,141.0
1683.0,152.0
1681.0,154.0
1678.0,161.0
1679.0,160.0
1681.0,159.0
1688.0,160.0
1687.0,159.0
1688.0,159.0
1688.0,159.0
1687.0,158.0
1687.0,158.0
1686.0,157.0
1687.0,157.0
1689.0,156.0
1689.0,158.0
1687.0,158.0
1688.0,159.0
1688.0,159.0
1688.0,159.0
1689.0,159.0
1691.0,158.0
1692.0,157.0
1692.0,158.0
1692.0,158.0
1692.0,158.0
1691.0,158.0
1693.0,157.0
1692.0,159.0
1692.0,160.0
1693.0,161.0
1693.0,159.0
1693.0,157.0
1692.0,160.0
1692.0,160.0
1693.0,159.0
1693.0,159.0
1692.0,158.0
1692.0,158.0
1692.0,159.0
1692.0,158.0
1693.0,157.0
1695.0,155.0
1694.0,157.0
1701.0,152.0
1694.0,156.0
1695.0,154.0
1695.0,154.0
1695.0,154.0
1695.0,157.0
1695.0,156.0
1697.0,161.0
1701.0,159.0
1700.0,157.0
1700.0,158.0
1701.0,158.0
1701.0,157.0
1701.0,157.0
1700.0,158.0
1700.0,158.0
1701.0,161.0
1701.0,162.0
1696.0,166.0
1705.0,159.0
1705.0,160.0
1705.0,161.0
1705.0,159.0
1705.0,159.0
1685.0,153.0
1685.5,153.0
1686.0,153.0
1685.0,153.0
1687.0,153.0
1687.0,152.0
1688.0,152.0
1688.0,152.0
1686.0,153.0
1689.8,154.4
1693.6,155.8
1697.4,157.2
1701.2,158.6
1705.0,160.0
1699.0,163.0
1700.0,163.0
1699.0,163.0
1700.0,163.0
1702.0,163.5
1704.0,164.0
1705.0,164.0
1705.0,164.0
1705.0,164.0
1704.0,163.0
1705.0,165.0
1703.0,164.0
1699.0,164.0
