x,y
174.0,802.0
173.0,802.0
173.0,802.0
173.0,804.0
175.0,804.0
175.0,804.0
176.0,805.0
178.0,805.0
177.0,805.0
178.0,806.0
177.0,805.0
178.0,804.0
180.0,804.0
182.0,801.0
180.0,804.0
177.0,803.0
176.0,804.0
175.0,803.0
174.0,803.0
174.0,804.0
175.0,804.0
175.0,804.0
174.0,804.0
174.0,804.0
171.0,795.0
171.0,804.0
170.0,802.0
169.0,801.0
168.0,803.0
164.0,805.0
162.0,804.0
161.0,804.0
162.0,805.0
162.0,804.0
163.0,807.0
162.0,807.0
162.0,807.0
162.0,807.0
162.0,807.0
162.0,807.0
161.0,806.0
161.0,806.0
161.0,806.0
160.0,805.0
160.0,805.0
160.0,805.0
160.0,804.0
159.0,804.0
159.0,804.0
158.0,806.0
157.0,802.0
150.0,810.0
123.0,816.0
101.0,846.0
62.0,866.0
34.0,907.0
23.0,967.0
9.0,1035.0
