x,y
821.0,833.0
819.0,832.0
820.0,832.0
820.0,832.0
822.0,831.0
822.0,831.0
820.0,831.0
819.0,830.0
818.0,830.0
820.0,830.0
820.0,828.0
818.0,828.0
818.0,830.0
818.0,828.0
819.0,828.0
819.0,828.0
819.0,828.0
819.0,828.0
819.0,828.0
819.0,828.0
818.0,829.0
817.0,831.0
815.0,831.0
813.0,831.0
812.0,831.0
811.0,831.0
812.0,831.0
812.0,831.0
810.0,832.0
811.0,834.0
812.0,835.0
814.0,835.0
814.0,834.0
813.0,834.0
813.0,833.0
813.0,834.0
812.0,835.0
813.0,834.0
810.0,833.0
804.0,838.0
803.0,845.0
803.0,851.0
814.0,854.0
818.0,851.0
822.0,854.0
830.0,860.0
838.0,867.0
847.0,879.0
855.0,899.0
861.0,910.0
870.0,936.0
873.0,940.0
881.0,947.0
901.0,957.0
897.0,967.0
906.0,967.0
910.0,970.0
910.0,977.0
914.0,979.0
920.0,978.0
930.0,984.0
931.0,983.0
939.0,982.0
940.0,982.0
934.0,981.0
939.0,980.0
939.0,980.0
938.0,981.0
939.0,980.0
937.0,979.0
937.0,980.0
938.0,978.0
939.0,978.0
940.0,980.0
937.0,979.0
936.0,979.0
939.0,987.0
941.0,981.0
940.0,980.0
940.0,979.0
937.0,978.0
942.0,979.0
939.0,976.0
941.0,977.0
940.0,976.0
942.0,976.0
943.0,976.0
944.0,975.0
944.0,975.0
945.0,976.0
945.0,976.0
945.0,976.0
945.0,976.0
945.0,976.0
946.0,974.0
948.0,972.0
946.0,975.0
946.0,975.0
946.0,976.0
946.0,976.0
