x,y
787.0,826.0
789.0,828.0
790.0,824.0
790.0,824.0
791.0,824.0
791.0,824.0
791.0,823.0
791.0,824.0
791.0,824.0
791.0,824.0
791.0,824.0
792.0,823.0
792.0,823.0
791.0,823.0
791.0,829.0
792.0,824.0
792.0,824.0
793.0,828.0
796.0,827.0
797.0,825.0
795.0,827.0
796.0,826.0
796.0,825.0
796.0,825.0
796.0,824.0
795.0,824.0
796.0,823.0
797.0,823.0
796.0,824.0
797.0,825.0
797.0,825.0
797.0,825.0
797.0,826.0
797.0,826.0
797.0,825.0
798.0,825.0
797.0,825.0
797.0,826.0
797.0,826.0
797.0,826.0
800.0,829.0
800.0,829.0
799.0,829.0
799.0,830.0
801.0,831.0
802.0,831.0
802.0,831.0
805.0,832.0
804.0,832.0
805.0,833.0
805.0,833.0
806.0,832.0
806.0,833.0
806.0,834.0
806.0,833.0
806.0,833.0
806.0,834.0
805.0,835.0
805.0,836.0
805.0,837.0
804.0,837.0
805.0,838.0
804.0,838.0
804.0,838.0
804.0,837.0
803.0,838.0
803.0,837.0
803.0,837.0
803.0,837.0
804.0,837.0
803.0,838.0
802.0,838.0
802.0,839.0
803.0,840.0
802.0,837.0
795.0,834.0
792.0,834.0
792.0,837.0
796.0,840.0
800.0,839.0
805.0,836.0
813.0,833.0
826.0,830.0
818.0,806.0
805.0,788.0
784.0,762.0
775.0,742.0
776.0,715.0
780.0,697.0
784.0,676.0
794.0,658.0
802.0,643.0
806.0,629.0
807.0,624.0
811.0,619.0
811.0,612.0
821.0,611.0
827.0,604.0
829.0,595.0
830.0,593.0
