x,y
1486.0,998.0
1486.0,1000.0
1486.0,998.0
1478.0,998.0
1479.0,997.0
1496.0,1006.0
1496.0,1005.0
1497.0,1013.0
1497.0,1014.0
1498.0,1014.0
1498.0,1013.0
1498.0,1012.0
1497.0,1013.0
1498.0,1012.0
1495.0,1010.0
1495.0,1010.0
1495.0,1010.0
1498.0,1008.0
1501.0,1012.0
1503.0,1007.0
1506.0,1008.0
1511.0,1009.0
1514.0,1013.0
1522.0,1013.0
1535.0,1007.0
1551.0,1011.0
1562.0,1014.0
1563.0,1014.0
1561.0,1016.0
1548.0,1015.0
1534.0,1018.0
1522.0,1023.0
1505.0,1025.0
1482.0,1030.0
1461.0,1029.0
1452.0,1029.0
1445.0,1019.0
1442.0,1003.0
1433.0,993.0
1423.0,985.0
1424.0,991.0
1422.0,993.0
1425.0,997.0
1437.0,1001.0
1444.0,1005.0
1448.0,1003.0
1449.0,1000.0
1447.0,995.0
1440.0,984.0
1426.0,968.0
1409.0,951.0
1397.0,940.0
1383.0,929.0
1379.0,924.0
1380.0,912.0
1377.0,897.0
1368.0,897.0
1360.0,898.0
1357.0,895.0
1353.0,883.0
1353.0,880.0
1356.0,880.0
1358.0,870.0
1367.0,883.0
1368.0,877.0
1375.0,893.0
1377.0,895.0
1389.0,898.0
1391.0,900.0
1394.0,900.0
1394.0,897.0
1397.0,909.0
1403.0,911.0
1406.0,911.0
1409.0,908.0
1411.0,907.0
1415.0,907.0
1420.0,907.0
1420.0,906.0
1426.0,899.0
1426.0,898.0
1430.0,897.0
1432.0,896.0
1434.0,896.0
1434.0,895.0
1435.0,893.0
1434.0,888.0
1438.0,890.0
1439.0,891.0
1440.0,889.0
1440.0,889.0
1442.0,889.0
1444.0,890.0
1443.0,888.0
1443.0,888.0
1443.0,886.0
1443.0,888.0
1444.0,886.0
1445.0,883.0
1447.0,879.0
