x,y
526.0,956.0
527.0,946.0
527.0,945.0
527.0,945.0
527.0,945.0
528.0,944.0
529.0,941.0
529.0,948.0
534.0,893.0
539.0,838.0
563.0,819.0
582.0,813.0
564.0,820.0
565.0,820.0
565.0,820.0
565.0,820.0
564.0,820.0
563.0,819.0
564.0,819.0
563.0,819.0
561.0,820.0
561.0,820.0
562.0,820.0
562.0,819.0
562.0,819.0
562.0,819.0
562.0,819.0
564.0,819.0
563.0,820.0
563.0,820.0
562.0,820.0
561.0,819.0
559.0,817.0
570.0,810.0
557.0,817.0
557.0,816.0
557.0,817.0
567.0,811.0
576.0,809.0
580.0,809.0
581.0,812.0
555.5555555555555,820.2222222222222
530.1111111111111,828.4444444444445
504.6666666666667,836.6666666666666
479.22222222222223,844.8888888888889
453.77777777777777,853.1111111111111
428.33333333333337,861.3333333333334
402.8888888888889,869.5555555555555
377.44444444444446,877.7777777777778
352.0,886.0
419.0,886.0
499.0,884.0
569.0,863.0
641.0,821.0
705.0,774.0
763.0,727.0
809.0,677.0
841.0,638.0
856.0,601.0
869.0,584.0
871.0,574.0
874.0,565.0
880.0,559.0
895.0,556.0
903.0,552.0
914.0,549.0
920.0,543.0
936.0,535.0
950.0,529.0
955.0,520.0
956.0,511.0
956.0,508.0
959.0,506.0
959.0,506.0
964.0,504.0
967.0,503.0
968.0,501.0
975.0,498.0
983.0,495.0
985.0,498.0
985.0,499.0
978.0,497.0
977.0,493.0
977.0,493.0
986.0,502.0
1002.0,514.0
982.0,502.0
978.0,501.0
974.0,497.0
974.0,497.0
975.0,497.0
973.0,498.0
975.0,500.0
976.0,500.0
980.0,496.0
975.0,495.0
982.0,498.0
980.0,497.0
980.0,495.0
980.0,494.0
