x,y
1626.0,43.0
1627.0,40.0
1626.0,43.0
1628.0,40.0
1630.0,41.0
1628.0,39.0
1626.0,41.0
1625.0,42.0
1625.0,43.0
1626.0,41.0
1625.0,43.0
1623.0,39.0
1622.0,39.0
1622.0,39.0
1624.0,37.0
1624.0,37.0
1624.0,38.0
1622.0,36.0
1622.0,35.0
1623.0,36.0
1623.0,36.0
1623.0,35.0
1621.0,36.0
1621.0,36.0
1621.0,34.0
1621.0,36.0
1621.0,36.0
1621.0,36.0
1621.0,35.0
1621.0,36.0
1622.0,36.0
1626.0,39.0
1621.0,36.0
1621.0,36.0
1621.0,34.0
1620.0,35.0
1624.0,34.0
1620.0,33.0
1619.0,36.0
1621.0,33.0
1624.0,34.0
1624.0,33.0
1623.0,34.0
1624.0,33.0
1624.0,34.0
1624.0,33.0
1622.0,36.0
1622.0,36.0
1624.0,34.0
1624.0,33.0
1623.0,33.0
1621.0,36.0
1622.0,33.0
1623.0,33.0
1618.0,32.0
1619.0,32.0
1620.0,31.0
1620.0,33.0
1618.0,30.0
1621.0,31.0
1621.0,32.0
1621.0,31.0
1619.0,28.0
1620.0,30.0
1620.0,30.0
1621.0,29.0
1620.0,30.0
1620.0,29.0
1620.0,29.0
1620.0,30.0
1619.0,29.0
1620.0,29.0
1619.0,29.0
1618.0,28.0
1615.0,28.0
1615.0,28.0
1614.0,28.0
1616.0,29.0
1614.0,28.0
1612.0,25.0
1612.0,23.0
1611.0,24.0
1612.0,24.0
1613.0,24.0
1612.0,23.0
1612.0,23.0
1612.0,23.0
1616.0,27.0
1616.0,27.0
1615.0,27.0
1613.0,29.0
1615.0,32.0
1614.0,30.0
1612.0,35.0
1612.0,36.0
1613.0,35.0
1614.0,35.0
1615.0,35.0
1614.0,35.0
1614.0,36.0
