x,y
534.0,532.0
533.0,533.0
534.0,532.0
532.0,531.0
533.0,532.0
537.0,529.0
537.0,529.0
545.0,527.0
545.0,527.0
544.0,529.0
538.0,530.0
546.0,528.0
545.0,528.0
546.0,529.0
546.0,528.0
546.0,528.0
546.0,528.0
545.0,528.0
545.0,528.0
545.0,528.0
552.0,526.0
552.0,527.0
551.0,526.0
552.0,528.0
552.0,526.0
552.0,526.0
551.0,527.0
551.0,526.0
552.0,526.0
554.0,528.0
556.0,528.0
556.0,528.0
556.0,528.0
554.0,527.0
555.0,528.0
556.0,528.0
555.0,527.0
555.0,528.0
552.0,528.0
552.0,528.0
552.0,529.0
553.0,529.0
554.0,529.0
554.0,529.0
545.0,527.0
537.0,525.0
536.0,524.0
545.0,527.0
553.0,530.0
553.0,530.0
546.0,527.0
539.0,525.0
546.0,527.0
546.0,527.0
539.0,525.0
539.0,525.0
546.0,527.0
556.0,531.0
556.0,530.0
547.0,528.0
547.0,527.0
540.0,524.0
539.0,524.0
539.0,525.0
539.0,526.0
538.0,525.0
538.0,525.0
538.0,525.0
538.0,526.0
539.0,525.0
539.0,526.0
539.0,526.0
546.0,527.0
547.0,528.0
554.0,530.0
555.0,530.0
555.0,531.0
555.0,531.0
555.0,531.0
556.0,530.0
556.0,531.0
555.0,531.0
555.0,531.0
556.0,531.0
556.0,531.0
548.0,528.0
548.0,528.0
540.0,525.0
547.0,528.0
555.0,531.0
555.0,531.0
548.0,528.0
549.0,527.0
550.0,527.0
550.0,527.0
550.0,527.0
550.0,527.0
549.0,527.0
550.0,527.0
549.0,527.0
