x,y
1643.0,732.0
1643.0,736.0
1643.0,738.0
1644.0,735.0
1651.0,725.0
1655.0,719.0
1655.0,718.0
1653.0,717.0
1653.0,719.0
1662.0,730.0
1678.0,738.0
1656.0,725.0
1655.0,722.0
1659.0,725.0
1656.0,722.0
1656.0,722.0
1658.0,723.0
1673.0,715.0
1657.0,725.0
1657.0,725.0
1657.0,725.0
1656.0,725.0
1656.0,725.0
1656.0,724.0
1657.0,724.0
1657.0,725.0
1657.0,724.0
1658.0,723.0
1661.0,722.0
1658.0,725.0
1659.0,724.0
1659.0,724.0
1658.0,724.0
1659.0,724.0
1659.0,724.0
1657.0,722.0
1658.0,722.0
1658.0,722.0
1658.0,722.0
1658.0,722.0
1659.0,722.0
1659.0,723.0
1660.0,723.0
1674.0,716.0
1674.0,716.0
1672.0,716.0
1672.0,716.0
1671.0,716.0
1658.0,714.0
1660.0,718.0
1657.0,717.0
1655.0,717.0
1656.0,716.0
1660.0,717.0
1661.0,717.0
1661.0,718.0
1661.0,718.0
1661.0,718.0
1661.0,718.0
1661.0,717.0
1660.0,716.0
1659.0,716.0
1660.0,714.0
1660.0,714.0
1661.0,713.0
1661.0,711.0
1661.0,711.0
1663.0,712.0
1663.0,712.0
1662.0,711.0
1662.0,711.0
1662.0,711.0
1664.0,711.0
1663.0,712.0
1664.0,712.0
1665.0,712.0
1662.0,711.0
1662.0,710.0
1665.0,708.0
1666.0,708.0
1666.0,707.0
1667.0,707.0
1667.0,706.0
1667.0,707.0
1666.0,707.0
1667.0,707.0
1667.0,706.0
1668.0,707.0
1668.0,707.0
1670.0,707.0
1670.0,707.0
1671.0,707.0
1671.0,707.0
1671.0,707.0
1670.0,707.0
1671.0,706.0
1671.0,706.0
1671.0,706.0
1671.0,708.0
1672.0,707.0
