x,y
1524.0,6.0
1496.0,22.0
1466.0,56.0
1443.0,97.0
1430.0,132.0
1427.0,172.0
1430.0,196.0
1434.0,220.0
1449.0,235.0
1459.0,249.0
1484.0,261.0
1511.0,277.0
1537.0,308.0
1577.0,332.0
1601.0,360.0
1626.0,380.0
1656.0,399.0
1672.0,414.0
1690.0,430.0
1700.0,441.0
1723.0,466.0
1737.0,488.0
1742.0,521.0
1739.0,541.0
1749.0,553.0
1723.0,605.0
1708.0,641.0
1697.0,678.0
1693.0,702.0
1695.0,731.0
1692.0,748.0
1707.0,770.0
1710.0,795.0
1728.0,823.0
1749.0,844.0
1765.0,862.0
1780.0,874.0
1770.0,861.0
1755.0,864.0
1772.0,863.0
1777.5,870.0
1783.0,877.0
1783.0,877.0
1783.0,878.0
1837.5,893.5
1892.0,909.0
1898.0,908.0
1897.0,905.0
1895.3333333333333,902.6666666666666
1893.6666666666667,900.3333333333334
1892.0,898.0
1893.0,897.0
1892.0,895.0
1892.0,892.0
1892.0,892.0
1892.0,892.0
1892.0,892.0
1892.0,892.0
1892.0,892.0
1892.0,891.3333333333334
1892.0,890.6666666666666
1892.0,890.0
1891.0,891.0
1891.3333333333333,890.6666666666666
1891.6666666666667,890.3333333333334
1892.0,890.0
1891.6666666666667,889.5
1891.3333333333333,889.0
1891.0,888.5
1890.6666666666667,888.0
1890.3333333333333,887.5
1890.0,887.0
1890.0,886.0
1890.0,885.5
1890.0,885.0
1902.5,886.0
1915.0,887.0
1914.0,887.0
1914.0,887.0
1912.5,885.3571428571429
1911.0,883.7142857142857
1909.5,882.0714285714286
1908.0,880.4285714285714
1906.5,878.7857142857143
1905.0,877.1428571428571
1903.5,875.5
1902.0,873.8571428571429
1900.5,872.2142857142857
1899.0,870.5714285714286
1897.5,868.9285714285714
1896.0,867.2857142857143
1894.5,865.6428571428571
1893.0,864.0
1893.0,867.6666666666666
1893.0,871.3333333333334
1893.0,875.0
1893.0,876.0
1895.0,876.0
1897.0,876.0
1899.0,876.0
