x,y
1654.0,902.0
1677.0,884.0
1692.0,851.0
1709.0,817.0
1710.0,773.0
1709.0,735.0
1717.0,702.0
1717.0,683.0
1724.0,659.0
1725.0,642.0
1724.0,624.0
1725.0,602.0
1714.0,566.0
1712.0,544.0
1707.0,512.0
1712.0,484.0
1714.0,453.0
1704.0,423.0
1703.0,392.0
1702.0,367.0
1711.0,352.0
1723.0,353.0
1742.0,357.0
1754.0,353.0
1757.0,359.0
1769.0,361.0
1781.0,351.0
1784.0,337.0
1788.0,329.0
1787.0,318.0
1796.0,315.0
1800.0,315.0
1801.0,312.0
1802.0,309.0
1807.6,312.4
1813.2,315.8
1818.8,319.2
1824.4,322.6
1830.0,326.0
1811.0,332.0
1790.0,337.0
1776.0,332.0
1764.0,325.0
1761.0,325.0
1748.0,318.0
1754.0,306.0
1758.0,302.0
1756.0,296.0
1744.0,303.0
1738.0,315.0
1739.0,317.0
1732.0,300.0
1721.0,277.0
1705.0,271.0
1683.0,274.0
1672.0,214.0
1663.0,199.0
1659.0,184.0
1663.0,193.0
1656.0,190.0
1657.0,192.0
1660.0,199.0
1661.0,222.0
1655.0,252.0
1654.0,250.0
1659.0,248.0
1660.0,248.0
1657.0,249.0
1664.0,252.0
1706.0,184.0
1740.0,166.0
1772.0,140.0
1784.0,99.0
1783.0,49.0
1761.0,7.0
1745.0,52.0
1729.0,97.0
1727.0,97.0
1743.0,101.0
1762.0,104.0
1702.0,105.5
1642.0,107.0
1647.0,107.0
1647.0,107.0
1648.3333333333333,108.0
1649.6666666666667,109.0
1651.0,110.0
1648.0,110.0
1650.0,109.0
1650.0,108.66666666666667
1650.0,108.33333333333333
1650.0,108.0
1646.0,107.0
1685.3333333333333,106.0
1724.6666666666667,105.0
1764.0,104.0
1761.0,103.0
1761.2222222222222,103.11111111111111
1761.4444444444443,103.22222222222223
1761.6666666666667,103.33333333333333
