x,y
1320.0,901.0
1320.0,901.0
1317.0,900.0
1318.0,902.0
1318.0,900.0
1319.0,900.0
1315.0,895.0
1314.0,892.0
1311.0,892.0
1310.0,890.0
1310.0,891.0
1308.0,890.0
1309.0,889.0
1310.0,890.0
1309.0,890.0
1310.0,889.0
1307.0,888.0
1311.0,885.0
1312.0,884.0
1313.0,882.0
1313.0,882.0
1311.0,883.0
1307.0,881.0
1305.0,881.0
1302.0,880.0
1291.0,878.0
1277.0,881.0
1268.0,883.0
1258.0,882.0
1247.0,875.0
1231.0,871.0
1222.0,868.0
1214.0,863.0
1201.0,864.0
1187.0,862.0
1171.0,858.0
1164.0,853.0
1161.0,845.0
1146.0,829.0
1140.0,821.0
1131.0,815.0
1129.0,810.0
1132.0,797.0
1133.0,787.0
1137.0,777.0
1141.0,765.0
1141.0,759.0
1138.0,755.0
1140.0,755.0
1137.0,747.0
1141.0,741.0
1137.0,732.0
1144.0,725.0
1142.0,723.0
1144.0,724.0
1147.0,720.0
1149.0,724.0
1145.0,723.0
1145.0,721.0
1150.0,722.0
1150.0,718.0
1150.0,718.0
1150.0,718.0
1152.0,722.0
1152.0,718.0
1153.0,718.0
1151.0,722.0
1152.0,719.0
1152.0,718.0
1151.0,719.0
1151.0,719.0
1151.0,720.0
1151.0,718.0
1151.0,719.0
1151.0,718.0
1154.0,721.0
1154.0,722.0
1155.0,722.0
1154.0,722.0
1151.0,718.0
1152.0,718.0
1154.0,721.0
1151.0,718.0
1151.0,718.0
1154.0,721.0
1151.0,718.0
1151.0,718.0
1153.0,719.0
1151.0,719.0
1152.0,720.0
1152.0,718.0
1152.0,718.0
1153.0,720.0
1152.0,717.0
1155.0,716.0
1154.0,713.0
1154.0,713.0
1155.0,713.0
1155.0,712.0
1155.0,711.0
