x,y
390.0,193.0
389.38461538461536,198.46153846153845
388.7692307692308,203.92307692307693
388.15384615384613,209.3846153846154
387.53846153846155,214.84615384615384
386.9230769230769,220.30769230769232
386.3076923076923,225.76923076923077
385.6923076923077,231.23076923076923
385.0769230769231,236.69230769230768
384.46153846153845,242.15384615384616
383.84615384615387,247.6153846153846
383.2307692307692,253.0769230769231
382.61538461538464,258.53846153846155
382.0,264.0
379.6666666666667,254.66666666666666
377.3333333333333,245.33333333333334
375.0,236.0
372.6666666666667,226.66666666666666
370.3333333333333,217.33333333333331
368.0,208.0
390.0,193.0
387.125,201.375
384.25,209.75
381.375,218.125
378.5,226.5
375.625,234.875
372.75,243.25
369.875,251.625
367.0,260.0
366.0,260.0
366.4,260.0
366.8,260.0
367.2,260.0
367.6,260.0
368.0,260.0
427.0,536.0
428.0,536.0
430.0,537.0
431.0,538.0
428.6666666666667,537.0
426.3333333333333,536.0
424.0,535.0
424.0,535.0
423.0,536.0
423.0,535.0
423.0,535.0
425.0,534.0
429.0,541.0
431.0,538.0
437.0,532.0
441.0,536.0
442.0,535.0
440.8333333333333,535.8333333333334
439.6666666666667,536.6666666666666
438.5,537.5
437.3333333333333,538.3333333333334
436.1666666666667,539.1666666666666
435.0,540.0
438.0,539.0
438.0,540.0
438.0,541.0
432.0,546.0
430.0,543.0
425.6666666666667,546.0
421.3333333333333,549.0
417.0,552.0
417.0,552.0
417.0,552.0
448.0,535.0
441.0,539.0
441.0,538.0
445.0,541.0
447.0,538.0
445.6,537.6
444.2,537.2
442.8,536.8
441.4,536.4
440.0,536.0
446.0,538.0
448.0,540.0
447.0,542.0
448.0,545.0
448.0,548.0
449.0,549.0
447.0,551.0
449.0,554.0
449.0,553.0
449.0,552.0
450.0,554.0
449.0,552.0
449.0,552.0
449.0,552.0
451.0,552.0
451.0,552.0
451.0,551.0
450.0,551.0
451.0,550.0
450.0,550.0
450.0,549.0
454.0,546.0
