x,y
821.0,514.0
820.0,515.0
821.0,515.0
821.0,515.0
821.0,515.0
821.0,515.0
821.0,515.0
821.0,513.0
820.0,513.0
820.0,513.0
817.0,514.0
817.0,514.0
818.0,515.0
817.0,516.0
817.0,515.0
818.0,514.0
818.0,516.0
818.0,516.0
819.0,515.0
819.0,516.0
818.0,516.0
818.0,516.0
817.0,516.0
818.0,516.0
817.0,516.0
817.0,517.0
817.0,517.0
814.0,517.0
812.0,517.0
812.0,519.0
814.0,522.0
815.0,522.0
815.0,523.0
814.0,523.0
815.0,522.0
815.0,522.0
814.0,523.0
816.0,523.0
814.0,522.0
814.0,525.0
816.0,530.0
815.0,532.0
816.0,533.0
817.0,533.0
815.0,532.0
816.0,532.0
816.0,532.0
815.0,532.0
815.0,531.0
814.0,531.0
813.0,530.0
811.0,529.0
812.0,531.0
812.0,531.0
812.0,531.0
815.0,538.0
815.0,539.0
815.0,540.0
817.0,542.0
816.0,542.0
816.0,544.0
818.0,543.0
819.0,543.0
819.0,544.0
819.0,541.0
819.0,541.0
817.0,542.0
819.0,541.0
819.0,541.0
819.0,541.0
818.0,540.0
819.0,541.0
818.0,540.0
818.0,541.0
817.0,541.0
818.0,540.0
819.0,540.0
819.0,540.0
819.0,541.0
819.0,540.0
819.0,540.0
818.0,540.0
817.0,540.0
817.0,540.0
818.0,540.0
821.0,540.0
822.0,542.0
823.0,542.0
827.0,541.0
827.0,542.0
825.0,543.0
830.0,543.0
831.0,542.0
831.0,542.0
831.0,542.0
831.0,542.0
831.0,542.0
832.0,541.0
832.0,541.0
831.0,542.0
