x,y
1719.0,819.0
1721.0,819.0
1720.0,819.0
1716.0,820.0
1720.0,820.0
1720.0,819.0
1718.0,820.0
1718.0,820.0
1718.0,820.0
1718.0,820.0
1718.0,821.0
1717.0,820.0
1720.0,820.0
1720.0,821.0
1718.0,822.0
1717.0,821.0
1719.0,822.0
1720.0,823.0
1718.0,824.0
1719.0,824.0
1720.0,824.0
1721.0,824.0
1721.0,824.0
1720.0,823.0
1721.0,823.0
1719.0,823.0
1720.0,824.0
1723.0,824.0
1723.0,825.0
1721.0,826.0
1707.0,827.0
1709.0,827.0
1707.0,827.0
1703.0,827.0
1708.0,826.0
1708.0,826.0
1707.0,827.0
1703.0,827.0
1703.0,827.0
1733.0,826.0
1732.0,828.0
1734.0,826.0
1730.0,827.0
1731.0,827.0
1730.0,828.0
1730.4666666666667,828.3333333333334
1730.9333333333334,828.6666666666666
1731.4,829.0
1731.8666666666666,829.3333333333334
1732.3333333333333,829.6666666666666
1732.8,830.0
1733.2666666666667,830.3333333333334
1733.7333333333333,830.6666666666666
1734.2,831.0
1734.6666666666667,831.3333333333334
1735.1333333333334,831.6666666666666
1735.6,832.0
1736.0666666666666,832.3333333333334
1736.5333333333333,832.6666666666666
1737.0,833.0
1737.4666666666667,833.3333333333334
1737.9333333333334,833.6666666666666
1738.4,834.0
1738.8666666666666,834.3333333333334
1739.3333333333333,834.6666666666666
1739.8,835.0
1740.2666666666667,835.3333333333334
1740.7333333333333,835.6666666666666
1741.2,836.0
1741.6666666666667,836.3333333333334
1742.1333333333334,836.6666666666666
1742.6,837.0
1743.0666666666666,837.3333333333334
1743.5333333333333,837.6666666666666
1744.0,838.0
1743.0,840.0
1746.0,842.0
1738.0,846.0
1740.0,846.0
1739.0,846.0
1729.0,852.0
1738.0,846.0
1748.0,845.0
1746.0,849.0
1745.0,851.0
1747.0,852.0
1743.0,851.0
1743.0,855.0
1742.0,853.0
1740.0,854.0
1739.0,856.0
1744.0,856.0
1757.0,858.0
1758.0,857.0
1758.0,858.0
1757.0,858.0
1757.0,858.0
1760.0,856.0
1758.0,860.0
1756.0,869.0
