x,y
1239.0,216.0
1234.0,207.0
1239.0,212.0
1236.0,215.0
1227.0,213.0
1229.0,216.0
1227.0,217.0
1229.0,217.0
1229.0,214.0
1230.0,216.0
1229.0,214.0
1231.0,215.0
1230.0,218.0
1229.0,218.0
1228.0,218.0
1229.0,217.0
1229.0,218.0
1229.0,219.0
1230.0,218.0
1230.0,218.0
1230.0,218.0
1231.0,218.0
1231.0,218.0
1229.0,220.0
1227.0,227.0
1226.0,228.0
1220.0,225.0
1222.0,231.0
1222.0,231.0
1221.0,233.0
1220.0,233.0
1218.0,236.0
1218.0,235.0
1218.0,235.0
1217.0,236.0
1217.0,235.0
1217.0,236.0
1217.0,235.0
1217.0,235.0
1217.0,234.0
1217.0,235.0
1217.0,234.0
1217.0,234.0
1216.0,239.0
1216.0,240.0
1216.0,240.0
1216.0,240.0
1215.0,241.0
1215.0,240.0
1214.0,241.0
1214.0,241.0
1213.0,241.0
1212.0,243.0
1211.0,242.0
1211.0,243.0
1212.0,245.0
1213.0,245.0
1213.0,244.0
1213.0,245.0
1209.0,236.0
1210.0,238.0
1209.0,236.0
1209.0,236.0
1208.0,236.0
1208.0,236.0
1208.0,236.0
1208.0,236.0
1205.0,239.0
1211.0,246.0
1211.0,247.0
1212.0,247.0
1211.0,248.0
1212.0,247.0
1211.0,249.0
1213.0,249.0
1214.0,249.0
1216.0,255.0
1219.0,257.0
1219.0,257.0
1220.0,256.0
1220.0,255.0
1220.0,256.0
1224.0,254.0
1224.0,254.0
1223.0,253.0
1223.0,253.0
1224.0,253.0
1223.0,253.0
1221.0,253.0
1223.0,254.0
1224.0,253.0
1224.0,252.0
1222.0,254.0
1222.0,257.0
1218.0,256.0
1216.0,255.0
1214.0,255.0
1215.0,257.0
1215.0,258.0
1213.0,256.0
