x,y
1244.0,992.0
1238.0,989.0
1234.0,987.0
1229.0,986.0
1228.0,985.0
1230.0,984.0
1230.0,984.0
1230.0,984.0
1230.0,984.0
1230.0,985.0
1230.0,985.0
1230.0,984.0
1230.0,985.0
1230.0,985.0
1230.0,985.0
1230.0,985.0
1230.0,985.0
1231.0,984.0
1231.0,984.0
1231.0,984.0
1236.0,981.0
1236.0,981.0
1231.0,984.0
1231.0,984.0
1231.0,983.0
1231.0,981.0
1230.0,980.0
1229.0,978.0
1231.0,978.0
1231.0,978.0
1230.0,978.0
1232.0,977.0
1232.0,977.0
1232.0,977.0
1232.0,977.0
1231.0,977.0
1230.0,975.0
1226.0,971.0
1225.0,972.0
1225.0,971.0
1223.0,970.0
1223.0,970.0
1221.0,968.0
1220.0,965.0
1217.0,963.0
1217.0,963.0
1217.0,964.0
1217.0,964.0
1217.0,964.0
1214.0,959.0
1214.0,959.0
1214.0,959.0
1217.0,965.0
1218.0,964.0
1217.0,964.0
1218.0,964.0
1218.0,964.0
1217.0,963.0
1217.0,964.0
1217.0,963.0
1217.0,964.0
1217.0,963.0
1217.0,963.0
1218.0,963.0
1217.0,964.0
1217.0,963.0
1217.0,964.0
1217.0,964.0
1218.0,964.0
1217.0,964.0
1218.0,964.0
1218.0,964.0
1214.0,961.0
1211.0,960.0
1206.0,962.0
1205.0,962.0
1205.0,961.0
1204.0,965.0
1203.0,966.0
1203.0,966.0
1201.0,965.0
1201.0,965.0
1200.0,965.0
1203.0,967.0
1203.0,967.0
1203.0,966.0
1204.0,966.0
1204.0,965.0
1203.0,966.0
1204.0,965.0
1204.0,966.0
1203.0,965.0
1204.0,965.0
1206.0,963.0
1206.0,963.0
1205.0,964.0
1205.0,964.0
1204.0,965.0
1204.0,965.0
1204.0,965.0
