x,y
293.0,134.0
282.0,175.0
273.0,205.0
271.0,231.0
271.0,260.0
267.0,278.0
264.0,299.0
269.0,320.0
262.0,342.0
258.0,342.0
260.0,339.0
260.0,342.0
261.0,340.0
261.0,340.0
260.0,340.0
259.0,341.0
259.0,342.0
256.0,340.0
261.0,347.0
260.0,348.0
259.0,350.0
259.0,352.0
257.0,352.0
257.0,352.0
257.0,351.0
257.0,351.0
256.0,352.0
257.0,352.0
256.0,352.0
250.0,356.0
248.0,357.0
247.0,356.0
245.0,359.0
240.0,358.0
239.0,357.0
239.0,357.0
242.0,358.0
238.0,357.0
234.0,357.0
237.0,360.0
241.0,359.0
241.0,359.0
241.0,359.0
241.0,356.0
238.0,357.0
236.0,357.0
236.0,361.0
237.0,363.0
233.0,371.0
233.0,376.0
237.0,375.0
232.0,376.0
232.0,377.0
233.0,378.0
237.0,376.0
236.0,375.0
235.0,376.0
231.0,379.0
223.0,391.0
217.0,425.0
214.0,451.0
220.0,482.0
207.0,516.0
218.0,558.0
229.0,605.0
256.0,643.0
284.0,674.0
306.0,690.0
327.0,705.0
338.0,728.0
363.0,746.0
391.0,755.0
401.0,771.0
424.0,781.0
441.0,790.0
470.0,804.0
481.0,811.0
479.0,810.0
478.0,808.0
477.0,807.0
475.0,805.0
474.0,807.0
476.0,808.0
476.0,808.0
475.0,806.0
475.0,806.0
474.0,805.0
474.0,806.0
476.0,806.0
475.0,806.0
476.0,806.0
475.0,805.0
475.0,805.0
475.0,805.0
474.0,806.0
474.0,806.0
473.0,805.0
474.0,805.0
474.0,806.0
474.0,806.0
