x,y
1303.0,721.0
1306.0,712.0
1318.0,706.0
1320.0,704.0
1322.0,704.0
1323.0,705.0
1320.0,706.0
1324.0,705.0
1323.0,705.0
1321.0,706.0
1320.0,707.0
1321.0,706.0
1320.0,707.0
1320.0,707.0
1320.0,707.0
1321.0,706.0
1324.0,708.0
1324.0,708.0
1324.0,708.0
1324.0,708.0
1324.0,709.0
1324.0,709.0
1321.0,706.0
1324.0,708.0
1321.0,706.0
1321.0,706.0
1320.0,706.0
1321.0,705.0
1320.0,705.0
1324.0,708.0
1321.0,705.0
1321.0,706.0
1321.0,705.0
1320.0,706.0
1320.0,704.0
1321.0,705.0
1323.0,705.0
1323.0,704.0
1323.0,704.0
1323.0,704.0
1323.0,705.0
1323.0,705.0
1324.0,704.0
1324.0,704.0
1324.0,704.0
1325.0,704.0
1325.0,704.0
1323.0,703.0
1325.0,705.0
1323.0,703.0
1326.0,704.0
1329.0,704.0
1329.0,705.0
1330.0,704.0
1332.0,702.0
1332.0,705.0
1332.0,705.0
1333.0,703.0
1334.0,702.0
1335.0,702.0
1337.0,704.0
1337.0,703.0
1336.0,701.0
1336.0,701.0
1336.0,700.0
1336.0,700.0
1336.0,700.0
1337.0,701.0
1338.0,702.0
1338.0,701.0
1338.0,701.0
1341.0,702.0
1344.0,702.0
1346.0,702.0
1343.0,699.0
1347.0,701.0
1346.0,701.0
1343.0,699.0
1347.0,701.0
1343.0,698.0
1344.0,697.0
1347.0,701.0
1343.0,699.0
1343.0,698.0
1343.0,697.0
1347.0,701.0
1347.0,701.0
1347.0,701.0
1343.0,697.0
1343.0,696.0
1343.0,696.0
1343.0,696.0
1343.0,695.0
1343.0,696.0
1343.0,696.0
1343.0,695.0
1343.0,695.0
1343.0,695.0
1346.0,697.0
1346.0,696.0
