x,y
1346.0,696.0
1345.0,695.0
1344.0,696.0
1345.0,696.0
1345.0,694.0
1346.0,694.0
1348.0,692.0
1348.0,692.0
1350.0,692.0
1348.0,691.0
1350.0,692.0
1350.0,692.0
1350.0,691.0
1349.0,691.0
1349.0,690.0
1349.0,691.0
1349.0,691.0
1349.0,690.0
1349.0,690.0
1349.0,690.0
1349.0,690.0
1349.0,690.0
1350.0,689.0
1348.0,690.0
1347.0,690.0
1347.0,689.0
1346.0,689.0
1343.0,687.0
1342.0,686.0
1342.0,685.0
1346.0,683.0
1343.0,686.0
1343.0,686.0
1344.0,682.0
1341.0,684.0
1345.0,682.0
1341.0,681.0
1341.0,680.0
1341.0,681.0
1340.0,681.0
1340.0,682.0
1340.0,681.0
1340.0,681.0
1340.0,682.0
1340.0,682.0
1340.0,682.0
1340.0,682.0
1340.0,682.0
1340.0,682.0
1340.0,682.0
1340.0,682.0
1340.0,682.0
1340.0,682.0
1340.0,682.0
1340.0,684.0
1342.0,685.0
1344.0,689.0
1344.0,689.0
1338.0,685.0
1345.0,690.0
1334.0,694.0
1315.0,695.0
1290.0,692.0
1262.0,684.0
1231.0,675.0
1198.0,655.0
1140.0,644.0
1113.0,714.0
1054.0,761.0
995.0,812.0
944.0,833.0
904.0,847.0
861.0,871.0
819.0,904.0
778.0,942.0
746.0,987.0
701.0,1030.0
692.0,1016.0
682.0,1009.0
654.0,992.0
602.0,967.0
597.0,976.0
592.0,961.0
587.0,941.0
583.0,914.0
580.0,911.0
568.0,913.0
568.0,913.0
568.0,913.0
568.0,913.0
568.0,914.0
568.0,913.0
568.0,913.0
568.0,914.0
568.0,913.0
568.0,912.0
568.0,913.0
568.0,913.0
568.0,913.0
568.0,914.0
