x,y
970.0,238.0
970.0,236.0
970.0,237.0
971.0,238.0
971.0,238.0
971.0,237.0
970.0,239.0
969.0,243.0
966.0,241.0
966.0,245.0
966.0,247.0
963.0,246.0
964.0,245.0
964.0,246.0
963.0,246.0
963.0,247.0
963.0,248.0
965.0,246.0
966.0,246.0
966.0,247.0
965.0,246.0
967.0,246.0
967.0,246.0
967.0,246.0
968.0,246.0
968.0,249.0
967.0,250.0
967.0,250.0
969.0,252.0
968.0,254.0
968.0,253.0
967.0,253.0
968.0,253.0
968.0,252.0
967.0,253.0
968.0,252.0
968.0,252.0
968.0,252.0
969.0,249.0
970.0,248.0
969.0,250.0
969.0,250.0
969.0,250.0
969.0,249.0
969.0,251.0
970.0,250.0
969.0,250.0
969.0,250.0
969.0,250.0
969.0,251.0
968.0,252.0
968.0,252.0
968.0,252.0
969.0,251.0
969.0,252.0
969.0,252.0
968.0,253.0
967.0,253.0
968.0,253.0
967.0,253.0
968.0,251.0
967.0,250.0
967.0,249.0
965.0,251.0
965.0,251.0
961.0,250.0
961.0,249.0
960.0,249.0
960.0,250.0
962.0,249.0
960.0,250.0
960.0,251.0
961.0,250.0
959.0,250.0
961.0,250.0
959.0,250.0
959.0,251.0
959.0,251.0
960.0,250.0
960.0,248.0
957.0,244.0
958.0,244.0
959.0,250.0
960.0,257.0
959.0,257.0
957.0,255.0
960.0,247.0
963.0,243.0
968.0,242.0
974.0,248.0
979.0,256.0
982.0,270.0
990.0,289.0
994.0,315.0
1001.0,343.0
1013.0,370.0
1015.0,379.0
1018.0,382.0
1029.0,387.0
1043.0,392.0
