x,y
1796.0,910.0
1803.0,907.0
1802.0,910.0
1796.0,911.0
1794.0,911.0
1793.0,909.0
1792.0,911.0
1790.0,911.0
1790.0,908.0
1793.0,912.0
1790.0,911.0
1792.0,913.0
1792.0,913.0
1790.0,912.0
1792.0,912.0
1792.0,913.0
1792.0,914.0
1792.0,914.0
1791.0,913.0
1791.0,914.0
1791.0,913.0
1791.0,912.0
1790.0,912.0
1791.0,912.0
1791.0,912.0
1790.0,911.0
1790.0,912.0
1789.0,912.0
1790.0,912.0
1789.0,914.0
1788.0,916.0
1787.0,917.0
1788.0,915.0
1786.0,916.0
1786.0,916.0
1787.0,917.0
1786.0,916.0
1786.0,915.0
1786.0,914.0
1788.0,913.0
1787.0,914.0
1789.0,918.0
1802.0,923.0
1819.0,962.0
1860.0,996.0
1860.0,1038.0
1862.0,1075.0
