x,y
447.0,105.0
446.0,105.0
447.0,105.0
447.0,104.0
446.0,106.0
446.0,105.0
445.0,104.0
446.0,104.0
447.0,104.0
447.0,104.0
447.0,104.0
447.0,104.0
447.0,105.0
447.0,103.0
447.0,103.0
446.0,103.0
446.0,103.0
447.0,102.0
446.0,103.0
447.0,102.0
448.0,101.0
447.0,101.0
447.0,101.0
446.0,102.0
446.0,101.0
447.0,102.0
447.0,101.0
446.0,101.0
446.0,100.0
446.0,100.0
446.0,100.0
445.0,100.0
445.0,99.0
444.0,101.0
445.0,100.0
446.0,99.0
447.0,98.0
448.0,96.0
451.0,95.0
450.0,94.0
451.0,92.0
450.0,80.0
451.0,72.0
448.0,65.0
438.0,58.0
450.0,40.0
454.0,45.0
457.0,44.0
451.0,32.0
456.0,17.0
452.0,7.0
459.0,3.0
