x,y
344.0,712.0
343.0,711.0
345.0,711.0
346.0,712.0
345.0,712.0
346.0,712.0
343.0,710.0
346.0,711.0
345.0,711.0
345.0,711.0
346.0,711.0
346.0,711.0
344.0,711.0
344.0,711.0
345.0,710.0
346.0,710.0
347.0,711.0
347.0,710.0
346.0,712.0
347.0,710.0
347.0,710.0
346.0,710.0
347.0,710.0
346.0,710.0
347.0,710.0
348.0,710.0
349.0,713.0
347.0,714.0
347.0,715.0
347.0,716.0
347.0,716.0
348.0,717.0
347.0,717.0
348.0,718.0
348.0,719.0
347.0,719.0
347.0,718.0
346.0,718.0
346.0,718.0
347.0,719.0
347.0,718.0
346.0,718.0
347.0,718.0
348.0,719.0
347.0,719.0
346.0,719.0
346.0,718.0
346.0,718.0
346.0,719.0
347.0,718.0
348.0,718.0
348.0,718.0
349.0,718.0
349.0,718.0
349.0,718.0
349.0,718.0
348.0,719.0
348.0,720.0
348.0,721.0
349.0,721.0
345.0,720.0
344.0,723.0
344.0,722.0
344.0,723.0
345.0,723.0
344.0,722.0
344.0,724.0
345.0,725.0
345.0,726.0
346.0,726.0
346.0,724.0
346.0,725.0
347.0,725.0
347.0,726.0
347.0,724.0
345.0,726.0
346.0,726.0
346.0,725.0
346.0,725.0
346.0,725.0
346.0,725.0
347.0,725.0
346.0,726.0
346.0,727.0
346.0,727.0
346.0,727.0
346.0,727.0
345.0,727.0
344.0,726.0
342.0,727.0
339.0,725.0
338.0,725.0
339.0,725.0
339.0,726.0
338.0,724.0
336.0,724.0
337.0,724.0
337.0,724.0
337.0,724.0
336.0,723.0
