x,y
442.0,791.0
442.0,790.0
442.0,790.0
442.0,790.0
442.0,789.0
442.0,789.0
446.0,776.0
445.0,776.0
446.0,775.0
446.0,775.0
447.0,775.0
444.0,773.0
444.0,773.0
445.0,773.0
448.0,773.0
448.0,773.0
447.0,773.0
447.0,774.0
447.0,773.0
447.0,774.0
448.0,774.0
450.0,759.0
448.0,759.0
452.0,761.0
451.0,763.0
452.0,762.0
448.0,759.0
449.0,762.0
447.0,762.0
446.0,764.0
446.0,765.0
440.0,774.0
439.0,800.0
440.0,800.0
438.0,799.0
439.0,800.0
438.0,800.0
438.0,799.0
437.0,799.0
443.0,773.0
443.0,773.0
447.0,761.0
440.0,774.0
439.0,774.0
438.0,760.0
437.0,761.0
438.0,774.0
438.0,798.0
438.0,798.0
439.0,797.0
439.0,797.0
439.0,797.0
440.0,771.0
444.0,770.0
437.0,774.0
437.0,774.0
437.0,774.0
435.0,774.0
439.0,772.0
434.0,775.0
432.0,775.0
433.8,774.2
435.6,773.4
437.4,772.6
439.2,771.8
441.0,771.0
444.0,769.0
442.0,769.0
444.0,769.0
444.0,768.0
444.0,769.0
435.0,773.0
443.0,769.0
443.0,770.0
443.0,771.0
444.0,771.0
443.0,769.0
443.0,770.0
443.0,770.0
443.0,769.0
443.0,769.0
435.0,772.0
435.0,773.0
435.0,773.0
435.0,773.0
444.0,769.0
435.0,774.0
435.0,775.0
435.0,775.0
435.0,774.0
435.0,775.0
435.0,775.0
434.0,776.0
435.0,777.0
435.0,774.0
434.0,777.0
434.0,777.0
434.0,777.0
434.0,777.0
434.0,777.0
