x,y
1212.0,256.0
1212.0,257.0
1212.0,257.0
1219.0,254.0
1222.0,252.0
1225.0,229.0
1233.0,213.0
1241.0,194.0
1248.0,175.0
1251.0,149.0
1257.0,130.0
1256.0,124.0
1262.0,128.0
1282.0,132.0
1299.0,137.0
1291.0,148.0
1267.0,163.0
1253.0,185.0
1251.0,217.0
1247.0,267.0
1255.0,309.0
1278.0,367.0
1320.0,422.0
1363.0,482.0
1409.0,530.0
1447.0,593.0
1485.0,655.0
1509.0,706.0
1535.0,751.0
1547.0,788.0
1554.0,813.0
1559.0,830.0
1564.0,845.0
1576.0,852.0
1567.0,845.0
1539.0,843.0
1531.0,847.0
1503.0,849.0
1494.0,856.0
1483.0,865.0
1477.0,863.0
1472.0,874.0
1467.0,887.0
1464.0,878.0
1471.0,882.0
1468.0,881.0
1467.0,887.0
1462.0,884.0
1456.0,885.0
1444.0,880.0
1448.0,880.0
1446.0,887.0
1436.0,915.0
1399.0,942.0
1385.0,984.0
1360.0,1036.0
1332.0,1040.0
1315.0,1025.0
1314.0,1027.0
1316.0,1031.75
1318.0,1036.5
1320.0,1041.25
1322.0,1046.0
1319.0,1044.0
1318.0,1043.0
1312.0,1039.0
1313.0,1029.0
1316.0,1024.0
1328.0,1009.0
1328.0,982.0
1345.0,970.0
1392.0,938.0
1404.0,910.0
1437.0,894.0
1440.0,888.0
1440.0,886.0
1437.0,889.0
1437.0,888.0
1436.0,884.0
1436.0,882.0
1436.0,886.0
1434.0,883.0
1436.0,885.0
1437.0,885.0
1436.0,893.0
1430.0,893.0
1425.0,880.0
1423.0,880.0
1423.0,880.0
1424.0,880.0
1424.0,880.0
1425.0,881.0
1425.0,879.0
1426.0,881.0
1425.0,882.0
1425.0,882.0
1423.0,882.0
1420.0,882.0
1419.0,884.0
1419.0,883.0
