x,y
855.0,893.0
834.0,921.0
817.0,933.0
802.0,949.0
777.0,962.0
761.0,963.0
736.0,959.0
703.0,954.0
659.0,942.0
625.0,949.0
583.0,947.0
544.0,957.0
508.0,969.0
467.0,978.0
441.0,971.0
408.0,968.0
382.0,944.0
360.0,930.0
337.0,917.0
315.0,913.0
304.0,906.0
288.0,903.0
284.0,885.0
277.0,883.0
275.0,867.0
275.0,860.0
278.0,854.0
289.0,848.0
290.0,858.0
301.0,858.0
297.0,869.0
294.0,881.0
292.0,890.0
277.0,901.0
259.0,917.0
238.0,934.0
218.0,963.0
199.0,984.0
168.0,1005.0
139.0,1028.0
105.0,1045.0
70.0,1065.0
34.0,1067.0
