x,y
978.0,572.0
979.0,573.0
979.0,572.0
979.0,573.0
979.0,574.0
979.0,573.0
979.0,573.0
979.0,572.0
979.0,572.0
979.0,573.0
979.0,574.0
979.0,574.0
979.0,573.0
979.0,574.0
979.0,574.0
979.0,574.0
979.0,574.0
979.0,575.0
980.0,575.0
980.0,575.0
980.0,575.0
982.0,573.0
982.0,572.0
981.0,571.0
978.0,570.0
982.0,571.0
981.0,570.0
979.0,570.0
976.0,569.0
972.0,569.0
963.0,558.0
956.0,544.0
956.0,528.0
961.0,511.0
954.0,501.0
954.0,496.0
954.0,497.0
957.0,497.0
960.0,506.0
962.0,506.0
971.0,506.0
972.0,507.0
973.0,502.0
973.0,507.0
972.0,505.0
970.0,505.0
964.0,511.0
972.0,510.0
969.0,514.0
971.0,523.0
967.0,527.0
966.0,522.0
971.0,522.0
973.0,521.0
980.0,526.0
983.0,524.0
988.0,527.0
990.0,527.0
989.0,523.0
990.0,524.0
992.0,526.0
989.0,522.0
993.0,526.0
992.0,526.0
992.0,526.0
990.0,527.0
991.0,526.0
993.0,528.0
990.0,527.0
993.0,528.0
993.0,528.0
992.0,527.0
994.0,527.0
991.0,526.0
992.0,526.0
992.0,527.0
992.0,528.0
991.0,528.0
992.0,527.0
993.0,526.0
993.0,527.0
994.0,529.0
993.0,528.0
995.0,529.0
994.0,528.0
995.0,528.0
995.0,529.0
995.0,529.0
996.0,529.0
995.0,529.0
995.0,529.0
995.0,529.0
994.0,528.0
996.0,529.0
996.0,528.0
994.0,526.0
997.0,527.0
995.0,526.0
996.0,527.0
994.0,525.0
