x,y
390.0,374.0
393.0,370.0
393.0,369.0
394.0,369.0
395.0,369.0
394.0,368.0
394.0,368.0
395.0,369.0
395.0,369.0
394.0,368.0
395.0,369.0
395.0,369.0
395.0,368.0
394.0,368.0
395.0,368.0
395.0,369.0
395.0,368.0
395.0,368.0
394.0,367.0
395.0,367.0
395.0,366.0
395.0,364.0
401.0,363.0
408.0,365.0
412.0,367.0
410.0,367.0
415.0,364.0
419.0,346.0
429.0,342.0
429.0,332.0
434.0,316.0
434.0,302.0
428.0,261.0
437.0,222.0
436.0,214.0
438.0,189.0
436.0,173.0
429.0,169.0
417.0,165.0
407.0,150.0
400.0,142.0
399.0,136.0
409.0,135.0
407.0,142.0
402.0,151.0
400.0,171.0
402.0,170.0
403.0,169.0
400.0,171.0
400.0,140.0
401.0,140.0
400.0,137.0
406.0,140.0
407.0,140.0
406.0,140.0
403.0,139.0
395.0,139.0
396.0,138.0
405.0,136.0
404.0,137.0
404.0,138.0
406.0,136.0
405.0,133.0
405.0,133.0
406.0,133.0
406.0,131.0
405.0,131.0
403.0,130.0
402.0,131.0
402.0,130.0
401.0,129.0
400.0,128.0
400.0,129.0
400.0,130.0
400.0,130.0
399.0,129.0
399.0,129.0
399.0,130.0
398.0,129.0
388.0,133.0
388.0,134.0
400.0,130.0
400.0,130.0
398.0,130.0
390.0,136.0
398.0,131.0
400.0,132.0
399.0,132.0
399.0,131.0
399.0,132.0
399.0,132.0
399.0,134.0
400.0,135.0
401.0,136.0
400.0,136.0
400.0,136.0
401.0,136.0
401.0,137.0
401.0,136.0
402.0,137.0
