x,y
278.0,605.0
278.0,604.0
278.0,603.0
276.0,607.0
280.0,602.0
280.0,601.0
276.0,605.0
275.0,604.0
275.0,603.0
275.0,602.0
274.0,602.0
275.0,601.0
275.0,601.0
274.0,600.0
274.0,598.0
275.0,595.0
275.0,596.0
275.0,595.0
275.0,594.0
275.0,591.0
274.0,592.0
274.0,591.0
274.0,590.0
275.0,589.0
275.0,587.0
276.0,586.0
275.0,587.0
275.0,587.0
275.0,587.0
275.0,587.0
275.0,587.0
275.0,586.0
275.0,584.0
275.0,583.0
274.0,583.0
273.0,582.0
274.0,583.0
274.0,583.0
274.0,583.0
274.0,583.0
274.0,582.0
273.0,581.0
272.0,582.0
273.0,582.0
272.0,581.0
270.0,579.0
269.0,580.0
268.0,579.0
268.0,580.0
267.0,580.0
267.0,580.0
265.0,577.0
265.0,578.0
265.0,577.0
266.0,576.0
265.0,578.0
266.0,576.0
264.0,576.0
264.0,579.0
264.0,578.0
264.0,576.0
262.0,576.0
263.0,576.0
263.0,576.0
261.0,573.0
261.0,572.0
254.0,577.0
254.0,578.0
254.0,578.0
254.0,578.0
254.0,579.0
253.0,580.0
253.0,580.0
252.0,581.0
251.0,581.0
251.0,581.0
252.0,581.0
252.0,581.0
252.0,581.0
251.0,582.0
250.0,582.0
252.0,582.0
252.0,584.0
258.0,584.0
257.0,586.0
256.0,597.0
245.0,607.0
238.0,622.0
234.0,626.0
224.0,620.0
216.0,627.0
203.0,634.0
180.0,648.0
154.0,661.0
122.0,682.0
99.0,706.0
70.0,729.0
38.0,740.0
16.0,745.0
19.0,828.0
