x,y
145.0,801.0
145.0,801.0
147.0,803.0
146.0,803.0
146.0,802.0
151.0,801.0
156.0,798.0
153.0,801.0
153.0,796.0
153.0,794.0
152.0,792.0
143.0,794.0
147.0,794.0
153.0,793.0
157.0,793.0
156.0,790.0
153.0,788.0
153.0,785.0
158.0,788.0
157.0,788.0
161.0,788.0
163.0,791.0
163.0,790.0
165.0,787.0
173.0,787.0
183.0,794.0
189.0,797.0
196.0,795.0
210.0,792.0
212.0,791.0
227.0,799.0
246.0,813.0
259.0,822.0
272.0,826.0
291.0,830.0
318.0,838.0
347.0,845.0
374.0,852.0
403.0,857.0
445.0,862.0
480.0,860.0
506.0,860.0
520.0,846.0
535.0,837.0
552.0,836.0
553.0,823.0
563.0,818.0
578.0,822.0
594.0,824.0
606.0,833.0
616.0,829.0
628.0,826.0
638.0,813.0
646.0,814.0
651.0,816.0
655.0,820.0
661.0,821.0
663.0,819.0
672.0,821.0
678.0,818.0
685.0,810.0
687.0,810.0
686.0,810.0
689.0,809.0
688.0,808.0
688.0,808.0
686.0,805.0
684.0,805.0
683.0,804.0
683.0,805.0
683.0,805.0
683.0,805.0
683.0,805.0
683.0,805.0
683.0,805.0
684.0,805.0
683.0,804.0
683.0,805.0
683.0,805.0
684.0,806.0
684.0,806.0
684.0,805.0
684.0,805.0
684.0,805.0
684.0,806.0
684.0,805.0
685.0,806.0
684.0,806.0
683.0,805.0
684.0,805.0
685.0,803.0
685.0,801.0
684.0,802.0
684.0,801.0
684.0,801.0
685.0,801.0
685.0,801.0
685.0,801.0
685.0,801.0
685.0,801.0
