x,y
1804.0,990.0
1790.0,996.0
1789.0,995.0
1789.0,995.0
1789.0,995.0
1789.0,996.0
1790.0,996.0
1788.0,998.0
1789.0,998.0
1789.0,998.0
1789.0,998.0
1790.0,998.0
1793.0,996.0
1804.0,991.0
1842.0,1055.0
1842.0,1055.0
1805.0,992.0
1805.0,992.0
1805.0,993.0
1805.0,993.0
1805.0,993.0
1805.0,995.0
1891.0,976.0
1891.0,976.0
1891.0,976.0
1891.0,976.0
1891.0,976.0
1891.0,976.0
1892.0,977.0
1891.0,976.0
1888.0,972.0
1886.0,966.0
1885.0,964.0
1885.0,965.0
1886.0,968.0
1886.0,968.0
1886.0,968.0
1887.0,969.0
1890.0,972.0
1891.0,975.0
1892.0,977.0
1892.0,978.0
1892.0,979.0
1846.0,993.0
1847.5,993.9166666666666
1849.0,994.8333333333334
1850.5,995.75
1852.0,996.6666666666666
1853.5,997.5833333333334
1855.0,998.5
1856.5,999.4166666666666
1858.0,1000.3333333333334
1859.5,1001.25
1861.0,1002.1666666666666
1862.5,1003.0833333333334
1864.0,1004.0
1847.0,1005.0
1744.0,1044.0
1556.0,1075.0
1343.0,1017.0
1145.0,966.0
993.0,852.0
883.0,841.0
882.0,841.0
883.0,842.0
883.0,842.0
883.0,842.0
883.0,842.0
883.0,843.0
883.0,843.0
883.0,843.0
884.0,843.0
883.0,843.0
884.0,842.0
884.0,843.0
883.0,842.0
883.0,843.0
883.0,843.0
883.0,843.0
883.0,843.0
883.0,843.0
883.0,842.0
993.0,857.0
1065.0,857.0
1065.0,858.0
1065.0,858.0
1065.0,858.0
1065.0,857.0
1065.0,856.0
1065.0,854.0
1064.0,850.0
1063.0,847.0
1074.0,833.0
1070.0,826.0
1069.0,824.0
1070.0,825.0
1071.0,827.0
1071.0,828.0
1070.0,826.0
1069.0,824.0
