x,y
928.0,438.0
935.0,417.0
941.0,407.0
936.0,399.0
940.0,400.0
933.0,399.0
913.0,392.0
914.0,384.0
906.0,385.0
911.0,374.0
905.0,380.0
904.0,372.0
901.0,371.0
898.0,376.0
898.0,374.0
900.0,378.0
896.0,377.0
899.0,375.0
897.0,377.0
895.0,377.0
896.0,377.0
894.0,378.0
894.0,378.0
894.0,377.0
895.0,379.0
894.0,379.0
895.0,378.0
895.0,378.0
895.0,379.0
895.0,379.0
895.0,378.0
895.0,379.0
896.0,378.0
895.0,379.0
895.0,379.0
895.0,379.0
895.0,379.0
893.0,379.0
895.0,379.0
895.0,378.0
896.0,379.0
896.0,379.0
895.0,377.0
896.0,377.0
896.0,377.0
897.0,373.0
897.0,373.0
897.0,374.0
897.0,376.0
897.0,376.0
893.0,373.0
894.0,374.0
894.0,375.0
892.0,376.0
891.0,376.0
888.0,376.0
881.0,363.0
881.0,344.0
879.0,318.0
896.0,298.0
921.0,273.0
946.0,262.0
960.0,255.0
979.0,260.0
991.0,265.0
996.0,269.0
989.0,273.0
967.0,273.0
960.0,272.0
956.0,273.0
948.0,265.0
945.0,265.0
942.0,265.0
936.0,264.0
934.0,263.0
939.0,258.0
939.0,260.0
940.0,259.0
940.0,257.0
941.0,258.0
939.0,260.0
938.0,260.0
938.0,260.0
939.0,261.0
940.0,260.0
940.0,261.0
937.0,262.0
938.0,261.0
939.0,260.0
939.0,261.0
938.0,261.0
939.0,260.0
939.0,262.0
940.0,263.0
939.0,264.0
939.0,264.0
939.0,264.0
939.0,264.0
938.0,264.0
938.0,265.0
