x,y
917.0,267.0
917.0,267.0
917.0,266.0
919.0,266.0
921.0,264.0
920.0,263.0
918.0,264.0
919.0,261.0
917.0,258.0
915.0,258.0
923.0,255.0
921.0,254.0
923.0,254.0
918.0,259.0
918.0,258.0
919.0,258.0
914.0,253.0
927.0,251.0
916.0,247.0
925.0,232.0
926.0,228.0
931.0,237.0
939.0,238.0
941.0,230.0
951.0,216.0
956.0,207.0
960.0,204.0
965.0,201.0
973.0,202.0
978.0,200.0
978.0,200.0
963.0,207.0
961.0,210.0
964.0,199.0
974.0,185.33333333333334
984.0,171.66666666666666
994.0,158.0
998.0,153.0
1000.0,103.0
1012.0,97.0
1007.0,93.0
1013.0,85.0
1020.0,70.0
1029.0,59.0
1036.0,40.0
1033.0,15.0
