x,y
1897.0,875.5
1895.0,875.0
1897.0,875.0
1891.0,881.0
1892.0,881.0
1894.0,883.0
1894.0,879.0
1894.0,879.0
1893.0,879.0
1894.0,879.0
1895.0,882.0
1892.0,881.0
1891.0,877.0
1892.0,881.0
1891.0,878.0
1892.0,879.0
1892.0,881.0
1892.0,881.0
1892.0,881.0
1893.0,881.0
1893.0,881.0
1893.0,881.0
1893.0,881.0
1893.0,881.0
1892.0,880.0
1892.0,881.0
1893.0,881.0
1892.0,880.0
1892.0,877.0
1892.0,879.0
1891.0,878.0
1891.0,880.0
1893.0,878.0
1893.0,877.0
1890.0,880.0
1890.0,880.0
1890.0,880.0
1890.0,879.0
1891.0,879.0
1891.0,879.0
1892.0,879.0
1892.0,879.0
1892.0,879.0
1894.0,878.0
1894.0,878.0
1894.0,878.0
1893.0,879.0
1896.0,874.0
1891.0,875.0
1891.0,874.0
1895.0,872.0
1896.0,871.0
1896.0,869.0
1893.0,868.0
1893.0,867.0
1893.0,859.0
1892.0,858.0
1889.0,850.0
1889.0,849.9090909090909
1889.0,849.8181818181819
1889.0,849.7272727272727
1889.0,849.6363636363636
1889.0,849.5454545454545
1889.0,849.4545454545455
1889.0,849.3636363636364
1889.0,849.2727272727273
1889.0,849.1818181818181
1889.0,849.0909090909091
1889.0,849.0
1888.0,848.0
1888.0,848.0
1888.5,848.0
1889.0,848.0
1888.0,847.0
1888.0,848.0
1888.095238095238,847.952380952381
1888.1904761904761,847.9047619047619
1888.2857142857142,847.8571428571429
1888.3809523809523,847.8095238095239
1888.4761904761904,847.7619047619048
1888.5714285714287,847.7142857142857
1888.6666666666667,847.6666666666666
1888.7619047619048,847.6190476190476
1888.857142857143,847.5714285714286
1888.952380952381,847.5238095238095
1889.047619047619,847.4761904761905
1889.142857142857,847.4285714285714
1889.2380952380952,847.3809523809524
1889.3333333333333,847.3333333333334
1889.4285714285713,847.2857142857143
1889.5238095238096,847.2380952380952
1889.6190476190477,847.1904761904761
1889.7142857142858,847.1428571428571
1889.8095238095239,847.0952380952381
1889.904761904762,847.047619047619
1890.0,847.0
1891.0,849.0
1893.0,849.0
1894.0,848.0
1896.0,846.0
