x,y
1614.0,36.0
1614.0,36.0
1614.0,36.0
1614.0,36.0
1615.0,36.0
1614.0,36.0
1615.0,36.0
1615.0,36.0
1614.0,36.0
1615.0,36.0
1616.0,36.0
1615.0,35.0
1614.0,35.0
1617.0,35.0
1616.0,35.0
1616.0,36.0
1616.0,32.0
1616.0,32.0
1616.0,30.0
1617.0,31.0
1614.0,26.0
1614.0,23.0
1613.0,23.0
1616.0,22.0
1613.0,25.0
1614.0,25.0
1612.0,26.0
1613.0,26.0
1613.0,26.0
1610.0,24.0
1608.0,21.0
1604.0,23.0
1605.0,19.0
1605.0,20.0
1609.0,20.0
1621.0,26.0
1632.0,36.0
1630.0,28.0
1622.0,27.0
1619.0,24.0
1619.0,26.0
1615.0,25.0
1615.0,24.0
1612.0,18.0
1612.0,9.0
1606.0,8.0
1601.0,1.0
1605.0,7.0
1602.0,4.0
1599.0,11.0
1592.0,25.0
1580.0,36.0
1580.0,47.0
1574.0,56.0
1572.0,69.0
1561.0,89.0
1557.0,113.0
1557.0,130.0
1562.0,160.0
1570.0,189.0
1591.0,212.0
1604.0,238.0
1618.0,260.0
1624.0,291.0
1618.0,329.0
1610.0,345.0
1604.0,378.0
1603.0,403.0
1599.0,434.0
1604.0,462.0
1590.0,492.0
1595.0,514.0
1575.0,525.0
1567.0,539.0
1553.0,543.0
1537.0,544.0
1528.0,551.0
1514.0,564.0
1510.0,573.0
1503.0,587.0
1502.0,580.0
1503.0,578.0
1504.0,581.0
1503.0,582.0
1504.0,573.0
1505.0,574.0
1502.0,581.0
1504.0,577.0
1503.0,577.0
1503.0,577.0
1504.0,578.0
1504.0,577.0
1503.0,577.0
1512.0,578.0
1513.0,578.0
1512.0,578.0
1512.0,578.0
1512.0,578.0
1512.0,578.0
1512.0,579.0
