x,y
589.0,938.0
603.0,941.0
612.0,946.0
635.0,955.0
639.0,968.0
663.0,978.0
696.0,988.0
729.0,993.0
767.0,1008.0
798.0,1030.0
841.0,1039.0
879.0,1045.0
929.0,1050.0
966.0,1063.0
1003.0,1074.0
1020.0,1077.0
1052.5,1077.5
1085.0,1078.0
1082.0,1072.0
1086.0,1067.0
1084.0,1056.0
1072.0,1045.0
1074.0,1040.0
1083.0,1031.0
1086.0,1029.0
1096.0,1022.0
1107.0,1017.0
1117.0,1010.0
1125.0,1005.0
1130.0,994.0
1129.0,990.0
1130.0,987.0
1132.0,987.0
1131.0,988.0
1134.0,991.0
1131.0,988.0
1130.0,988.0
1130.0,989.0
1131.0,987.0
1131.0,988.0
1131.0,988.0
1131.0,989.0
1131.0,989.0
1131.0,989.0
1131.0,988.0
1131.0,988.0
1130.0,988.0
1131.0,988.0
1130.0,989.0
1130.0,991.0
1130.0,1003.0
1135.0,1010.0
1148.0,1026.0
1163.0,1040.0
1182.0,1053.0
1204.0,1067.0
1226.0,1073.0
