x,y
424.0,622.0
430.0,629.0
448.0,634.0
465.0,641.0
482.0,659.0
501.0,677.0
514.0,699.0
525.0,719.0
531.0,736.0
527.0,751.0
517.0,768.0
511.0,779.0
506.0,774.0
500.0,776.0
493.0,774.0
480.0,771.0
471.0,772.0
466.0,777.0
473.0,783.0
473.0,782.0
466.0,778.0
464.0,784.0
462.0,780.0
460.0,782.0
468.0,784.0
469.0,785.0
460.0,786.0
456.0,788.0
456.0,788.0
458.0,779.0
456.0,780.0
455.0,779.0
454.0,779.0
458.0,780.0
457.0,779.0
458.0,779.0
463.0,785.0
465.0,784.0
467.0,783.0
464.0,785.0
467.0,783.0
464.0,785.0
464.0,785.0
464.0,783.0
464.0,783.0
463.75,782.75
463.5,782.5
463.25,782.25
463.0,782.0
463.0,783.0
460.0,782.0
459.0,782.0
451.0,786.0
458.0,783.0
460.0,784.0
460.0,785.0
461.0,786.0
461.0,787.0
461.0,787.0
462.0,787.0
461.0,785.0
459.0,784.0
459.0,784.0
459.0,785.0
459.0,785.0
459.0,785.0
459.0,785.0
459.0,786.0
460.0,786.0
460.0,786.0
460.0,786.0
458.0,785.0
450.0,780.0
450.0,780.0
455.0,781.0
455.0,782.0
455.0,782.0
455.0,782.0
454.0,782.0
451.0,783.0
454.0,783.0
451.0,784.0
453.0,782.0
453.0,782.0
453.0,782.0
452.0,783.0
452.0,783.0
452.0,783.0
448.0,785.0
448.0,785.0
448.0,785.0
448.0,785.0
448.0,786.0
447.0,786.0
445.0,782.0
448.0,785.0
444.0,782.0
447.0,786.0
447.0,786.0
444.0,783.0
