x,y
541.0,534.0
541.0,534.0
541.0,535.0
540.0,534.0
540.0,535.0
539.0,536.0
539.0,536.0
539.0,536.0
538.0,536.0
538.0,536.0
538.0,536.0
539.0,535.0
539.0,535.0
538.0,536.0
538.0,535.0
539.0,534.0
539.0,534.0
540.0,533.0
540.0,533.0
540.0,533.0
540.0,533.0
541.0,533.0
540.0,534.0
540.0,533.0
541.0,532.0
541.0,533.0
541.0,533.0
541.0,533.0
542.0,533.0
541.0,532.0
541.0,532.0
541.0,532.0
541.0,532.0
541.0,532.0
541.0,532.0
542.0,532.0
542.0,532.0
541.0,532.0
541.0,532.0
542.0,532.0
541.0,532.0
541.0,532.0
541.0,532.0
540.0,532.0
542.0,532.0
540.0,532.0
541.0,532.0
541.0,532.0
540.0,532.0
540.0,532.0
540.0,532.0
540.0,532.0
540.0,532.0
540.0,532.0
540.0,532.0
541.0,532.0
541.0,532.0
540.0,532.0
540.0,532.0
540.0,532.0
540.0,532.0
540.0,532.0
540.0,532.0
540.0,532.0
540.0,532.0
540.0,532.0
540.0,532.0
540.0,532.0
541.0,532.0
540.0,532.0
540.0,532.0
540.0,532.0
540.0,532.0
540.0,532.0
541.0,532.0
540.0,532.0
541.0,532.0
541.0,532.0
541.0,532.0
541.0,532.0
541.0,532.0
541.0,532.0
541.0,531.0
540.0,531.0
541.0,532.0
541.0,532.0
541.0,532.0
541.0,532.0
541.0,532.0
541.0,532.0
539.0,533.0
539.0,533.0
538.0,533.0
538.0,533.0
538.0,532.0
538.0,532.0
538.0,531.0
538.0,532.0
540.0,531.0
537.0,531.0
