x,y
740.0,664.0
738.0,667.0
725.0,668.0
719.0,677.0
708.0,697.0
695.0,717.0
688.0,722.0
688.0,719.0
695.0,712.0
705.0,701.0
709.0,695.0
707.0,689.0
703.0,696.0
698.0,699.0
691.0,698.0
689.0,697.0
678.0,707.0
663.0,713.0
644.0,729.0
641.0,751.0
626.0,768.0
620.0,778.0
613.0,768.0
620.0,754.0
628.0,740.0
645.0,725.0
650.0,717.0
654.0,703.0
709.0,698.0
733.0,684.0
746.0,682.0
767.0,676.0
786.0,681.0
805.0,699.0
826.0,720.0
845.0,750.0
872.0,783.0
905.0,809.0
944.0,837.0
990.0,863.0
1038.0,881.0
1068.0,873.0
1092.0,853.0
1103.0,817.0
1111.0,774.0
1128.0,747.0
1144.0,744.0
1160.0,755.0
1184.0,757.0
1201.0,799.0
1208.0,816.0
1225.0,821.0
1246.0,810.0
1276.0,814.0
1301.0,813.0
1334.0,820.0
1354.0,818.0
1371.0,811.0
1382.0,808.0
1404.0,815.0
1426.0,822.0
1449.0,836.0
1474.0,840.0
1485.0,840.0
1477.0,837.0
1455.0,836.0
1424.0,823.0
1402.0,813.0
1378.0,800.0
1373.0,797.0
1368.0,788.0
1360.0,791.0
1362.0,784.0
1357.0,784.0
1354.0,774.0
1354.0,776.0
1344.0,771.0
1348.0,769.0
1348.0,765.0
1348.0,764.0
1346.0,770.0
1345.0,768.0
1343.0,765.0
1340.0,763.0
1338.0,763.0
1336.0,759.0
1336.0,761.0
1335.0,759.0
1335.0,759.0
1331.0,759.0
1330.0,759.0
1330.0,759.0
1328.0,760.0
1328.0,760.0
1329.0,760.0
1328.0,760.0
1329.0,760.0
1329.0,760.0
1329.0,760.0
1328.0,760.0
