x,y
345.0,675.0
346.0,676.0
347.0,679.0
348.0,679.0
350.0,679.0
349.0,679.0
350.0,678.0
354.0,677.0
353.0,676.0
354.0,677.0
354.0,677.0
354.0,676.0
354.0,676.0
350.0,676.0
349.0,675.0
348.0,676.0
348.0,675.0
347.0,674.0
345.0,675.0
344.0,675.0
344.0,677.0
344.0,676.0
342.0,674.0
339.0,674.0
339.0,673.0
341.0,669.0
341.0,667.0
342.0,667.0
342.0,666.0
341.0,666.0
340.0,665.0
339.0,666.0
341.0,667.0
342.0,667.0
341.0,668.0
342.0,671.0
342.0,670.0
339.0,669.0
330.0,662.0
308.0,664.0
300.0,655.0
298.0,655.0
289.0,660.0
280.0,660.0
281.0,660.0
232.0,652.0
218.0,649.0
206.0,652.0
206.0,652.0
200.0,650.0
197.0,643.0
187.0,636.0
181.0,627.0
174.0,610.0
180.0,600.0
184.0,598.0
191.0,593.0
189.0,589.0
191.0,586.0
192.0,586.0
196.0,588.0
200.0,592.0
213.0,598.0
205.0,595.0
198.0,603.0
199.0,608.0
203.0,613.0
201.0,608.0
205.0,613.0
211.0,617.0
218.0,611.0
212.0,613.0
207.0,611.0
204.0,607.0
205.0,601.0
208.0,590.0
209.0,582.0
209.0,574.0
214.0,571.0
209.0,576.0
208.0,582.0
209.0,589.0
210.0,593.0
223.0,591.0
217.0,592.0
224.0,597.0
236.0,596.0
238.0,598.0
236.0,599.0
234.0,595.0
237.0,604.0
235.0,597.0
241.0,602.0
242.0,607.0
242.0,608.0
241.0,606.0
241.0,604.0
243.0,604.0
241.0,603.0
241.0,600.0
