x,y
1200.0,897.0
1200.0,897.0
1200.0,897.0
1200.0,896.0
1200.0,896.0
1200.0,896.0
1200.0,896.0
1200.0,897.0
1199.0,896.0
1200.0,896.0
1199.0,897.0
1199.0,897.0
1198.0,896.0
1197.0,896.0
1198.0,896.0
1197.0,896.0
1197.0,896.0
1196.0,898.0
1196.0,900.0
1195.0,900.0
1196.0,899.0
1193.0,900.0
1192.0,901.0
1193.0,902.0
1193.0,903.0
1192.0,902.0
1192.0,901.0
1191.0,901.0
1192.0,901.0
1192.0,902.0
1191.0,901.0
1192.0,900.0
1191.0,900.0
1191.0,901.0
1192.0,901.0
1192.0,901.0
1192.0,902.0
1192.0,905.0
1191.0,908.0
1192.0,910.0
1193.0,913.0
1193.0,914.0
1194.0,916.0
1194.0,917.0
1193.0,917.0
1193.0,916.0
1195.0,917.0
1196.0,917.0
1197.0,918.0
1195.0,916.0
1195.0,916.0
1196.0,917.0
1196.0,916.0
1195.0,916.0
1196.0,916.0
1196.0,916.0
1195.0,916.0
1196.0,916.0
1197.0,916.0
1197.0,917.0
1195.0,915.0
1197.0,915.0
1199.0,916.0
1198.0,914.0
1198.0,915.0
1199.0,915.0
1199.0,915.0
1199.0,915.0
1199.0,915.0
1199.0,915.0
1198.0,915.0
1198.0,915.0
1198.0,916.0
1197.0,915.0
1198.0,915.0
1198.0,915.0
1200.0,916.0
1202.0,916.0
1201.0,916.0
1201.0,915.0
1201.0,915.0
1201.0,915.0
1199.0,913.0
1199.0,911.0
1200.0,911.0
1201.0,912.0
1202.0,911.0
1202.0,912.0
1202.0,913.0
1201.0,912.0
1201.0,911.0
1201.0,912.0
1202.0,913.0
1202.0,910.0
1203.0,911.0
1198.0,912.0
1203.0,911.0
1204.0,910.0
1205.0,908.0
1204.0,907.0
