x,y
1207.0,1068.0
1233.0,1069.0
1255.0,1067.0
1273.0,1040.0
1278.0,1016.0
1284.0,980.0
1285.0,962.0
1273.0,944.0
1264.0,935.0
1248.0,925.0
1225.0,916.0
1190.0,906.0
1157.0,899.0
1121.0,882.0
1090.0,867.0
1064.0,853.0
1032.0,842.0
994.0,828.0
946.0,829.0
909.0,825.0
863.0,808.0
822.0,783.0
761.0,770.0
712.0,754.0
668.0,729.0
619.0,723.0
598.0,708.0
566.0,698.0
547.0,691.0
527.0,681.0
512.0,680.0
501.0,674.0
497.0,667.0
493.0,669.0
479.0,664.0
463.0,671.0
453.0,664.0
440.0,667.0
429.0,659.0
419.0,645.0
406.0,617.0
406.0,595.0
408.0,569.0
419.0,541.0
435.0,514.0
451.0,487.0
465.0,456.0
484.0,431.0
486.0,405.0
492.0,386.0
504.0,373.0
505.0,361.0
513.0,354.0
517.0,350.0
517.0,351.0
520.0,342.0
515.0,341.0
516.0,344.0
510.0,340.0
506.0,339.0
512.0,336.0
502.0,331.0
506.0,312.0
492.0,292.0
487.0,263.0
490.0,241.0
489.0,216.0
482.0,182.0
482.0,149.0
484.0,106.0
483.0,67.0
480.0,26.0
