x,y
1133.851851851852,920.4444444444445
1134.648148148148,922.0555555555555
1135.4444444444443,923.6666666666666
1136.2407407407406,925.2777777777778
1137.037037037037,926.8888888888889
1137.8333333333333,928.5
1138.6296296296296,930.1111111111111
1139.4259259259259,931.7222222222222
1140.2222222222222,933.3333333333334
1141.0185185185185,934.9444444444445
1141.8148148148148,936.5555555555555
1142.611111111111,938.1666666666666
1143.4074074074074,939.7777777777778
1144.2037037037037,941.3888888888889
1145.0,943.0
1145.0,943.0
1145.0,943.0
1145.0,944.0
1146.851851851852,940.925925925926
1148.7037037037037,937.8518518518518
1150.5555555555557,934.7777777777778
1152.4074074074074,931.7037037037037
1154.2592592592594,928.6296296296297
1156.111111111111,925.5555555555555
1157.962962962963,922.4814814814815
1159.8148148148148,919.4074074074074
1161.6666666666667,916.3333333333334
1163.5185185185185,913.2592592592592
1165.3703703703704,910.1851851851852
1167.2222222222222,907.1111111111111
1169.0740740740741,904.0370370370371
1170.9259259259259,900.9629629629629
1172.7777777777778,897.8888888888889
1174.6296296296296,894.8148148148148
1176.4814814814815,891.7407407407408
1178.3333333333333,888.6666666666666
1180.1851851851852,885.5925925925926
1182.037037037037,882.5185185185185
1183.888888888889,879.4444444444445
1185.7407407407406,876.3703703703703
1187.5925925925926,873.2962962962963
1189.4444444444443,870.2222222222222
1191.2962962962963,867.1481481481482
1193.148148148148,864.0740740740741
1195.0,861.0
