x,y
551.0,892.0
551.0,892.0
551.0,895.0
550.0,895.0
550.0,894.0
550.0,895.0
550.0,894.0
551.0,891.0
551.0,892.0
550.0,893.0
549.0,895.0
550.0,895.0
550.0,895.0
551.0,891.0
549.0,895.0
549.0,894.0
549.0,894.0
551.0,890.0
552.0,890.0
551.0,890.0
549.0,894.0
549.0,894.0
549.0,894.0
550.0,893.0
549.0,893.0
549.0,894.0
549.0,894.0
549.0,893.0
548.0,892.0
548.0,893.0
549.0,892.0
549.0,893.0
549.0,893.0
549.0,892.0
549.0,893.0
549.0,893.0
550.0,893.0
549.0,893.0
550.0,893.0
550.0,893.0
551.0,893.0
550.0,893.0
550.0,894.0
550.0,894.0
550.0,893.0
550.0,893.0
550.0,893.0
550.0,893.0
550.0,894.0
550.0,894.0
550.0,894.0
550.0,893.0
550.0,894.0
550.0,893.0
549.0,894.0
550.0,895.0
550.0,895.0
550.0,896.0
550.0,896.0
550.0,896.0
551.0,896.0
551.0,897.0
551.0,897.0
551.0,897.0
551.0,897.0
552.0,898.0
553.0,898.0
552.0,898.0
552.0,898.0
554.0,898.0
554.0,899.0
553.0,899.0
554.0,899.0
554.0,900.0
554.0,901.0
554.0,902.0
555.0,903.0
557.0,905.0
560.0,907.0
561.0,906.0
560.0,907.0
563.0,907.0
564.0,907.0
565.0,908.0
564.0,907.0
567.0,909.0
564.0,907.0
563.0,906.0
563.0,907.0
563.0,907.0
562.0,907.0
563.0,907.0
563.0,906.0
563.0,906.0
563.0,906.0
562.0,907.0
563.0,907.0
564.0,907.0
564.0,908.0
565.0,909.0
