x,y
76.0,678.0
143.0,684.0
215.0,684.0
259.0,673.0
309.0,653.0
358.0,646.0
401.0,619.0
430.0,623.0
447.0,631.0
450.0,660.0
464.0,674.0
472.0,676.0
490.0,676.0
495.0,677.0
501.0,681.0
505.0,692.0
509.0,694.0
517.0,698.0
514.0,696.0
513.0,693.0
514.0,691.0
521.0,697.0
520.0,695.0
520.0,696.0
521.0,695.0
521.0,694.0
521.0,697.0
515.0,699.0
515.0,699.0
515.0,699.0
514.0,698.0
517.0,695.0
515.0,698.0
514.0,697.0
514.0,697.0
520.0,694.0
519.0,696.0
519.0,694.0
520.0,694.0
522.0,695.0
522.0,695.0
522.0,697.0
521.0,696.0
521.0,697.0
521.0,697.0
521.0,697.0
522.0,694.0
524.0,695.0
520.0,688.0
524.0,694.0
523.0,694.0
523.0,694.0
523.0,696.0
524.0,695.0
524.0,693.0
526.0,690.0
526.0,690.0
527.0,687.0
529.0,687.0
529.0,687.0
529.0,687.0
529.0,686.0
529.0,687.0
528.0,687.0
528.0,687.0
529.0,687.0
530.0,687.0
531.0,687.0
531.0,687.0
531.0,687.0
531.0,687.0
531.0,687.0
531.0,686.0
530.0,688.0
530.0,686.0
532.0,686.0
535.0,682.0
533.0,681.0
535.0,682.0
534.0,681.0
534.0,689.0
530.0,685.0
532.0,684.0
533.0,683.0
535.0,689.0
538.0,686.0
540.0,685.0
540.0,686.0
540.0,687.0
540.0,688.0
540.0,688.0
539.0,689.0
539.0,689.0
539.0,689.0
540.0,689.0
540.0,689.0
540.0,691.0
541.0,691.0
541.0,691.0
541.0,691.0
