x,y
409.0,374.0
409.0,375.0
410.0,375.0
411.0,374.0
409.0,375.0
409.0,375.0
409.0,374.0
409.0,373.0
409.0,373.0
409.0,373.0
409.0,373.0
409.0,373.0
409.0,373.0
409.0,373.0
409.0,373.0
409.0,374.0
409.0,374.0
409.0,374.0
409.0,374.0
408.0,374.0
407.0,374.0
407.0,374.0
408.0,374.0
408.0,375.0
414.0,375.0
408.0,375.0
408.0,374.0
406.0,375.0
406.0,374.0
403.0,377.0
412.0,382.0
412.0,382.0
412.0,382.0
412.0,381.0
412.0,381.0
413.0,381.0
413.0,381.0
413.0,381.0
413.0,382.0
413.0,381.0
413.0,381.0
413.0,381.0
413.0,381.0
412.0,382.0
413.0,381.0
413.0,381.0
412.0,380.0
412.0,379.0
412.0,381.0
412.0,382.0
413.0,382.0
411.0,383.0
411.0,382.0
411.0,382.0
411.0,382.0
402.0,379.0
403.0,379.0
403.0,378.0
409.0,375.0
410.0,375.0
411.0,375.0
410.0,375.0
411.0,375.0
407.0,384.0
394.0,398.0
409.0,376.0
409.0,375.0
418.0,372.0
418.0,372.0
418.0,371.0
412.0,377.0
418.0,369.0
408.0,369.0
408.0,368.0
409.0,368.0
409.0,368.0
410.0,368.0
414.0,375.0
407.0,369.0
414.0,375.0
434.0,381.0
414.0,376.0
420.0,370.0
407.0,368.0
414.0,375.0
414.0,376.0
414.0,376.0
414.0,375.0
413.0,376.0
414.0,377.0
413.0,376.0
414.0,375.0
414.0,375.0
414.0,376.0
413.0,377.0
414.0,376.0
414.0,376.0
414.0,375.0
413.0,376.0
413.0,376.0
