x,y
872.0,354.0
864.0,360.0
865.0,371.0
865.0,371.0
863.0,372.0
864.0,373.0
864.0,370.0
866.0,367.0
865.0,366.0
865.0,366.0
864.0,366.0
864.0,365.0
864.0,365.0
864.0,365.0
864.0,365.0
865.0,364.0
866.0,363.0
865.0,357.0
864.0,358.0
865.0,358.0
866.0,358.0
867.0,358.0
866.0,358.0
867.0,358.0
868.0,360.0
868.0,360.0
867.0,361.0
867.0,360.0
867.0,361.0
866.0,361.0
868.0,361.0
869.0,359.0
869.0,360.0
871.0,360.0
870.0,360.0
870.0,359.0
872.0,361.0
872.0,361.0
873.0,361.0
873.0,361.0
873.0,362.0
874.0,361.0
874.0,362.0
874.0,362.0
873.0,361.0
873.0,360.0
874.0,361.0
873.0,361.0
874.0,361.0
873.0,361.0
874.0,360.0
874.0,360.0
873.0,360.0
873.0,361.0
873.0,361.0
874.0,361.0
873.0,361.0
874.0,361.0
874.0,361.0
874.0,360.0
873.0,360.0
873.0,360.0
873.0,360.0
873.0,360.0
873.0,359.0
878.0,355.0
877.0,359.0
881.0,360.0
879.0,358.0
892.0,359.0
912.0,367.0
928.0,379.0
927.0,405.0
915.0,421.0
902.0,433.0
894.0,440.0
889.0,451.0
888.0,461.0
893.0,474.0
891.0,482.0
892.0,485.0
890.0,493.0
892.0,496.0
891.0,502.0
886.0,506.0
897.0,508.0
894.0,511.0
889.0,508.0
888.0,509.0
888.0,508.0
888.0,507.0
888.0,508.0
888.0,508.0
888.0,508.0
898.0,508.0
897.0,508.0
888.0,507.0
889.0,508.0
890.0,507.0
889.0,508.0
