x,y
1625.0,535.0
1625.0,535.0
1624.0,534.0
1624.0,534.0
1624.0,534.0
1624.0,533.0
1624.0,533.0
1624.0,533.0
1623.0,533.0
1624.0,533.0
1624.0,532.0
1624.0,533.0
1624.0,533.0
1624.0,533.0
1624.0,533.0
1624.0,533.0
1625.0,533.0
1624.0,532.0
1624.0,533.0
1624.0,533.0
1623.0,533.0
1624.0,532.0
1624.0,532.0
1624.0,532.0
1624.0,531.0
1624.0,531.0
1624.0,532.0
1624.0,532.0
1623.0,530.0
1624.0,530.0
1624.0,530.0
1624.0,531.0
1624.0,530.0
1624.0,531.0
1624.0,531.0
1624.0,531.0
1623.0,531.0
1623.0,531.0
1623.0,531.0
1623.0,531.0
1623.0,531.0
1623.0,531.0
1623.0,532.0
1624.0,531.0
1623.0,532.0
1624.0,530.0
1623.0,532.0
1624.0,531.0
1623.0,530.0
1623.0,531.0
1623.0,531.0
1623.0,531.0
1623.0,531.0
1623.0,531.0
1623.0,531.0
1623.0,531.0
1623.0,531.0
1622.0,531.0
1622.0,532.0
1621.0,531.0
1622.0,531.0
1622.0,530.0
1622.0,531.0
1621.0,530.0
1621.0,530.0
1620.0,530.0
1621.0,529.0
1621.0,530.0
1621.0,530.0
1621.0,530.0
1621.0,530.0
1621.0,530.0
1621.0,529.0
1622.0,528.0
1622.0,526.0
1622.0,525.0
1620.0,525.0
1618.0,520.0
1605.0,511.0
1594.0,506.0
1587.0,508.0
1579.0,515.0
1576.0,518.0
1585.0,521.0
1606.0,519.0
1620.0,524.0
1623.0,533.0
1625.0,544.0
1622.0,554.0
1622.0,563.0
1624.0,560.0
1627.0,552.0
1626.0,542.0
1634.0,533.0
1655.0,507.0
1664.0,510.0
1673.0,507.0
1679.0,517.0
1680.0,514.0
1669.0,527.0
