x,y
415.0,559.0
415.0,558.0
414.0,560.0
415.0,559.0
415.0,560.0
415.0,560.0
414.0,561.0
414.0,560.0
415.0,559.0
415.0,560.0
416.0,560.0
416.0,559.0
415.0,561.0
414.0,561.0
414.0,562.0
413.0,562.0
413.0,562.0
413.0,561.0
414.0,561.0
414.0,561.0
412.0,561.0
412.0,561.0
411.0,561.0
412.0,561.0
413.0,560.0
412.0,560.0
415.0,560.0
413.0,560.0
412.0,560.0
412.0,560.0
413.0,559.0
414.0,560.0
415.0,560.0
413.0,559.0
413.0,559.0
413.0,558.0
414.0,559.0
414.0,557.0
412.0,558.0
411.0,562.0
408.0,562.0
407.0,565.0
406.0,566.0
405.0,565.0
405.0,565.0
406.0,565.0
406.0,564.0
406.0,564.0
406.0,565.0
405.0,566.0
400.0,565.0
401.0,564.0
400.0,564.0
406.0,565.0
400.0,565.0
400.0,564.0
405.0,565.0
405.0,565.0
406.0,565.0
404.0,565.0
399.0,564.0
399.0,564.0
405.0,565.0
400.0,564.0
405.0,565.0
406.0,565.0
406.0,565.0
401.0,564.0
399.0,564.0
406.0,565.0
400.0,566.0
400.0,569.0
400.0,570.0
399.0,570.0
399.0,569.0
398.0,569.0
399.0,571.0
399.0,571.0
398.0,571.0
399.0,571.0
399.0,571.0
399.0,569.0
398.0,569.0
397.0,571.0
396.0,571.0
396.0,571.0
397.0,571.0
396.0,571.0
397.0,571.0
396.0,572.0
397.0,574.0
396.0,575.0
396.0,574.0
398.0,576.0
399.0,576.0
399.0,576.0
399.0,578.0
398.0,577.0
398.0,578.0
402.0,584.0
