x,y
706.0,563.0
706.0,562.0
704.0,563.0
704.0,563.0
704.0,563.0
704.0,563.0
704.0,563.0
704.0,563.0
705.0,564.0
705.0,564.0
704.0,564.0
704.0,564.0
703.0,564.0
702.0,563.0
702.0,563.0
703.0,563.0
702.0,563.0
700.0,563.0
699.0,564.0
698.0,564.0
695.0,563.0
697.0,564.0
696.0,564.0
695.0,564.0
694.0,564.0
694.0,564.0
694.0,565.0
694.0,565.0
695.0,565.0
694.0,564.0
695.0,565.0
694.0,564.0
695.0,565.0
694.0,565.0
694.0,565.0
694.0,565.0
694.0,565.0
694.0,565.0
694.0,565.0
694.0,564.0
694.0,565.0
694.0,564.0
694.0,565.0
694.0,564.0
693.0,564.0
695.0,565.0
695.0,566.0
695.0,566.0
696.0,567.0
695.0,567.0
695.0,567.0
694.0,567.0
695.0,568.0
695.0,567.0
694.0,567.0
695.0,569.0
694.0,568.0
695.0,567.0
695.0,567.0
694.0,567.0
694.0,568.0
693.0,567.0
693.0,567.0
692.0,567.0
692.0,567.0
692.0,566.0
692.0,566.0
691.0,566.0
692.0,567.0
691.0,567.0
689.0,567.0
691.0,569.0
692.0,571.0
693.0,570.0
694.0,572.0
693.0,571.0
693.0,572.0
693.0,573.0
692.0,573.0
694.0,572.0
693.0,572.0
693.0,573.0
693.0,572.0
693.0,573.0
693.0,573.0
693.0,574.0
694.0,574.0
694.0,574.0
693.0,574.0
693.0,575.0
695.0,575.0
694.0,574.0
694.0,574.0
695.0,574.0
695.0,573.0
694.0,573.0
694.0,572.0
695.0,573.0
695.0,572.0
695.0,572.0
