x,y
939.0,243.0
940.0,242.0
940.0,242.0
940.0,242.0
939.0,242.0
939.0,242.0
939.0,243.0
940.0,243.0
940.0,243.0
941.0,245.0
943.0,248.0
944.0,247.0
946.0,244.0
946.0,244.0
946.0,245.0
948.0,244.0
949.0,245.0
949.0,244.0
948.0,244.0
948.0,245.0
949.0,245.0
949.0,246.0
949.0,247.0
949.0,246.0
948.0,248.0
948.0,248.0
949.0,247.0
949.0,247.0
950.0,246.0
950.0,247.0
952.0,246.0
952.0,245.0
951.0,246.0
953.0,244.0
951.0,246.0
951.0,245.0
953.0,244.0
952.0,245.0
953.0,244.0
962.0,247.0
962.0,247.0
961.0,247.0
959.0,248.0
960.0,247.0
963.0,248.0
962.0,247.0
963.0,248.0
965.0,246.0
965.0,246.0
965.0,247.0
966.0,248.0
965.0,245.0
965.0,246.0
965.0,246.0
964.0,246.0
965.0,246.0
965.0,246.0
966.0,246.0
965.0,244.0
964.0,245.0
967.0,244.0
964.0,244.0
963.0,244.0
965.0,243.0
962.0,244.0
964.0,243.0
964.0,243.0
965.0,245.0
966.0,245.0
963.0,244.0
963.0,244.0
964.0,244.0
961.0,247.0
960.0,252.0
960.0,253.0
960.0,253.0
955.0,253.0
945.0,248.0
947.0,242.0
948.0,244.0
960.0,254.0
966.0,262.0
964.0,280.0
972.0,294.0
978.0,313.0
994.0,317.0
995.0,335.0
1009.0,351.0
1016.0,365.0
1019.0,367.0
1017.0,369.0
1026.0,366.0
1038.0,376.0
1036.0,383.0
1038.0,388.0
1066.0,396.0
1093.0,400.0
1049.0,392.0
1050.0,388.0
1050.0,393.0
