x,y
1904.0,80.0
1904.0,80.0
1904.0,80.0
1904.0,80.0
1904.0,80.0
1904.0,80.0
1904.0,80.0
1904.0,80.0
1904.0,80.0
1904.0,80.0
1904.0,80.0
1904.0,80.0
1904.0,80.0
1904.0,80.0
1904.0,80.03703703703704
1904.0,80.07407407407408
1904.0,80.11111111111111
1904.0,80.14814814814815
1904.0,80.18518518518519
1904.0,80.22222222222223
1904.0,80.25925925925925
1904.0,80.29629629629629
1904.0,80.33333333333333
1904.0,80.37037037037037
1904.0,80.4074074074074
1904.0,80.44444444444444
1904.0,80.48148148148148
1904.0,80.51851851851852
1904.0,80.55555555555556
1904.0,80.5925925925926
1904.0,80.62962962962963
1904.0,80.66666666666667
1904.0,80.70370370370371
1904.0,80.74074074074075
1904.0,80.77777777777777
1904.0,80.81481481481481
1904.0,80.85185185185185
1904.0,80.88888888888889
1904.0,80.92592592592592
1904.0,80.96296296296296
1904.0,81.0
1904.0,81.0
1904.0,81.0
1904.0,81.0
1904.0,81.0
1904.0,81.0
1904.0,81.0
1904.0,81.0
1904.0,81.0
1904.0,81.0
1904.0,81.0
1904.0,81.0
1904.0,81.0
1904.0,81.0
1904.0,81.0
1904.0,81.0
1904.0,81.0
1904.0,81.0
1904.0,81.0
1904.0,81.0
1904.0,81.0
1904.0,81.0
1904.0,81.0
1904.0,81.0
1904.0,81.0
1904.0,81.0
1904.0,81.0
