x,y
685.0,801.0
684.0,801.0
684.0,800.0
684.0,799.0
684.0,799.0
684.0,799.0
685.0,798.0
685.0,799.0
686.0,799.0
686.0,798.0
686.0,798.0
686.0,799.0
686.0,799.0
686.0,798.0
686.0,798.0
686.0,798.0
686.0,798.0
686.0,798.0
686.0,798.0
686.0,798.0
686.0,798.0
686.0,798.0
685.0,798.0
685.0,798.0
686.0,797.0
686.0,797.0
686.0,798.0
687.0,797.0
688.0,798.0
689.0,799.0
690.0,799.0
688.0,798.0
688.0,798.0
690.0,800.0
692.0,801.0
690.0,800.0
690.0,800.0
690.0,800.0
690.0,799.0
690.0,800.0
690.0,800.0
690.0,799.0
690.0,800.0
690.0,799.0
690.0,800.0
690.0,800.0
690.0,800.0
690.0,799.0
688.0,798.0
689.0,798.0
689.0,798.0
690.0,798.0
690.0,798.0
690.0,798.0
690.0,799.0
691.0,799.0
691.0,799.0
692.0,799.0
693.0,798.0
695.0,795.0
695.0,794.0
696.0,793.0
697.0,793.0
698.0,790.0
699.0,790.0
700.0,790.0
700.0,790.0
701.0,790.0
701.0,789.0
703.0,789.0
703.0,788.0
701.0,787.0
702.0,786.0
701.0,787.0
704.0,788.0
702.0,787.0
706.0,788.0
706.0,788.0
707.0,788.0
706.0,788.0
707.0,789.0
707.0,787.0
706.0,785.0
707.0,785.0
707.0,784.0
707.0,785.0
710.0,785.0
709.0,784.0
709.0,784.0
708.0,784.0
708.0,785.0
708.0,785.0
708.0,785.0
708.0,785.0
709.0,784.0
709.0,784.0
708.0,784.0
708.0,785.0
708.0,785.0
709.0,785.0
