x,y
552.0,515.0
553.0,515.0
553.0,515.0
553.0,515.0
553.0,514.0
553.0,514.0
554.0,513.0
554.0,513.0
554.0,512.0
554.0,512.0
554.0,513.0
554.0,514.0
554.0,514.0
554.0,514.0
554.0,514.0
554.0,514.0
554.0,514.0
554.0,514.0
554.0,513.0
553.5,513.5
553.0,514.0
553.0,513.0
553.0,513.0
553.0,513.0
553.0769230769231,513.0769230769231
553.1538461538462,513.1538461538462
553.2307692307693,513.2307692307693
553.3076923076923,513.3076923076923
553.3846153846154,513.3846153846154
553.4615384615385,513.4615384615385
553.5384615384615,513.5384615384615
553.6153846153846,513.6153846153846
553.6923076923077,513.6923076923077
553.7692307692307,513.7692307692307
553.8461538461538,513.8461538461538
553.9230769230769,513.9230769230769
554.0,514.0
554.0,513.5
554.0,513.0
553.9375,512.9375
553.875,512.875
553.8125,512.8125
553.75,512.75
553.6875,512.6875
553.625,512.625
553.5625,512.5625
553.5,512.5
553.4375,512.4375
553.375,512.375
553.3125,512.3125
553.25,512.25
553.1875,512.1875
553.125,512.125
553.0625,512.0625
553.0,512.0
537.0,499.0
553.0,513.0
552.0,514.0
553.0,514.0
553.0,513.0
553.0,513.0
552.0,513.0
554.0,510.0
554.0,511.0
554.0,510.0
554.0,510.0
554.0,508.0
554.0,508.0
553.0,508.0
553.0,508.0
552.0,508.0
551.0,511.0
550.0,511.0
550.0,512.0
551.0,514.0
551.0,514.0
551.0,514.0
551.0,515.0
552.0,515.0
551.0,515.0
551.0,515.0
551.0,517.0
551.0,516.0
551.0,516.0
551.0,517.0
551.0,519.0
552.0,517.0
551.0,516.0
552.0,516.0
554.0,515.0
551.0,520.0
551.0,519.0
551.0,518.0
552.0,514.0
550.0,513.0
549.0,513.0
550.0,514.0
551.0,514.0
550.0,513.0
550.0,513.0
