x,y
1111.0,717.0
1111.0,717.0
1110.0,717.0
1111.0,717.0
1110.0,717.0
1110.0,716.0
1111.0,716.0
1112.0,716.0
1112.0,716.0
1112.0,716.0
1114.0,716.0
1114.0,716.0
1114.0,716.0
1114.0,716.0
1114.0,716.0
1114.0,717.0
1115.0,716.0
1114.0,717.0
1115.0,717.0
1115.0,719.0
1116.0,720.0
1118.0,724.0
1120.0,726.0
1120.0,727.0
1122.0,728.0
1122.0,728.0
1122.0,729.0
1122.0,729.0
1122.0,729.0
1122.0,728.0
1122.0,729.0
1123.0,728.0
1124.0,728.0
1123.0,727.0
1123.0,729.0
1125.0,731.0
1124.0,732.0
1124.0,731.0
1124.0,733.0
1124.0,735.0
1125.0,736.0
1125.0,736.0
1123.0,737.0
1123.0,737.0
1124.0,738.0
1124.0,738.0
1125.0,738.0
1125.0,738.0
1125.0,738.0
1125.0,738.0
1126.0,737.0
1125.0,735.0
1126.0,736.0
1121.0,735.0
1109.0,737.0
1084.0,740.0
1061.0,742.0
1046.0,757.0
1032.0,774.0
1017.0,802.0
1018.0,825.0
1026.0,843.0
1034.0,862.0
1039.0,869.0
1041.0,883.0
1060.0,878.0
1068.0,883.0
1087.0,890.0
1091.0,897.0
1103.0,899.0
1108.0,908.0
1112.0,908.0
1121.0,907.0
1125.0,907.0
1124.0,904.0
1124.0,904.0
1120.0,903.0
1116.0,900.0
1111.0,899.0
1110.0,898.0
1102.0,891.0
1104.0,891.0
1099.0,890.0
1100.0,888.0
1109.0,890.0
1113.0,890.0
1120.0,891.0
1125.0,887.0
1124.0,878.0
1127.0,876.0
1123.0,889.0
1115.0,885.0
1121.0,890.0
1123.0,893.0
1120.0,900.0
1121.0,911.0
1126.0,918.0
1147.0,923.0
1157.0,949.0
1173.0,961.0
