x,y
1698.6666666666667,164.33333333333334
1698.3333333333333,164.66666666666666
1698.0,165.0
1698.142857142857,165.17857142857142
1698.2857142857142,165.35714285714286
1698.4285714285713,165.53571428571428
1698.5714285714287,165.71428571428572
1698.7142857142858,165.89285714285714
1698.857142857143,166.07142857142858
1699.0,166.25
1699.142857142857,166.42857142857142
1699.2857142857142,166.60714285714286
1699.4285714285713,166.78571428571428
1699.5714285714287,166.96428571428572
1699.7142857142858,167.14285714285714
1699.857142857143,167.32142857142858
1700.0,167.5
1700.142857142857,167.67857142857142
1700.2857142857142,167.85714285714286
1700.4285714285713,168.03571428571428
1700.5714285714287,168.21428571428572
1700.7142857142858,168.39285714285714
1700.857142857143,168.57142857142858
1701.0,168.75
1701.142857142857,168.92857142857142
1701.2857142857142,169.10714285714286
1701.4285714285713,169.28571428571428
1701.5714285714287,169.46428571428572
1701.7142857142858,169.64285714285714
1701.857142857143,169.82142857142858
1702.0,170.0
1701.0,170.0
1701.0,170.0
1699.0,170.0
1699.5,171.0
1700.0,172.0
1703.0,170.0
1703.0,168.0
1717.0,159.0
1714.0,145.0
1720.0,135.0
1723.0,129.0
1732.0,134.0
1732.0,132.0
1760.0,142.0
1770.0,160.0
1780.0,171.0
1789.0,181.0
1801.0,174.0
1809.0,170.0
1826.0,171.0
1837.0,170.0
1839.0,168.0
1837.0,170.0
1835.0,163.0
1825.0,168.0
1818.0,171.0
1807.0,178.0
1799.0,175.0
1794.0,182.0
1800.0,188.0
1801.0,195.0
1800.0,193.0
1793.0,202.0
1795.0,198.0
1793.0,199.0
1802.0,201.0
1798.0,203.0
1796.0,206.0
1797.0,206.0
1800.0,206.0
1801.0,207.0
1801.0,210.0
1802.0,210.0
1803.0,210.0
1804.0,210.0
1805.0,210.0
1801.0,211.0
1799.0,210.0
1798.0,210.0
1797.0,211.0
1800.0,212.0
1801.0,211.0
1801.0,211.0
1800.0,211.0
1801.0,211.0
1802.0,211.0
1802.0,211.0
1802.0,211.0
1802.0,210.0
1803.0,211.0
1803.0,211.0
1802.0,211.0
1801.0,211.0
1801.0,212.0
1799.3333333333333,222.83333333333334
1797.6666666666667,233.66666666666666
1796.0,244.5
1794.3333333333333,255.33333333333334
1792.6666666666667,266.1666666666667
