x,y
1183.0,804.0
1183.0,801.0
1183.0,801.0
1184.0,802.0
1184.0,801.0
1184.0,801.0
1185.0,800.0
1187.0,800.0
1187.0,800.0
1188.0,799.0
1188.0,800.0
1188.0,799.0
1187.0,800.0
1189.0,800.0
1189.0,801.0
1189.0,803.0
1190.0,804.0
1193.0,809.0
1177.0,811.0
1192.0,809.0
1190.0,810.0
1188.0,810.0
1192.0,815.0
1190.0,815.0
1188.0,815.0
1188.0,815.0
1190.0,816.0
1187.0,816.0
1187.0,814.0
1188.0,813.0
1185.0,815.0
1185.0,814.0
1186.0,814.0
1183.0,814.0
1186.0,813.0
1188.0,809.0
1187.0,811.0
1183.0,810.0
1182.0,809.0
1184.0,807.0
1184.0,808.0
1185.0,804.0
1184.0,803.0
1185.0,803.0
1186.0,802.0
1184.0,798.0
1184.0,798.0
1184.0,799.0
1184.0,797.0
1185.0,799.0
1187.0,799.0
1186.0,798.0
1188.0,798.0
1191.0,797.0
1198.0,795.0
1213.0,793.0
1222.0,791.0
1214.0,788.0
1215.0,783.0
1225.0,778.0
1239.0,772.0
1252.0,780.0
1268.0,794.0
1293.0,803.0
1306.0,821.0
1320.0,829.0
1338.0,843.0
1346.0,851.0
1366.0,854.0
1369.0,864.0
1388.0,863.0
1394.0,869.0
1410.0,871.0
1415.0,881.0
1428.0,884.0
1428.0,909.0
1429.0,914.0
1427.0,924.0
1429.0,937.0
1439.0,943.0
1453.0,939.0
1465.0,919.0
1473.0,896.0
1493.0,882.0
1516.0,856.0
1535.0,848.0
1547.0,833.0
1569.0,806.0
1576.0,779.0
1578.0,756.0
1586.0,731.0
1586.0,714.0
1602.0,698.0
1614.0,691.0
1626.0,690.0
1639.0,691.0
1640.0,695.0
1644.0,715.0
1645.0,711.0
1648.0,723.0
