x,y
1700.0,933.0
1700.0,933.0
1700.0,933.0
1699.0,933.0
1710.0,935.0
1711.0,934.0
1711.0,934.0
1711.0,934.0
1710.0,935.0
1711.0,934.0
1711.0,934.0
1709.0,934.0
1704.0,933.0
1704.0,933.0
1709.0,934.0
1710.0,934.0
1710.0,934.0
1710.0,934.0
1710.0,933.0
1710.0,934.0
1708.0,934.0
1703.0,933.0
1702.0,933.0
1702.0,932.0
1701.8333333333333,932.0833333333334
1701.6666666666667,932.1666666666666
1701.5,932.25
1701.3333333333333,932.3333333333334
1701.1666666666667,932.4166666666666
1701.0,932.5
1700.8333333333333,932.5833333333334
1700.6666666666667,932.6666666666666
1700.5,932.75
1700.3333333333333,932.8333333333334
1700.1666666666667,932.9166666666666
1700.0,933.0
1700.2,932.9
1700.4,932.8
1700.6,932.7
1700.8,932.6
1701.0,932.5
1701.2,932.4
1701.4,932.3
1701.6,932.2
1701.8,932.1
1702.0,932.0
1702.3846153846155,932.0769230769231
1702.7692307692307,932.1538461538462
1703.1538461538462,932.2307692307693
1703.5384615384614,932.3076923076923
1703.923076923077,932.3846153846154
1704.3076923076924,932.4615384615385
1704.6923076923076,932.5384615384615
1705.076923076923,932.6153846153846
1705.4615384615386,932.6923076923077
1705.8461538461538,932.7692307692307
1706.2307692307693,932.8461538461538
1706.6153846153845,932.9230769230769
1707.0,933.0
1707.3846153846155,933.0769230769231
1707.7692307692307,933.1538461538462
1708.1538461538462,933.2307692307693
1708.5384615384614,933.3076923076923
1708.923076923077,933.3846153846154
1709.3076923076924,933.4615384615385
1709.6923076923076,933.5384615384615
1710.076923076923,933.6153846153846
1710.4615384615386,933.6923076923077
1710.8461538461538,933.7692307692307
1711.2307692307693,933.8461538461538
1711.6153846153845,933.9230769230769
1712.0,934.0
1713.0,935.0
1711.5,934.9
1710.0,934.8
1708.5,934.7
1707.0,934.6
1705.5,934.5
1704.0,934.4
1702.5,934.3
1701.0,934.2
1699.5,934.1
1698.0,934.0
1699.0,934.0
1699.0,934.1111111111111
1699.0,934.2222222222222
1699.0,934.3333333333334
1699.0,934.4444444444445
1699.0,934.5555555555555
1699.0,934.6666666666666
1699.0,934.7777777777778
1699.0,934.8888888888889
1699.0,935.0
1699.0,934.0
1708.4444444444443,934.4444444444445
1717.888888888889,934.8888888888889
1727.3333333333333,935.3333333333334
1736.7777777777778,935.7777777777778
1746.2222222222222,936.2222222222222
1755.6666666666667,936.6666666666666
