x,y
502.7894736842105,457.7894736842105
503.57894736842104,457.57894736842104
504.36842105263156,457.36842105263156
505.1578947368421,457.1578947368421
505.94736842105266,456.94736842105266
506.7368421052632,456.7368421052632
507.5263157894737,456.5263157894737
508.3157894736842,456.3157894736842
509.10526315789474,456.10526315789474
509.89473684210526,455.89473684210526
510.6842105263158,455.6842105263158
511.4736842105263,455.4736842105263
512.2631578947369,455.2631578947368
513.0526315789474,455.05263157894734
513.8421052631579,454.8421052631579
514.6315789473684,454.63157894736844
515.421052631579,454.42105263157896
516.2105263157895,454.2105263157895
517.0,454.0
517.0,455.0
517.0,455.0
517.0,455.0
516.75,456.0
516.5,457.0
516.25,458.0
516.0,459.0
515.75,460.0
515.5,461.0
515.25,462.0
515.0,463.0
514.6666666666666,463.22222222222223
514.3333333333334,463.44444444444446
514.0,463.6666666666667
513.6666666666666,463.8888888888889
513.3333333333334,464.1111111111111
513.0,464.3333333333333
512.6666666666666,464.55555555555554
512.3333333333334,464.77777777777777
512.0,465.0
511.0,464.0
510.0,463.0
512.0,464.0
511.0,461.0
510.0,463.0
509.0,464.0
508.0,461.0
505.0,464.0
505.0,463.0
505.0,463.0
505.0,463.0
505.0,461.0
504.0,458.0
502.0,453.0
501.0,451.0
504.0,450.0
509.0,453.0
505.0,455.0
506.0,453.0
512.0,450.0
517.0,453.0
527.0,467.0
530.0,472.0
529.0,466.0
534.0,475.0
539.0,484.0
546.0,491.0
553.0,495.0
552.0,499.0
545.0,502.0
546.0,503.0
542.0,504.0
533.0,518.0
532.0,531.0
529.0,540.0
521.0,541.0
516.0,540.0
512.0,538.0
501.0,540.0
492.0,545.0
480.0,543.0
474.0,555.0
475.0,569.0
476.0,569.0
478.0,574.0
482.0,575.0
483.0,584.0
487.0,585.0
489.0,594.0
487.0,593.0
487.0,599.0
497.0,599.0
491.0,601.0
499.0,609.0
499.0,614.0
495.0,612.0
491.0,617.0
497.0,620.0
498.0,619.0
495.0,615.0
494.0,622.0
