x,y
338.0,661.0
338.0,659.0
339.0,658.0
339.0,659.0
340.0,663.0
339.0,661.0
340.0,663.0
341.0,662.0
341.0,663.0
340.0,662.0
339.0,663.0
340.0,662.0
340.0,663.0
339.0,662.0
339.0,663.0
340.0,663.0
339.0,663.0
340.0,663.0
340.0,663.0
340.0,662.0
339.0,662.0
340.0,663.0
339.0,662.0
339.0,661.0
339.0,663.0
339.0,663.0
339.0,663.0
339.0,663.0
339.0,663.0
339.0,664.0
339.0,663.0
339.0,662.0
340.0,662.0
339.0,662.0
339.0,663.0
339.0,664.0
339.0,668.0
339.0,670.0
338.0,666.0
338.0,669.0
336.0,668.0
338.0,668.0
339.0,668.0
337.0,668.0
337.0,669.0
337.0,668.0
338.0,670.0
338.0,669.0
337.0,668.0
337.0,668.0
337.0,669.0
339.0,671.0
339.0,674.0
339.0,674.0
339.0,674.0
339.0,674.0
339.0,675.0
339.0,676.0
338.0,675.0
339.0,676.0
339.0,675.0
339.0,676.0
339.0,676.0
339.0,676.0
339.0,676.0
339.0,676.0
339.0,676.0
339.0,675.0
338.0,673.0
339.0,672.0
337.0,671.0
338.0,671.0
339.0,672.0
340.0,672.0
339.0,671.0
340.0,671.0
337.0,672.0
341.0,671.0
341.0,671.0
342.0,675.0
342.0,676.0
340.0,679.0
341.0,678.0
341.0,678.0
339.0,679.0
340.0,680.0
343.0,679.0
343.0,680.0
345.0,680.0
346.0,680.0
348.0,677.0
348.0,676.0
348.0,675.0
347.0,679.0
347.0,679.0
348.0,678.0
348.0,677.0
347.0,675.0
347.0,674.0
347.0,675.0
