x,y
401.0,136.0
401.0,137.0
401.0,137.0
402.0,137.0
402.0,137.0
406.0,145.0
398.0,139.0
399.0,139.0
408.0,145.0
399.0,140.0
400.0,140.0
399.0,140.0
409.0,145.0
417.0,161.0
416.0,160.0
409.0,145.0
409.0,146.0
399.0,142.0
399.0,141.0
399.0,142.0
399.0,141.0
407.0,135.0
405.0,135.0
395.0,141.0
400.0,139.0
399.0,138.0
399.0,138.0
399.0,139.0
399.0,140.0
394.0,130.0
395.0,131.0
395.0,130.0
395.0,130.0
404.0,136.0
404.0,137.0
403.0,136.0
405.0,137.0
395.0,142.0
404.0,137.0
394.0,141.0
404.0,137.0
404.0,137.0
404.0,137.0
394.0,141.0
405.0,137.0
405.0,138.0
405.0,138.0
394.0,141.0
395.0,132.0
396.0,132.0
404.0,137.0
404.0,138.0
394.0,141.0
399.0,142.0
399.0,141.0
399.0,141.0
397.0,140.0
397.0,140.0
397.0,139.0
396.0,139.0
396.0,139.0
395.0,138.0
393.0,138.0
393.0,138.0
393.0,138.0
393.0,140.0
382.0,143.0
382.0,143.0
382.0,142.0
392.0,140.0
391.0,140.0
391.0,140.0
391.0,140.0
391.0,140.0
390.0,140.0
381.0,141.0
390.0,140.0
392.0,139.0
392.0,138.0
392.0,138.0
391.0,137.0
391.0,137.0
381.0,137.0
381.0,137.0
383.0,135.0
381.0,138.0
380.0,138.0
381.0,137.0
381.0,136.0
381.0,136.0
382.0,136.0
382.0,135.0
381.0,134.0
381.0,134.0
381.0,134.0
381.0,134.0
380.0,133.0
381.0,132.0
381.0,131.0
380.0,131.0
