x,y
1670.0,941.0
1669.0,948.0
1666.0,955.0
1663.0,958.0
1656.0,964.0
1648.0,971.0
1642.0,979.0
1633.0,986.0
1626.0,991.0
1618.0,992.0
1614.0,993.0
1616.0,993.0
1617.0,997.0
1615.0,1003.0
1611.0,1012.0
1608.0,1012.0
1608.0,1014.0
1611.0,1016.0
1613.0,1012.0
1603.0,1009.0
1599.0,1006.0
1598.0,1000.0
1583.0,998.0
1583.0,1007.0
1581.0,994.0
1576.0,1010.0
1566.0,1011.0
1567.0,1029.0
1557.0,1036.0
1552.0,1059.0
1544.0,1065.0
1536.0,1071.0
1535.0,1070.0
1525.0,1065.0
1524.0,1069.0
1512.0,1067.0
1502.0,1069.0
1494.0,1072.0
1479.0,1072.0
1471.0,1071.0
1463.0,1064.0
1453.0,1062.0
1443.0,1063.0
1433.0,1058.0
1421.0,1056.0
1421.0,1060.0
1413.0,1059.0
1411.0,1053.0
1409.0,1052.0
1405.0,1040.0
1408.0,1046.0
1405.0,1042.0
1406.0,1040.0
1405.0,1031.0
1414.0,1037.0
1417.0,1037.0
1413.0,1033.0
1408.0,1029.0
1399.0,1029.0
1393.0,1028.0
1385.0,1031.0
1380.0,1022.0
1375.0,1021.0
1376.0,1032.0
1368.0,1030.0
1360.0,1032.0
1350.0,1040.0
1339.0,1047.0
1335.0,1044.0
1337.0,1038.0
1343.0,1037.0
1361.0,1035.0
1370.0,1037.0
1378.0,1033.0
1379.0,1033.0
1378.0,1030.0
1373.0,1016.0
1367.0,1015.0
1347.0,1009.0
1344.0,1004.0
1338.0,1005.0
1330.0,1003.0
1314.0,1006.0
1314.0,996.0
1299.0,993.0
1291.0,982.0
1280.0,977.0
1275.0,974.0
1265.0,983.0
1258.0,984.0
1248.0,987.0
1238.0,1005.0
1226.0,1012.0
1218.0,1014.0
1209.0,1010.0
1204.0,1004.0
1200.0,1002.0
1199.0,1003.0
1197.0,1004.0
1193.0,1005.0
