x,y
1898.0,762.0
1820.0,740.0
1762.0,715.0
1704.0,719.0
1654.0,743.0
1611.0,773.0
1570.0,818.0
1528.0,853.0
1488.0,896.0
1451.0,935.0
1425.0,968.0
1401.0,985.0
1388.0,1013.0
1383.0,1012.0
1381.0,1018.0
1369.0,1021.0
1348.0,1022.0
1319.0,1026.0
1285.0,1010.0
1272.0,1004.0
1253.0,1001.0
1248.0,999.0
1247.0,987.0
1241.0,990.0
1231.0,984.0
1231.0,980.0
1229.0,978.0
1227.0,977.0
1230.0,981.0
1230.0,981.0
1230.0,980.0
1227.0,982.0
1233.0,977.0
1227.0,976.0
1231.0,980.0
1225.0,974.0
1226.0,972.0
1226.0,972.0
1226.0,973.0
1226.0,972.0
1226.0,972.0
1227.0,972.0
1226.0,972.0
1225.0,970.0
1225.0,969.0
1226.0,970.0
1225.0,969.0
1224.0,970.0
1224.0,969.0
1224.0,968.0
1223.0,969.0
1218.0,969.0
1215.0,968.0
1211.0,962.0
1210.0,960.0
1210.0,962.0
1208.0,959.0
1209.0,960.0
1208.0,959.0
1207.0,960.0
1205.0,962.0
1204.0,961.0
1206.0,959.0
1207.0,959.0
1207.0,959.0
1207.0,958.0
1207.0,958.0
1207.0,958.0
1207.0,958.0
1207.0,958.0
1206.0,958.0
1206.0,958.0
1205.0,958.0
1206.0,958.0
1205.0,958.0
1204.0,958.0
1205.0,958.0
1204.0,957.0
1204.0,955.0
1202.0,959.0
1196.0,957.0
1201.0,956.0
1199.0,956.0
1198.0,955.0
1199.0,956.0
1200.0,958.0
1198.0,957.0
1199.0,956.0
1197.0,956.0
1197.0,956.0
1196.0,955.0
1196.0,957.0
1196.0,957.0
1196.0,957.0
1195.0,957.0
1195.0,958.0
1196.0,959.0
1195.0,958.0
1196.0,959.0
1195.0,959.0
