x,y
1000.0,1004.0
993.0,995.0
989.0,982.0
989.0,975.0
990.0,967.0
992.0,960.0
991.0,963.0
993.0,960.0
999.0,953.0
1000.0,948.0
999.0,962.0
986.0,963.0
968.0,973.0
950.0,969.0
944.0,968.0
940.0,971.0
943.0,974.0
950.0,975.0
958.0,984.0
974.0,999.0
988.0,1008.0
1000.0,1024.0
1014.0,1031.0
1031.0,1058.0
1045.0,1064.0
1058.0,1069.0
1130.0,1017.0
1145.0,1015.0
1073.0,1076.0
1074.0,1073.0
1077.0,1071.0
1078.0,1064.0
1073.0,1067.0
1072.0,1068.0
1074.0,1067.0
1078.0,1062.0
1087.0,1060.0
1100.0,1062.0
1122.0,1072.0
1147.0,1075.0
1171.0,1072.0
1243.0,1047.0
1263.0,1064.0
1293.0,1069.0
1331.0,1050.0
1369.0,1031.0
1378.0,1037.0
1390.0,1039.0
1402.0,1036.0
1412.0,1039.0
1424.0,1049.0
1433.0,1063.0
1441.0,1063.0
1448.0,1063.0
1442.7142857142858,1065.142857142857
1437.4285714285713,1067.2857142857142
1432.142857142857,1069.4285714285713
1426.857142857143,1071.5714285714287
1421.5714285714287,1073.7142857142858
1416.2857142857142,1075.857142857143
1411.0,1078.0
1430.0,1075.0
1432.0,1074.0
1423.0,1069.0
1429.0,1066.0
1421.0,1065.0
1428.0,1070.0
1430.0,1068.0
1429.0,1066.0
1427.0,1058.0
1427.0,1062.0
1426.0,1059.0
1430.0,1057.0
1433.0,1054.0
1433.0,1057.0
1432.0,1054.0
1433.0,1053.0
1426.0,1049.0
1432.0,1054.0
1433.0,1055.0
1433.0,1055.0
1431.0,1049.0
1430.0,1049.0
1430.0,1049.0
1429.0,1049.0
1429.0,1056.0
1433.0,1058.0
1430.0,1058.0
1428.0,1050.0
1431.0,1058.0
1437.0,1068.0
1460.0,1058.0
1427.0,1053.0
1426.0,1053.0
1426.0,1054.0
1427.0,1054.0
1426.0,1049.0
1426.0,1049.0
1426.0,1049.0
1423.0,1050.0
