x,y
878.0,361.0
880.0,355.0
880.0,356.0
879.0,356.0
881.0,358.0
881.0,359.0
880.0,358.0
881.0,363.0
881.0,363.0
881.0,360.0
880.0,359.0
882.0,363.0
882.0,364.0
881.0,363.0
881.0,363.0
882.0,362.0
882.0,363.0
882.0,362.0
882.0,363.0
877.0,362.0
876.0,363.0
881.0,363.0
881.0,363.0
881.0,363.0
882.0,364.0
877.0,364.0
879.0,360.0
877.0,363.0
877.0,364.0
878.0,364.0
882.0,362.0
882.0,362.0
888.0,359.0
887.0,359.0
887.0,359.0
887.0,358.0
887.0,358.0
887.0,358.0
886.0,358.0
882.0,356.0
883.0,357.0
882.0,350.0
875.0,338.0
864.0,329.0
857.0,315.0
859.0,293.0
851.0,276.0
840.0,240.0
822.0,234.0
810.0,213.0
784.0,186.0
768.0,181.0
746.0,204.0
730.0,222.0
706.0,250.0
684.0,276.0
662.0,326.0
629.0,367.0
604.0,407.0
577.0,441.0
543.0,467.0
508.0,503.0
485.0,535.0
465.0,551.0
451.0,547.0
446.0,544.0
447.0,541.0
444.0,545.0
438.0,549.0
437.0,542.0
430.0,553.0
425.0,557.0
427.0,555.0
427.0,556.0
420.0,556.0
420.0,556.0
427.0,557.0
420.0,556.0
426.0,558.0
427.0,558.0
428.0,558.0
427.0,558.0
428.0,559.0
424.0,557.0
425.0,558.0
427.0,558.0
428.0,558.0
429.0,557.0
427.0,558.0
426.0,558.0
425.0,557.0
423.0,556.0
416.0,556.0
415.0,556.0
415.0,557.0
412.0,560.0
412.0,560.0
413.0,561.0
414.0,560.0
414.0,560.0
