x,y
869.0,553.0
870.0,553.0
870.0,553.0
870.0,553.0
870.0,553.0
869.0,553.0
869.0,554.0
869.0,554.0
869.0,553.0
869.0,553.0
870.0,553.0
870.0,553.0
870.0,553.0
869.0,553.0
869.0,553.0
869.0,553.0
869.0,553.0
870.0,554.0
869.0,553.0
870.0,554.0
869.0,553.0
869.0,553.0
869.0,553.0
869.0,553.0
869.0,554.0
869.0,553.0
869.0,553.0
869.0,553.0
869.0,553.0
868.0,554.0
868.0,553.0
866.0,556.0
867.0,555.0
867.0,555.0
867.0,555.0
867.0,556.0
862.0,557.0
861.0,559.0
861.0,560.0
860.0,561.0
860.0,561.0
860.0,561.0
861.0,562.0
861.0,562.0
861.0,562.0
860.0,562.0
860.0,562.0
860.0,562.0
860.0,562.0
840.0,563.0
800.0,566.0
765.0,560.0
712.0,584.0
662.0,571.0
604.0,538.0
530.0,492.0
439.0,483.0
357.0,468.0
335.0,438.0
336.0,425.0
359.0,419.0
360.0,418.0
360.0,418.0
360.0,418.0
359.0,418.0
355.0,422.0
356.0,426.0
352.0,428.0
349.0,431.0
350.0,433.0
349.0,433.0
349.0,432.0
348.0,433.0
347.0,433.0
348.0,433.0
340.0,439.0
339.0,439.0
339.0,440.0
339.0,440.0
338.0,441.0
338.0,441.0
338.0,441.0
334.0,442.0
328.0,443.0
325.0,446.0
324.0,446.0
324.0,447.0
324.0,446.0
325.0,447.0
324.0,446.0
324.0,447.0
324.0,449.0
324.0,448.0
324.0,449.0
324.0,448.0
324.0,449.0
324.0,449.0
324.0,449.0
323.0,448.0
318.0,448.0
