x,y
1660.0,576.0
1661.0,573.0
1658.0,572.0
1650.0,571.0
1647.0,575.0
1646.0,575.0
1647.0,580.0
1644.0,576.0
1645.0,581.0
1643.0,580.0
1644.0,580.0
1644.0,581.0
1644.0,580.0
1645.0,583.0
1644.0,587.0
1645.0,589.0
1669.0,603.0
1671.0,614.0
1670.0,613.0
1673.0,620.0
1674.0,614.0
1670.0,622.0
1668.0,621.0
1670.0,622.0
1668.0,626.0
1667.0,626.0
1668.0,626.0
1670.0,626.0
1672.0,628.0
1672.0,623.0
1673.0,623.0
1675.0,621.0
1674.0,622.0
1675.0,623.0
1675.0,621.0
1672.0,622.0
1672.0,622.0
1675.0,621.0
1676.0,621.0
1681.0,614.0
1682.0,617.0
1681.0,622.0
1683.0,625.0
1677.0,630.0
1687.0,630.0
1679.0,630.0
1680.0,630.0
1681.0,630.0
1680.0,630.0
1677.0,632.0
1678.0,633.0
1678.0,632.0
1678.0,633.0
1679.0,633.0
1678.0,633.0
1677.0,632.0
1677.0,632.0
1678.0,632.0
1678.0,632.0
1678.0,633.0
1678.0,633.0
1678.0,633.0
1678.0,633.0
1678.0,633.0
1678.0,632.0
1679.0,631.0
1679.0,631.0
1680.0,631.0
1680.0,631.0
1679.0,631.0
1680.0,630.0
1680.0,630.0
1680.0,631.0
1680.0,632.0
1680.0,631.0
1680.0,631.0
1680.0,631.0
1679.0,631.0
1679.0,631.0
1679.0,631.0
1679.0,631.0
1679.0,631.0
1679.0,631.0
1679.0,630.0
1679.0,630.0
1679.0,631.0
1677.0,634.0
1675.0,636.0
1675.0,639.0
1675.0,641.0
1676.0,639.0
1675.0,639.0
1676.0,642.0
1676.0,643.0
1676.0,643.0
1676.0,643.0
1676.0,643.0
1676.0,643.0
1676.0,643.0
1676.0,643.0
