x,y
965.0,633.0
965.0,633.0
966.0,633.0
965.0,633.0
965.0,633.0
965.0,633.0
964.0,633.0
964.0,634.0
964.0,634.0
963.0,634.0
962.0,634.0
962.0,634.0
962.0,635.0
962.0,635.0
961.0,633.0
961.0,633.0
961.0,634.0
962.0,634.0
963.0,635.0
963.0,635.0
963.0,635.0
963.0,635.0
963.0,635.0
963.0,635.0
963.0,635.0
963.0,635.0
963.0,635.0
962.0,635.0
962.0,636.0
960.0,635.0
961.0,635.0
963.0,636.0
963.0,636.0
962.0,635.0
961.0,634.0
961.0,633.0
961.0,634.0
961.0,633.0
961.0,632.0
961.0,632.0
960.0,631.0
958.0,631.0
959.0,631.0
966.0,634.0
960.0,634.0
956.0,630.0
955.0,629.0
957.0,630.0
957.0,630.0
956.0,630.0
956.0,631.0
955.0,632.0
955.0,632.0
957.0,634.0
956.0,634.0
958.0,635.3333333333334
960.0,636.6666666666666
962.0,638.0
964.0,638.0
964.0,638.0
964.0,638.0
964.0,636.0
958.0,634.0
958.0,633.0
962.0,636.0
963.0,637.0
964.0,637.0
964.0,637.0
963.0,637.0
963.0,638.0
963.0,638.0
963.0,638.0
963.5,637.5
964.0,637.0
963.5,637.5
963.0,638.0
963.5,637.5
964.0,637.0
964.0,638.0
964.0,639.0
964.0,639.0
966.0,636.0
964.0,638.0
966.0,638.0
966.0,638.0
967.0,636.0
967.0,637.0
968.0,634.0
969.0,634.0
968.0,629.0
967.0,628.0
968.0,630.0
968.0,632.0
968.0,631.0
967.0,632.0
968.0,633.0
968.0,631.0
968.0,632.0
969.0,630.0
979.0,625.0
