x,y
464.0,996.0
466.0,994.0
466.0,994.0
466.0,993.0
467.0,993.0
467.0,992.0
468.0,993.0
468.0,992.0
467.0,992.0
466.0,992.0
466.0,992.0
466.0,992.0
467.0,992.0
467.0,992.0
467.0,992.0
467.0,992.0
467.0,992.0
468.0,992.0
467.0,992.0
467.0,991.0
467.0,992.0
467.0,991.0
467.0,991.0
467.0,991.0
466.0,991.0
467.0,991.0
466.0,991.0
465.0,990.0
465.0,990.0
466.0,990.0
465.0,989.0
466.0,987.0
466.0,983.0
465.0,981.0
466.0,981.0
466.0,980.0
466.0,980.0
466.0,980.0
467.0,981.0
467.0,980.0
465.0,979.0
466.0,979.0
466.0,980.0
465.0,979.0
464.0,979.0
464.0,977.0
464.0,977.0
464.0,977.0
463.0,977.0
464.0,977.0
464.0,977.0
464.0,977.0
464.0,976.0
464.0,976.0
465.0,976.0
464.0,975.0
464.0,974.0
464.0,975.0
464.0,975.0
463.0,974.0
464.0,974.0
463.0,974.0
463.0,973.0
463.0,973.0
462.0,974.0
463.0,974.0
463.0,973.0
462.0,974.0
463.0,974.0
463.0,975.0
462.0,975.0
462.0,975.0
461.0,975.0
460.0,973.0
457.0,974.0
457.0,973.0
450.0,971.0
450.0,971.0
449.0,970.0
447.0,971.0
448.0,971.0
447.0,971.0
446.0,971.0
445.0,973.0
444.0,972.0
445.0,972.0
446.0,972.0
448.0,971.0
447.0,972.0
447.0,971.0
447.0,971.0
446.0,971.0
445.0,972.0
444.0,971.0
444.0,972.0
444.0,972.0
444.0,972.0
444.0,972.0
444.0,973.0
443.0,975.0
