x,y
1676.0,644.0
1680.0,640.0
1680.0,640.0
1680.0,640.0
1685.0,643.0
1683.0,645.0
1682.0,644.0
1682.0,645.0
1680.0,646.0
1682.0,649.0
1683.0,653.0
1684.0,653.0
1683.0,652.0
1682.0,655.0
1683.0,654.0
1682.0,652.0
1683.0,654.0
1684.0,654.0
1685.0,654.0
1685.0,656.0
1685.0,655.0
1686.0,658.0
1685.0,659.0
1684.0,656.0
1684.0,658.0
1685.0,658.0
1685.0,657.0
1683.0,659.0
1684.0,660.0
1684.0,661.0
1687.0,660.0
1687.0,661.0
1688.0,662.0
1689.0,663.0
1691.0,662.0
1693.0,662.0
1692.0,661.0
1693.0,661.0
1694.0,662.0
1699.0,665.0
1700.0,665.0
1702.0,666.0
1703.0,665.0
1702.0,665.0
1703.0,665.0
1704.0,665.0
1695.0,662.0
1684.0,660.0
1696.0,660.0
1696.0,661.0
1695.0,661.0
1696.0,660.0
1697.0,661.0
1707.0,661.0
1699.0,658.0
1698.0,658.0
1698.0,658.0
1699.0,657.0
1698.0,658.0
1699.0,658.0
1698.0,657.0
1698.0,657.0
1699.0,657.0
1698.0,656.0
1698.0,656.0
1699.0,656.0
1700.0,655.0
1699.0,655.0
1699.0,657.0
1698.0,657.0
1699.0,657.0
1699.0,658.0
1700.0,657.0
1700.0,657.0
1700.0,659.0
1700.0,656.0
1698.0,656.0
1699.0,659.0
1699.0,658.0
1701.0,657.0
1701.0,656.0
1700.0,657.0
1701.0,657.0
1702.0,656.0
1702.0,656.0
1702.0,655.0
1702.0,655.0
1701.0,655.0
1701.0,654.0
1701.0,653.0
1701.0,653.0
1701.0,653.0
1700.0,653.0
1701.0,653.0
1701.0,653.0
1701.0,653.0
1701.0,654.0
1701.0,653.0
1700.0,653.0
1700.0,653.0
