x,y
313.0,650.0
312.0,650.0
312.0,650.0
311.0,651.0
314.0,652.0
314.0,651.0
311.0,652.0
312.0,651.0
315.0,646.0
319.0,645.0
320.0,645.0
320.0,645.0
321.0,645.0
319.0,648.0
318.0,647.0
317.0,645.0
313.0,643.0
305.0,642.0
295.0,635.0
292.0,636.0
278.0,629.0
274.0,621.0
274.0,624.0
263.0,622.0
267.0,620.0
262.0,618.0
261.0,622.0
253.0,619.0
253.0,615.0
249.0,619.0
249.0,618.0
248.0,618.0
251.0,615.0
251.0,615.0
252.0,615.0
251.0,615.0
251.0,615.0
251.0,615.0
251.0,615.0
251.0,615.0
252.0,616.0
252.0,614.0
252.0,615.0
252.0,615.0
251.0,616.0
251.0,616.0
251.0,616.0
251.0,617.0
251.0,617.0
251.0,613.0
252.0,613.0
249.0,618.0
248.0,618.0
248.0,618.0
249.0,618.0
250.0,617.0
250.0,618.0
250.0,620.0
251.0,621.0
252.0,620.0
250.0,619.0
248.0,622.0
247.0,619.0
248.0,618.0
245.0,618.0
245.0,618.0
244.0,618.0
246.0,617.0
246.0,619.0
242.0,623.0
242.0,620.0
243.0,619.0
241.0,620.0
241.0,620.0
241.0,620.0
241.0,620.0
241.0,620.0
241.0,620.0
240.0,620.0
240.0,620.0
240.0,619.0
240.0,620.0
239.0,620.0
237.0,621.0
235.0,620.0
233.0,621.0
234.0,620.0
234.0,620.0
234.0,620.0
234.0,620.0
234.0,620.0
234.0,620.0
233.0,619.0
231.0,616.0
230.0,616.0
229.0,615.0
228.0,618.0
226.0,618.0
227.0,617.0
224.0,618.0
