x,y
324.0,98.0
324.0,99.0
324.0,100.0
325.0,99.0
325.0,99.0
325.0,99.0
325.0,100.0
326.0,101.0
326.0,101.0
326.0,101.0
326.0,100.0
326.0,100.0
327.0,100.0
326.0,100.0
327.0,100.0
327.0,100.0
327.0,100.0
327.0,100.0
327.0,100.0
327.0,101.0
326.0,100.0
327.0,101.0
329.0,100.0
329.0,99.0
329.0,99.0
329.0,99.0
330.0,98.0
330.0,97.0
330.0,97.0
330.0,97.0
330.0,97.0
330.0,97.0
330.0,97.0
330.0,97.0
330.0,97.0
330.0,97.0
330.0,97.0
330.0,97.0
330.0,97.0
330.0,97.0
330.0,97.0
330.0,97.0
330.0,97.0
330.0,97.0
330.0,97.0
330.0,97.0
330.0,96.0
329.0,96.0
330.0,97.0
330.0,97.0
331.0,98.0
330.0,99.0
330.0,99.0
331.0,99.0
332.0,100.0
332.0,99.0
333.0,100.0
334.0,100.0
334.0,100.0
334.0,100.0
334.0,100.0
333.0,101.0
334.0,102.0
338.0,109.0
338.0,109.0
339.0,108.0
339.0,108.0
339.0,108.0
339.0,108.0
339.0,107.0
339.0,108.0
339.0,108.0
339.0,108.0
339.0,108.0
339.0,108.0
340.0,106.0
340.0,105.0
340.0,101.0
338.0,98.0
339.0,101.0
341.0,103.0
342.0,99.0
341.0,101.0
342.0,100.0
350.0,100.0
359.0,89.0
355.0,83.0
355.0,84.0
347.0,85.0
349.0,86.0
348.0,90.0
349.0,90.0
350.0,90.0
346.0,98.0
346.0,97.0
346.0,99.0
346.0,98.0
347.0,98.0
343.0,93.0
341.0,93.0
