x,y
1230.0,759.0
1231.0,758.0
1234.0,760.0
1233.0,760.0
1233.0,760.0
1233.0,760.0
1232.0,760.0
1232.0,760.0
1231.0,760.0
1231.0,760.0
1231.0,760.0
1231.0,760.0
1231.0,760.0
1231.0,761.0
1232.0,761.0
1232.0,760.0
1233.0,759.0
1233.0,758.0
1234.0,759.0
1234.0,758.0
1234.0,759.0
1234.0,759.0
1234.0,759.0
1234.0,758.0
1235.0,759.0
1236.0,759.0
1236.0,759.0
1236.0,759.0
1237.0,758.0
1237.0,757.0
1235.0,757.0
1235.0,756.0
1235.0,757.0
1235.0,757.0
1234.0,757.0
1235.0,757.0
1235.0,757.0
1236.0,757.0
1232.0,759.0
1232.0,759.0
1243.0,755.0
1281.0,748.0
1323.0,743.0
1374.0,717.0
1417.0,694.0
1444.0,651.0
1424.0,595.0
1376.0,541.0
1310.0,491.0
1223.0,450.0
1115.0,415.0
996.0,379.0
872.0,349.0
744.0,264.0
630.0,181.0
512.0,85.0
