x,y
1187.0,768.0
1182.0,800.0
1173.0,839.0
1170.0,870.0
1163.0,900.0
1146.0,924.0
1191.0,938.0
1210.0,956.0
1224.0,974.0
1237.0,1000.0
1243.0,1007.0
1256.0,1032.0
1245.0,1049.0
1239.0,1045.0
1226.0,1039.0
1219.0,1026.0
1214.0,1010.0
1208.0,994.0
1202.0,982.0
1204.0,965.0
1205.0,961.0
1201.0,957.0
1205.0,957.0
1199.0,958.0
1198.0,957.0
1197.0,957.0
1198.0,958.0
1199.0,957.0
1206.0,961.0
1199.0,957.0
1200.0,956.0
1201.0,955.0
1207.0,950.0
1207.0,950.0
1205.0,955.0
1206.0,954.0
1204.0,954.0
1203.0,953.0
1201.0,953.0
1201.0,952.0
1202.0,953.0
1202.0,953.0
1201.0,953.0
1202.0,954.0
1202.0,961.0
1197.0,981.0
1208.0,995.0
1211.0,1008.0
1213.0,1000.0
1205.0,989.0
1192.0,990.0
1168.0,1005.0
1144.0,1021.0
1122.0,1018.0
1092.0,1008.0
1053.0,996.0
1020.0,980.0
998.0,960.0
986.0,958.0
969.0,951.0
966.0,944.0
965.0,944.0
968.0,955.0
962.0,971.0
948.0,977.0
936.0,980.0
907.0,987.0
877.0,1003.0
853.0,1022.0
824.0,1054.0
