x,y
948.0,943.0
948.0,942.0
939.0,941.0
940.0,941.0
942.0,942.0
940.0,941.0
940.0,941.0
941.0,943.0
941.0,943.0
941.0,943.0
945.0,944.0
941.0,942.0
941.0,943.0
942.0,940.0
943.0,943.0
940.0,941.0
942.0,943.0
949.0,947.0
941.0,943.0
948.0,950.0
957.0,958.0
964.0,978.0
982.0,991.0
989.0,1001.0
1005.0,1005.0
1033.0,1005.0
1050.0,1006.0
1074.0,993.0
1092.0,976.0
1118.0,978.0
1135.0,976.0
1148.0,979.0
1162.0,978.0
1173.0,968.0
1180.0,954.0
1187.0,950.0
1189.0,950.0
1184.0,951.0
1187.0,949.0
1183.0,949.0
1185.0,950.0
1190.0,952.0
1186.0,952.0
1183.0,946.0
1185.0,949.0
1186.0,948.0
1185.0,947.0
1186.0,948.0
1185.0,947.0
1185.0,947.0
1186.0,947.0
1185.0,948.0
1184.0,947.0
1184.0,947.0
1184.0,947.0
1185.0,947.0
1185.0,948.0
1185.0,948.0
1184.0,948.0
1184.0,948.0
1183.0,948.0
1184.0,948.0
1183.0,948.0
1184.0,948.0
1184.0,948.0
1183.0,948.0
1183.0,949.0
1184.0,949.0
1185.0,950.0
1183.0,951.0
1182.0,948.0
1181.0,948.0
1181.0,948.0
1180.0,947.0
1180.0,946.0
1181.0,946.0
1181.0,946.0
1181.0,946.0
1181.0,945.0
1182.0,945.0
1182.0,945.0
1182.0,945.0
1181.0,945.0
1180.0,947.0
1177.0,942.0
1176.0,942.0
1176.0,944.0
1175.0,945.0
1173.0,943.0
1177.0,945.0
1177.0,942.0
1178.0,942.0
1178.0,942.0
1178.0,942.0
1177.0,943.0
1178.0,943.0
1178.0,944.0
1179.0,943.0
1178.0,944.0
1178.0,942.0
