x,y
1019.6811594202899,641.8376811594203
1020.0,642.4
1020.3188405797101,642.9623188405797
1020.6376811594203,643.5246376811594
1020.9565217391304,644.0869565217391
1021.2753623188406,644.6492753623188
1021.5942028985507,645.2115942028986
1021.9130434782609,645.7739130434783
1022.231884057971,646.336231884058
1022.5507246376811,646.8985507246377
1022.8695652173913,647.4608695652174
1023.1884057971015,648.0231884057971
1023.5072463768116,648.5855072463768
1023.8260869565217,649.1478260869566
1024.144927536232,649.7101449275362
1024.463768115942,650.2724637681159
1024.7826086956522,650.8347826086956
1025.1014492753623,651.3971014492754
1025.4202898550725,651.9594202898551
1025.7391304347825,652.5217391304348
1026.0579710144928,653.0840579710145
1026.376811594203,653.6463768115942
1026.695652173913,654.2086956521739
1027.0144927536232,654.7710144927537
1027.3333333333333,655.3333333333334
1027.6521739130435,655.895652173913
1027.9710144927535,656.4579710144927
1028.2898550724638,657.0202898550724
1028.608695652174,657.5826086956522
1028.927536231884,658.1449275362319
1029.2463768115942,658.7072463768116
1029.5652173913043,659.2695652173913
1029.8840579710145,659.831884057971
1030.2028985507245,660.3942028985507
1030.5217391304348,660.9565217391305
1030.840579710145,661.5188405797102
1031.159420289855,662.0811594202899
1031.4782608695652,662.6434782608695
1031.7971014492753,663.2057971014492
1032.1159420289855,663.768115942029
1032.4347826086957,664.3304347826087
1032.7536231884058,664.8927536231884
1033.072463768116,665.4550724637681
1033.391304347826,666.0173913043478
1033.7101449275362,666.5797101449275
1034.0289855072465,667.1420289855073
1034.3478260869565,667.704347826087
1034.6666666666667,668.2666666666667
1034.9855072463768,668.8289855072464
1035.304347826087,669.3913043478261
1035.623188405797,669.9536231884058
1035.9420289855072,670.5159420289855
1036.2608695652175,671.0782608695652
1036.5797101449275,671.640579710145
1036.8985507246377,672.2028985507246
1037.2173913043478,672.7652173913043
1037.536231884058,673.3275362318841
1037.855072463768,673.8898550724638
1038.1739130434783,674.4521739130435
1038.4927536231885,675.0144927536232
1038.8115942028985,675.5768115942029
1039.1304347826087,676.1391304347826
1039.4492753623188,676.7014492753624
1039.768115942029,677.2637681159421
1040.086956521739,677.8260869565217
1040.4057971014493,678.3884057971014
1040.7246376811595,678.9507246376811
1041.0434782608695,679.5130434782609
1041.3623188405797,680.0753623188406
1041.6811594202898,680.6376811594203
1042.0,681.2
1042.3188405797102,681.7623188405797
1042.6376811594203,682.3246376811594
1042.9565217391305,682.8869565217392
1043.2753623188405,683.4492753623189
1043.5942028985507,684.0115942028986
1043.9130434782608,684.5739130434782
1044.231884057971,685.1362318840579
1044.5507246376812,685.6985507246377
1044.8695652173913,686.2608695652174
1045.1884057971015,686.823188405797
1045.5072463768115,687.3855072463768
1045.8260869565217,687.9478260869565
1046.144927536232,688.5101449275362
1046.463768115942,689.072463768116
1046.7826086956522,689.6347826086957
1047.1014492753623,690.1971014492754
1047.4202898550725,690.7594202898551
1047.7391304347825,691.3217391304348
1048.0579710144928,691.8840579710145
1048.376811594203,692.4463768115942
1048.695652173913,693.0086956521739
1049.0144927536232,693.5710144927536
1049.3333333333333,694.1333333333333
1049.6521739130435,694.695652173913
1049.9710144927535,695.2579710144928
1050.2898550724638,695.8202898550725
1050.608695652174,696.3826086956522
1050.927536231884,696.944927536232
1051.2463768115942,697.5072463768116
