x,y
1719.0,566.0
1720.0,565.0
1720.0,566.0
1720.0,567.0
1719.0,567.0
1719.0,567.0
1720.0,567.0
1719.0,567.0
1719.0,567.0
1719.0,567.0
1720.0,567.0
1716.0,565.0
1715.0,567.0
1717.0,568.0
1719.0,568.0
1716.0,568.0
1716.0,568.0
1716.0,569.0
1715.0,569.0
1717.0,568.0
1715.0,569.0
1716.0,569.0
1716.0,569.0
1716.0,568.0
1716.0,569.0
1717.0,569.0
1717.0,569.0
1717.0,570.0
1717.0,570.0
1717.0,570.0
1717.0,570.0
1718.0,570.0
1717.0,571.0
1717.0,571.0
1716.0,569.0
1717.0,569.0
1716.0,570.0
1716.0,570.0
1716.0,570.0
1716.0,570.0
1716.0,570.0
1716.0,570.0
1715.0,570.0
1716.0,570.0
1715.0,570.0
1716.0,570.0
1716.0,571.0
1715.0,572.0
1715.0,573.0
1716.0,573.0
1716.0,572.0
1716.0,573.0
1716.0,573.0
1716.0,573.0
1716.0,574.0
1717.0,575.0
1717.0,574.0
1717.0,572.0
1718.0,571.0
1717.0,572.0
1717.0,574.0
1717.0,574.0
1716.0,575.0
1716.0,576.0
1715.0,578.0
1714.0,578.0
1715.0,579.0
1714.0,579.0
1715.0,579.0
1715.0,579.0
1715.0,581.0
1715.0,580.0
1715.0,581.0
1715.0,581.0
1716.0,579.0
1716.0,580.0
1717.0,580.0
1716.0,580.0
1716.0,579.0
1716.0,580.0
1715.0,582.0
1716.0,580.0
1716.0,580.0
1715.0,580.0
1716.0,580.0
1716.0,580.0
1716.0,580.0
1716.0,580.0
1716.0,580.0
1715.0,580.0
1716.0,580.0
1716.0,580.0
1717.0,581.0
1717.0,582.0
1715.0,584.0
1715.0,583.0
1717.0,583.0
1717.0,584.0
1719.0,584.0
1719.0,583.0
