x,y
122.0,490.0
112.0,480.0
117.0,483.0
120.0,479.0
118.0,480.0
120.0,479.0
124.0,481.0
125.0,481.0
125.0,481.0
125.0,481.0
124.0,481.0
124.0,481.0
124.0,482.0
124.0,482.0
124.0,481.0
123.0,481.0
124.0,481.0
125.0,481.0
126.0,482.0
129.0,483.0
130.0,483.0
130.0,483.0
130.0,483.0
130.0,483.0
131.0,484.0
131.0,483.0
130.0,483.0
130.0,484.0
132.0,485.0
133.0,487.0
135.0,486.0
135.0,487.0
136.0,484.0
136.0,485.0
135.0,488.0
134.0,488.0
135.0,488.0
135.0,487.0
136.0,487.0
135.0,488.0
135.0,488.0
133.0,490.0
134.0,490.0
133.0,489.0
132.0,491.0
133.0,491.0
134.0,490.0
134.0,490.0
134.0,492.0
134.0,492.0
134.0,492.0
134.0,492.0
134.0,492.0
134.0,492.0
134.0,492.0
134.0,493.0
134.0,493.0
134.0,494.0
135.0,497.0
136.0,498.0
135.0,498.0
135.0,498.0
136.0,498.0
136.0,498.0
136.0,499.0
135.0,500.0
134.0,500.0
135.0,501.0
136.0,500.0
135.0,500.0
133.0,500.0
135.0,501.0
135.0,501.0
135.0,501.0
135.0,501.0
135.0,501.0
134.0,502.0
134.0,501.0
133.0,501.0
135.0,502.0
131.0,501.0
132.0,499.0
132.0,500.0
131.0,501.0
130.0,502.0
128.0,501.0
130.0,503.0
128.0,502.0
130.0,504.0
128.0,500.0
128.0,500.0
128.0,502.0
127.0,501.0
127.0,501.0
127.0,498.0
127.0,498.0
127.0,498.0
127.0,498.0
127.0,498.0
126.0,500.0
