x,y
1231.0,953.0
1230.0,953.0
1228.0,954.0
1230.0,952.0
1230.0,952.0
1230.0,952.0
1230.0,952.0
1231.0,951.0
1231.0,951.0
1231.0,952.0
1230.0,952.0
1230.0,952.0
1230.0,952.0
1229.0,953.0
1229.0,953.0
1230.0,952.0
1230.0,952.0
1229.0,952.0
1229.0,953.0
1229.0,953.0
1230.0,953.0
1230.0,953.0
1229.0,953.0
1230.0,952.0
1229.0,952.0
1227.0,948.0
1228.0,947.0
1227.0,948.0
1228.0,947.0
1230.0,950.0
1231.0,948.0
1230.0,946.0
1230.0,947.0
1231.0,947.0
1230.0,947.0
1231.0,947.0
1230.0,948.0
1230.0,947.0
1230.0,947.0
1229.0,947.0
1230.0,947.0
1230.0,947.0
1230.0,947.0
1230.0,948.0
1230.0,948.0
1230.0,948.0
1230.0,947.0
1230.0,948.0
1231.0,947.0
1231.0,947.0
1230.0,947.0
1230.0,946.0
1230.0,944.0
1235.0,945.0
1232.0,944.0
1230.0,943.0
1229.0,943.0
1230.0,944.0
1231.0,944.0
1231.0,944.0
1231.0,944.0
1230.0,944.0
1230.0,944.0
1229.0,944.0
1230.0,945.0
1230.0,945.0
1230.0,945.0
1230.0,945.0
1230.0,945.0
1230.0,945.0
1230.0,944.0
1233.0,945.0
1229.0,944.0
1229.0,943.0
1226.0,942.0
1226.0,942.0
1228.0,942.0
1228.0,942.0
1228.0,942.0
1226.0,942.0
1228.0,943.0
1226.0,942.0
1228.0,942.0
1226.0,942.0
1225.0,942.0
1225.0,942.0
1221.0,941.0
1224.0,941.0
1225.0,941.0
1225.0,941.0
1225.0,941.0
1224.0,940.0
1223.0,941.0
1225.0,941.0
1222.0,941.0
1223.0,941.0
1223.0,941.0
1224.0,941.0
1223.0,941.0
1223.0,941.0
