x,y
482.0,1070.0
487.0,1062.0
482.0,1056.0
478.0,1060.0
473.0,1059.0
466.0,1052.0
463.0,1053.0
461.0,1045.0
461.0,1037.0
455.0,1029.0
455.0,1027.0
456.0,1028.0
455.0,1027.0
456.0,1022.0
456.0,1017.0
452.0,1020.0
451.0,1013.0
457.0,1008.0
458.0,1004.0
458.0,1003.0
458.0,1003.0
457.0,1003.0
458.0,1002.0
457.0,1003.0
457.0,1003.0
457.0,1003.0
458.0,1003.0
458.0,1003.0
458.0,1003.0
458.0,1003.0
460.0,1006.0
461.0,1002.0
462.0,1002.0
461.0,1003.0
462.0,1003.0
461.0,1003.0
461.0,1003.0
458.0,1005.0
461.0,1005.0
459.0,1007.0
459.0,1007.0
459.0,1007.0
459.0,1007.0
460.0,1007.0
462.0,1006.0
462.0,1006.0
462.0,1006.0
462.0,1007.0
462.0,1007.0
461.0,1006.0
461.0,1007.0
461.0,1008.0
462.0,1007.0
461.0,1007.0
461.0,1007.0
462.0,1006.0
461.0,1006.0
461.0,1005.0
462.0,1006.0
462.0,1003.0
464.0,1005.0
462.0,1005.0
462.0,1005.0
463.0,1003.0
463.0,1002.0
463.0,1002.0
463.0,1002.0
463.0,1005.0
462.0,1003.0
463.0,1006.0
463.0,1005.0
464.0,1006.0
464.0,1005.0
463.0,1007.0
465.0,1006.0
466.0,1005.0
465.0,1005.0
466.0,999.0
465.0,998.0
465.0,997.0
465.0,995.0
465.0,1001.0
464.0,1000.0
464.0,1000.0
463.0,1001.0
464.0,1001.0
464.0,1001.0
464.0,1001.0
464.0,1001.0
464.0,1001.0
464.0,1001.0
465.0,1001.0
465.0,1001.0
465.0,1000.0
465.0,1000.0
465.0,1000.0
464.0,1000.0
464.0,999.0
464.0,999.0
464.0,998.0
