x,y
814.0,326.0
814.0,323.0
842.0,342.0
844.0,340.0
844.0,339.0
842.0,335.0
843.0,335.0
843.0,335.0
844.0,335.0
842.0,335.0
844.0,335.0
844.0,335.0
845.0,333.0
846.0,332.0
849.0,331.0
848.0,331.0
850.0,330.0
852.0,330.0
853.0,329.0
856.0,329.0
857.0,328.0
857.0,328.0
855.0,328.0
855.0,329.0
853.0,330.0
855.0,329.0
855.0,330.0
855.0,330.0
858.0,329.0
865.0,335.0
863.0,335.0
867.0,334.0
866.0,333.0
863.0,333.0
866.0,333.0
866.0,333.0
867.0,332.0
864.0,333.0
861.0,324.0
860.0,323.0
860.0,323.0
861.0,322.0
861.0,322.0
861.0,323.0
861.0,323.0
860.0,324.0
860.0,322.0
860.0,322.0
863.0,323.0
860.0,321.0
860.0,321.0
861.0,321.0
860.0,321.0
860.0,320.0
861.0,319.0
859.0,313.0
861.0,317.0
861.0,317.0
862.0,316.0
862.0,316.0
861.0,309.0
863.0,314.0
863.0,314.0
863.0,312.0
860.0,305.0
859.0,304.0
859.0,305.0
859.0,305.0
859.0,305.0
859.0,305.0
859.0,305.0
859.0,305.0
859.0,305.0
858.0,305.0
858.0,304.0
858.0,304.0
857.0,304.0
858.0,304.0
858.0,303.0
858.0,304.0
858.0,305.0
858.0,304.0
859.0,305.0
858.0,305.0
858.0,306.0
856.0,305.0
856.0,304.0
855.0,304.0
857.0,305.0
857.0,304.0
857.0,302.0
856.0,302.0
856.0,302.0
855.0,301.0
852.0,303.0
851.0,305.0
850.0,306.0
852.0,308.0
851.0,308.0
851.0,308.0
