x,y
884.0,538.0
886.0,538.0
886.0,539.0
896.0,545.0
892.0,538.0
891.0,539.0
891.0,538.0
891.0,538.0
891.0,538.0
892.0,539.0
893.0,539.0
893.0,539.0
891.0,540.0
890.0,541.0
891.0,540.0
891.0,540.0
892.0,540.0
892.0,542.0
894.0,548.0
890.0,547.0
883.0,546.0
868.0,541.0
866.0,541.0
867.0,538.0
868.0,527.0
871.0,523.0
866.0,519.0
865.0,518.0
872.0,516.0
883.0,510.0
893.0,506.0
910.0,508.0
923.0,497.0
932.0,498.0
932.0,523.0
939.0,521.0
945.0,524.0
942.0,522.0
945.0,524.0
947.0,524.0
949.0,524.0
953.0,525.0
954.0,525.0
955.0,525.0
956.0,528.0
955.0,527.0
954.0,527.0
947.0,523.0
946.0,522.0
947.0,519.0
940.0,522.0
945.0,521.0
944.0,523.0
943.0,526.0
943.0,530.0
948.0,534.0
954.0,529.0
954.0,532.0
952.0,536.0
960.0,544.0
963.0,548.0
969.0,558.0
974.0,564.0
980.0,562.0
986.0,565.0
990.0,564.0
990.0,558.0
994.0,561.0
995.0,569.0
992.0,581.0
997.0,592.0
997.0,591.0
999.0,593.0
999.0,599.0
1001.0,599.0
1004.0,605.0
1016.0,616.0
1013.0,621.0
1011.0,617.0
1006.0,633.0
999.0,638.0
993.0,652.0
994.0,666.0
988.0,679.0
989.0,700.0
975.0,722.0
952.0,736.0
937.0,752.0
912.0,768.0
898.0,789.0
880.0,801.0
871.0,813.0
873.0,827.0
868.0,843.0
861.0,853.0
858.0,860.0
860.0,863.0
865.0,875.0
868.0,876.0
868.0,879.0
