x,y
1114.0,910.0
1114.0,910.0
1114.0,911.0
1114.0,910.0
1114.0,910.0
1112.0,909.0
1111.0,908.0
1111.0,910.0
1111.0,909.0
1111.0,910.0
1112.0,907.0
1111.0,910.0
1111.0,911.0
1110.0,908.0
1109.0,912.0
1111.0,909.0
1110.0,909.0
1110.0,909.0
1109.0,912.0
1109.0,912.0
1110.0,912.0
1109.0,912.5714285714286
1108.0,913.1428571428571
1107.0,913.7142857142857
1106.0,914.2857142857143
1105.0,914.8571428571429
1104.0,915.4285714285714
1103.0,916.0
1103.4814814814815,916.1481481481482
1103.962962962963,916.2962962962963
1104.4444444444443,916.4444444444445
1104.9259259259259,916.5925925925926
1105.4074074074074,916.7407407407408
1105.888888888889,916.8888888888889
1106.3703703703704,917.0370370370371
1106.851851851852,917.1851851851852
1107.3333333333333,917.3333333333334
1107.8148148148148,917.4814814814815
1108.2962962962963,917.6296296296297
1108.7777777777778,917.7777777777778
1109.2592592592594,917.925925925926
1109.7407407407406,918.074074074074
1110.2222222222222,918.2222222222222
1110.7037037037037,918.3703703703703
1111.1851851851852,918.5185185185185
1111.6666666666667,918.6666666666666
1112.148148148148,918.8148148148148
1112.6296296296296,918.9629629629629
1113.111111111111,919.1111111111111
1113.5925925925926,919.2592592592592
1114.0740740740741,919.4074074074074
1114.5555555555557,919.5555555555555
1115.037037037037,919.7037037037037
1115.5185185185185,919.8518518518518
1116.0,920.0
1116.0,920.1666666666666
1116.0,920.3333333333334
1116.0,920.5
1116.0,920.6666666666666
1116.0,920.8333333333334
1116.0,921.0
1116.0,922.0
1116.0,921.0
1116.0,920.5
1116.0,920.0
1115.0,920.0
1115.7333333333333,920.1333333333333
1116.4666666666667,920.2666666666667
1117.2,920.4
1117.9333333333334,920.5333333333333
1118.6666666666667,920.6666666666666
1119.4,920.8
1120.1333333333334,920.9333333333333
1120.8666666666666,921.0666666666667
1121.6,921.2
1122.3333333333333,921.3333333333334
1123.0666666666666,921.4666666666667
1123.8,921.6
1124.5333333333333,921.7333333333333
1125.2666666666667,921.8666666666667
1126.0,922.0
1132.0,929.0
1141.8333333333333,932.5
1151.6666666666667,936.0
1161.5,939.5
1171.3333333333333,943.0
1181.1666666666667,946.5
1191.0,950.0
1200.0,965.0
1209.0,980.0
1217.5,991.0
1226.0,1002.0
1233.6666666666667,1001.6666666666666
1241.3333333333333,1001.3333333333334
1249.0,1001.0
1254.0,1002.5
1259.0,1004.0
1262.0,1004.0
1266.0,1007.0
1267.0,1002.0
