x,y
850.0,308.0
850.0,309.0
850.0,308.0
849.0,308.0
849.0,309.0
849.0,309.0
848.0,309.0
847.0,309.0
847.0,310.0
847.0,311.0
848.0,311.0
849.0,312.0
848.0,312.0
849.0,311.0
849.0,310.0
849.0,308.0
849.0,309.0
848.0,309.0
848.0,309.0
849.0,310.0
848.0,310.0
848.0,310.0
848.0,310.0
848.0,310.0
849.0,310.0
850.0,310.0
850.0,310.0
850.0,310.0
849.0,310.0
849.0,310.0
848.0,310.0
847.0,309.0
846.0,309.0
843.0,306.0
845.0,306.0
846.0,307.0
847.0,307.0
847.0,309.0
846.0,308.0
845.0,309.0
834.0,307.0
816.0,310.0
806.0,322.0
797.0,323.0
795.0,329.0
790.0,327.0
797.0,321.0
798.0,315.0
807.0,302.0
813.0,293.0
806.0,298.0
803.0,304.0
807.0,305.0
805.0,304.0
804.0,302.0
798.0,295.0
797.0,294.0
799.0,294.0
794.0,292.0
793.0,291.0
795.0,293.0
795.0,292.0
795.0,293.0
796.0,292.0
800.0,294.0
798.0,293.0
796.0,295.0
796.0,294.0
796.0,293.0
797.0,294.0
797.0,293.0
797.0,294.0
796.0,293.0
795.0,293.0
795.0,293.0
795.0,292.0
796.0,292.0
792.0,286.0
790.0,286.0
789.0,284.0
791.0,285.0
792.0,286.0
798.0,289.0
808.0,292.0
807.0,292.0
807.0,292.0
798.0,290.0
798.0,290.0
792.0,287.0
801.0,291.0
801.0,292.0
800.0,293.0
801.0,293.0
799.0,297.0
798.0,295.0
798.0,295.0
798.0,294.0
801.0,302.0
806.0,298.0
807.0,297.0
