x,y
201.0,559.0
200.0,559.0
200.0,558.0
200.0,559.0
201.0,559.0
200.0,559.0
199.0,558.0
200.0,558.0
199.0,558.0
199.0,558.0
198.0,558.0
198.0,558.0
197.0,558.0
197.0,559.0
195.0,558.0
192.0,557.0
198.0,561.0
205.0,581.0
211.0,592.0
207.0,597.0
190.0,604.0
169.0,610.0
155.0,644.0
142.0,675.0
142.0,717.0
137.0,760.0
135.0,839.0
118.0,904.0
104.0,970.0
97.0,1038.0
98.25,1029.375
99.5,1020.75
100.75,1012.125
102.0,1003.5
103.25,994.875
104.5,986.25
105.75,977.625
107.0,969.0
107.0,967.0
91.0,953.0
90.91525423728814,952.6440677966102
90.83050847457628,952.2881355932203
90.7457627118644,951.9322033898305
90.66101694915254,951.5762711864406
90.57627118644068,951.2203389830509
90.49152542372882,950.8644067796611
90.40677966101696,950.5084745762712
90.32203389830508,950.1525423728814
90.23728813559322,949.7966101694915
90.15254237288136,949.4406779661017
90.0677966101695,949.0847457627119
89.98305084745763,948.728813559322
89.89830508474576,948.3728813559322
89.8135593220339,948.0169491525423
89.72881355932203,947.6610169491526
89.64406779661017,947.3050847457627
89.55932203389831,946.9491525423729
89.47457627118644,946.5932203389831
89.38983050847457,946.2372881355932
89.30508474576271,945.8813559322034
89.22033898305085,945.5254237288135
89.13559322033899,945.1694915254237
89.05084745762711,944.8135593220339
88.96610169491525,944.457627118644
88.88135593220339,944.1016949152543
88.79661016949153,943.7457627118644
88.71186440677965,943.3898305084746
88.62711864406779,943.0338983050848
88.54237288135593,942.6779661016949
88.45762711864407,942.3220338983051
88.37288135593221,941.9661016949152
88.28813559322035,941.6101694915254
88.20338983050847,941.2542372881356
88.11864406779661,940.8983050847457
88.03389830508475,940.542372881356
87.94915254237289,940.1864406779661
87.86440677966101,939.8305084745763
87.77966101694915,939.4745762711865
87.69491525423729,939.1186440677966
87.61016949152543,938.7627118644068
87.52542372881356,938.4067796610169
87.44067796610169,938.0508474576271
87.35593220338983,937.6949152542373
87.27118644067797,937.3389830508474
87.1864406779661,936.9830508474577
87.10169491525424,936.6271186440678
87.01694915254237,936.271186440678
86.9322033898305,935.9152542372881
86.84745762711864,935.5593220338983
86.76271186440678,935.2033898305085
86.67796610169492,934.8474576271186
86.59322033898304,934.4915254237288
86.50847457627118,934.1355932203389
86.42372881355932,933.7796610169491
86.33898305084746,933.4237288135594
86.2542372881356,933.0677966101695
86.16949152542372,932.7118644067797
86.08474576271186,932.3559322033898
86.0,932.0
87.0,932.0
