x,y
852.0,285.0
852.0,285.0
852.0,285.0
852.0,285.0
851.0,288.0
852.0,285.0
852.0,284.0
849.0,287.0
847.0,285.0
845.0,284.0
844.0,283.0
844.0,283.0
844.0,283.0
845.0,282.0
844.0,282.0
843.0,282.0
843.0,284.0
839.0,281.0
844.0,282.0
841.0,281.0
843.0,282.0
843.0,280.0
844.0,280.0
844.0,279.0
845.0,278.0
845.0,279.0
845.0,279.0
845.0,279.0
845.0,279.0
845.0,279.0
845.0,279.0
845.0,279.0
845.0,280.0
845.0,279.0
845.0,278.0
845.0,278.0
845.0,278.0
845.0,277.0
846.0,276.0
845.0,275.0
845.0,275.0
845.0,275.0
847.0,274.0
841.0,270.0
841.0,270.0
842.0,270.0
848.0,274.0
848.0,273.0
848.0,274.0
847.0,275.0
847.0,275.0
848.0,275.0
847.0,275.0
847.0,275.0
847.0,275.0
848.0,275.0
847.0,274.0
846.0,273.0
847.0,275.0
847.0,277.0
846.0,280.0
845.0,285.0
845.0,286.0
846.0,284.0
848.0,284.0
848.0,284.0
848.0,284.0
853.0,283.0
854.0,284.0
857.0,282.0
858.0,281.0
862.0,279.0
861.0,277.0
865.0,278.0
870.0,277.0
873.0,272.0
875.0,272.0
874.0,271.0
872.0,273.0
873.0,274.0
873.0,266.0
868.0,264.0
865.0,258.0
851.0,249.0
843.0,245.0
836.0,240.0
834.0,232.0
821.0,215.0
821.0,203.0
811.0,211.0
812.0,219.0
804.0,230.0
809.0,245.0
804.0,254.0
810.0,264.0
816.0,261.0
815.0,259.0
823.0,258.0
819.0,258.0
821.0,258.0
