x,y
971.0,315.0
971.0,315.0
971.0,315.0
971.0,315.0
971.0,315.0
971.0,315.0
971.0,315.0
971.0,315.0
970.0,315.0
971.0,315.0
970.0,315.0
970.0,315.0
970.0,315.0
970.0,315.0
970.0,316.0
970.0,316.0
970.0,316.0
970.0,315.0
970.0,316.0
969.0,315.0
970.0,316.0
971.0,316.0
972.0,314.0
971.0,314.0
971.0,313.0
970.0,314.0
971.0,315.0
971.0,313.0
973.0,314.0
973.0,313.0
973.0,312.0
972.0,311.0
974.0,313.0
973.0,311.0
972.0,312.0
971.0,311.0
971.0,311.0
971.0,311.0
971.0,311.0
971.0,311.0
971.0,311.0
971.0,310.0
971.0,311.0
973.0,311.0
974.0,311.0
975.0,310.0
976.0,311.0
977.0,311.0
977.0,311.0
977.0,311.0
977.0,311.0
978.0,311.0
979.0,312.0
979.0,313.0
981.0,313.0
980.0,313.0
980.0,313.0
981.0,314.0
988.0,316.0
988.0,318.0
988.0,320.0
988.0,324.0
987.0,326.0
987.0,327.0
985.0,329.0
983.0,330.0
982.0,333.0
980.0,335.0
979.0,333.0
977.0,333.0
973.0,333.0
969.0,333.0
970.0,335.0
970.0,335.0
972.0,336.0
972.0,337.0
971.0,337.0
970.0,338.0
969.0,338.0
967.0,338.0
965.0,336.0
961.0,331.0
962.0,330.0
962.0,326.0
962.0,326.0
963.0,328.0
961.0,325.0
960.0,323.0
960.0,321.0
959.0,320.0
959.0,319.0
958.0,319.0
958.0,319.0
958.0,320.0
959.0,320.0
961.0,326.0
960.0,329.0
962.0,323.0
961.0,323.0
961.0,320.0
