x,y
1461.0,720.0
1466.0,727.0
1464.0,724.0
1466.0,715.0
1471.0,714.0
1476.0,711.0
1477.0,715.0
1487.0,714.0
1474.0,704.0
1479.0,700.0
1489.0,698.0
1489.0,706.0
1493.0,699.0
1494.0,702.0
1497.0,700.0
1501.0,709.0
1497.0,706.0
1492.0,699.0
1489.0,699.0
1487.0,696.0
1487.0,695.0
1487.0,694.0
1485.0,698.0
1484.0,701.0
1485.0,706.0
1480.0,720.0
1482.0,717.0
1476.0,718.0
1482.0,719.0
1471.0,717.0
1476.0,721.0
1474.0,718.0
1472.0,726.0
1472.0,726.0
1466.0,725.0
1458.0,735.0
1458.0,732.0
1450.0,733.0
1450.0,732.0
1448.0,727.0
1449.0,725.0
1439.0,721.0
1438.0,721.0
1433.0,722.0
1433.0,719.0
1431.0,723.0
1427.0,723.0
1432.0,721.0
1434.0,718.0
1435.0,718.0
1434.0,717.0
1434.0,717.0
1433.0,718.0
1434.0,717.0
1434.0,717.0
1434.0,717.0
1432.0,719.0
1433.0,718.0
1433.0,720.0
1429.0,724.0
1427.0,720.0
1432.0,716.0
1432.0,717.0
1431.0,718.0
1430.0,716.0
1429.0,716.0
1432.0,718.0
1429.0,714.0
1429.0,713.0
1429.0,713.0
1428.0,713.0
1428.0,713.0
1430.0,714.0
1429.0,713.0
1431.0,718.0
1438.0,720.0
1431.0,716.0
1432.0,714.0
1434.0,710.0
1435.0,711.0
1434.0,711.0
1434.0,711.0
1435.0,712.0
1435.0,713.0
1434.0,714.0
1435.0,714.0
1434.0,715.0
1435.0,714.0
1438.0,713.0
1435.0,710.0
1439.0,708.0
1437.0,711.0
1438.0,709.0
1438.0,711.0
1438.0,712.0
1440.0,709.0
1438.0,708.0
1435.0,706.0
1438.0,706.0
1437.0,706.0
