x,y
793.0,307.0
793.0,307.0
792.0,305.0
792.0,305.0
793.0,307.0
792.0,306.0
793.0,307.0
793.0,307.0
793.0,307.0
793.0,307.0
794.0,307.0
794.0,307.0
793.0,307.0
793.0,306.0
791.0,301.0
780.0,294.0
794.0,303.0
795.0,303.0
794.0,303.0
795.0,303.0
796.0,302.0
797.0,302.0
798.0,301.0
802.0,298.0
803.0,291.0
803.0,290.0
804.0,296.0
804.0,295.0
804.0,295.0
804.0,295.0
804.0,296.0
803.0,289.0
803.0,289.0
804.0,292.0
803.0,290.0
803.0,289.0
803.0,289.0
802.0,289.0
803.0,293.0
801.0,296.0
801.0,297.0
801.0,297.0
799.0,298.0
799.0,300.0
797.0,303.0
797.0,303.0
796.0,304.0
797.0,303.0
796.0,304.0
796.0,304.0
796.0,304.0
796.0,305.0
796.0,304.0
795.0,305.0
795.0,305.0
795.0,305.0
795.0,305.0
794.0,306.0
794.0,306.0
794.0,306.0
794.0,306.0
795.0,305.0
795.0,305.0
794.0,306.0
795.0,307.0
795.0,307.0
794.0,307.0
795.0,306.0
794.0,307.0
794.0,306.0
794.0,306.0
794.0,306.0
794.0,306.0
794.0,306.0
794.0,306.0
794.0,306.0
794.0,306.0
794.0,306.0
794.0,307.0
794.0,306.0
794.0,306.0
794.0,306.0
794.0,306.0
794.0,306.0
795.0,306.0
794.0,306.0
794.0,306.0
794.0,306.0
795.0,307.0
795.0,307.0
795.0,306.0
795.0,306.0
796.0,306.0
795.0,306.0
796.0,306.0
795.0,306.0
795.0,306.0
794.0,305.0
795.0,306.0
795.0,306.0
