x,y
160.0,446.0
160.0,459.0
176.0,472.0
187.0,477.0
194.0,496.0
211.0,514.0
208.0,533.0
211.0,566.0
223.0,612.0
245.0,641.0
275.0,671.0
285.0,665.0
285.0,659.0
284.0,649.0
283.0,648.0
291.0,657.0
288.0,659.0
290.0,678.0
304.0,688.0
305.0,710.0
308.0,711.0
311.0,715.0
321.0,719.0
332.0,718.0
342.0,728.0
358.0,726.0
360.0,727.0
366.0,727.0
375.0,723.0
374.0,722.0
379.0,724.0
386.0,724.0
390.0,727.0
396.0,730.0
393.0,727.0
394.0,730.0
395.0,736.0
396.0,736.0
394.0,746.0
407.0,754.0
403.0,755.0
412.0,747.0
414.0,755.0
412.0,751.0
427.0,749.0
425.0,754.0
427.0,749.0
427.0,749.0
426.85714285714283,748.5714285714286
426.7142857142857,748.1428571428571
426.57142857142856,747.7142857142857
426.42857142857144,747.2857142857143
426.2857142857143,746.8571428571429
426.14285714285717,746.4285714285714
426.0,746.0
425.0,747.0
423.7173913043478,746.195652173913
422.4347826086956,745.3913043478261
421.1521739130435,744.5869565217391
419.8695652173913,743.7826086956521
418.5869565217391,742.9782608695652
417.30434782608694,742.1739130434783
416.0217391304348,741.3695652173913
414.7391304347826,740.5652173913044
413.45652173913044,739.7608695652174
412.17391304347825,738.9565217391304
410.89130434782606,738.1521739130435
409.60869565217394,737.3478260869565
408.32608695652175,736.5434782608696
407.04347826086956,735.7391304347826
405.7608695652174,734.9347826086956
404.47826086956525,734.1304347826087
403.19565217391306,733.3260869565217
401.9130434782609,732.5217391304348
400.6304347826087,731.7173913043479
399.3478260869565,730.9130434782609
398.0652173913044,730.1086956521739
396.7826086956522,729.304347826087
395.5,728.5
394.2173913043478,727.695652173913
392.9347826086956,726.8913043478261
391.6521739130435,726.0869565217391
390.3695652173913,725.2826086956521
389.0869565217391,724.4782608695652
387.80434782608694,723.6739130434783
386.52173913043475,722.8695652173913
385.2391304347826,722.0652173913044
383.95652173913044,721.2608695652174
382.67391304347825,720.4565217391304
381.3913043478261,719.6521739130435
380.10869565217394,718.8478260869565
378.82608695652175,718.0434782608695
377.54347826086956,717.2391304347826
376.2608695652174,716.4347826086956
374.97826086956525,715.6304347826087
373.69565217391306,714.8260869565217
372.4130434782609,714.0217391304348
371.1304347826087,713.2173913043479
369.8478260869565,712.4130434782609
368.5652173913044,711.6086956521739
