x,y
1050.0,931.0
1050.0,918.0
1049.0,915.0
1049.0,904.0
1035.0,892.0
1020.0,883.0
1004.0,870.0
1008.0,856.0
1013.0,836.0
1029.0,804.0
1028.0,783.0
1025.0,774.0
1016.0,758.0
1002.0,742.0
989.0,741.0
972.0,734.0
957.0,732.0
944.0,725.0
933.0,717.0
930.0,712.0
925.0,705.0
914.0,700.0
917.0,692.0
918.0,684.0
924.0,681.0
925.0,673.0
922.0,668.0
930.0,667.0
928.0,664.0
932.0,661.0
930.0,657.0
930.0,657.0
926.0,657.0
926.0,652.0
926.0,650.0
926.0,648.0
933.0,645.0
933.0,640.0
936.0,639.0
938.0,638.0
940.0,637.0
939.0,635.0
936.0,633.0
931.0,641.0
931.0,641.0
927.0,642.0
938.0,633.0
939.0,634.0
940.0,635.0
937.0,632.0
936.0,633.0
931.0,640.0
924.0,632.0
924.0,631.0
925.0,631.0
924.0,631.0
924.0,631.0
942.0,627.0
944.0,627.0
943.0,627.0
943.0,627.0
943.0,626.0
943.0,626.0
943.0,627.0
944.0,627.0
944.0,627.0
943.0,627.0
943.0,626.0
944.0,626.0
944.0,626.0
944.0,626.0
942.0,626.0
942.0,626.0
943.0,624.0
943.0,620.0
943.0,618.0
944.0,618.0
945.0,615.0
945.0,614.0
946.0,613.0
946.0,612.0
947.0,612.0
948.0,611.0
947.0,610.0
947.0,611.0
948.0,610.0
947.0,610.0
947.0,610.0
947.0,610.0
946.0,612.0
948.0,611.0
948.0,612.0
949.0,609.0
948.0,608.0
947.0,609.0
951.0,610.0
952.0,611.0
953.0,609.0
953.0,610.0
953.0,611.0
