x,y
394.0,642.0
394.0,642.0
396.0,643.0
394.0,642.0
395.0,643.0
395.0,643.0
395.0,642.0
396.0,643.0
396.0,643.0
397.0,643.0
395.0,642.0
396.0,642.0
397.0,643.0
397.0,640.0
397.0,642.0
399.0,641.0
400.0,641.0
402.0,644.0
402.0,644.0
403.0,645.0
402.0,644.0
403.0,645.0
403.0,644.0
403.0,645.0
403.0,645.0
399.0,646.0
403.0,647.0
399.0,647.0
399.0,647.0
399.0,647.0
399.0,646.0
400.0,647.0
399.0,645.0
399.0,646.0
399.0,647.0
400.0,645.0
400.0,644.0
402.0,644.0
402.0,644.0
400.0,644.0
401.0,644.0
401.0,644.0
402.0,645.0
401.0,646.0
401.0,646.0
401.0,646.0
401.0,646.0
402.0,646.0
402.0,646.0
402.0,646.0
401.0,647.0
400.0,648.0
399.0,648.0
400.0,648.0
400.0,647.0
401.0,648.0
401.0,649.0
400.0,648.0
401.0,649.0
401.0,649.0
401.0,650.0
401.0,650.0
401.0,649.0
400.0,650.0
399.0,651.0
399.0,650.0
400.0,650.0
399.0,650.0
399.0,650.0
399.0,651.0
398.0,651.0
399.0,650.0
399.0,651.0
400.0,651.0
399.0,650.0
399.0,651.0
399.0,651.0
398.0,653.0
397.0,655.0
397.0,655.0
397.0,655.0
398.0,654.0
398.0,655.0
398.0,655.0
398.0,655.0
398.0,654.0
400.0,652.0
396.0,654.0
401.0,650.0
400.0,650.0
399.0,651.0
399.0,648.0
398.0,648.0
402.0,647.0
399.0,647.0
396.0,649.0
396.0,649.0
382.0,654.0
383.0,657.0
375.0,659.0
