x,y
343.0,716.0
341.0,717.0
341.0,717.0
343.0,717.0
343.0,716.0
343.0,712.0
350.0,700.0
361.0,687.0
373.0,687.0
381.0,677.0
382.0,677.0
391.0,664.0
389.0,661.0
388.0,648.0
388.0,647.0
391.0,638.0
400.0,640.0
404.0,634.0
412.0,636.0
417.0,636.0
413.0,634.0
422.0,637.0
426.0,640.0
420.0,632.0
419.0,631.0
423.0,634.0
419.0,630.0
418.0,630.0
425.0,635.0
424.0,634.0
420.0,632.0
424.0,634.0
419.0,631.0
418.0,629.0
419.0,626.0
427.0,626.0
429.0,629.0
428.0,626.0
434.0,626.0
440.0,629.0
438.0,631.0
435.0,638.0
435.0,646.0
444.0,668.0
460.0,675.0
477.0,691.0
490.0,697.0
498.0,709.0
496.0,726.0
485.0,745.0
489.0,762.0
497.0,787.0
511.0,823.0
544.0,836.0
566.0,861.0
601.0,883.0
641.0,892.0
692.0,891.0
729.0,908.0
769.0,926.0
802.0,948.0
836.0,966.0
875.0,973.0
913.0,979.0
954.0,984.0
978.0,1000.0
1006.0,1010.0
1030.0,1014.0
1056.0,1015.0
1072.0,1023.0
1081.0,1018.0
1092.0,1015.0
1102.0,1020.0
1108.0,1017.0
1114.0,1014.0
1120.0,1012.0
1126.0,1008.0
1131.0,1010.0
1131.0,1004.0
1142.0,1004.0
1143.0,1002.0
1139.0,1006.0
1142.0,1005.0
1140.0,1009.0
1143.0,1019.0
1149.0,1031.0
1164.0,1041.0
1184.0,1060.0
1206.0,1068.0
1229.0,1076.0
