x,y
1260.0,747.0
1260.0,748.0
1260.0,747.0
1260.0,747.0
1260.0,747.0
1260.0,747.0
1260.0,749.0
1260.0,749.0
1260.0,749.0
1259.0,749.0
1259.0,749.0
1259.0,747.0
1260.0,747.0
1259.0,747.0
1259.0,747.0
1258.0,747.0
1258.0,747.0
1258.0,747.0
1258.0,747.0
1258.0,746.0
1258.0,746.0
1258.0,747.0
1259.0,747.0
1260.0,747.0
1260.0,748.0
1261.0,747.0
1261.0,747.0
1261.0,747.0
1261.0,747.0
1260.0,747.0
1261.0,747.0
1261.0,747.0
1261.0,747.0
1261.0,747.0
1261.0,747.0
1261.0,746.0
1261.0,747.0
1261.0,748.0
1260.0,748.0
1262.0,749.0
1263.0,748.0
1263.0,749.0
1263.0,748.0
1263.0,749.0
1263.0,749.0
1263.0,748.0
1264.0,748.0
1264.0,748.0
1264.0,749.0
1264.0,748.0
1263.0,748.0
1263.0,748.0
1263.0,748.0
1263.0,749.0
1263.0,749.0
1263.0,749.0
1263.0,749.0
1263.0,749.0
1263.0,749.0
1263.0,749.0
1263.0,749.0
1262.0,749.0
1262.0,750.0
1262.0,749.0
1262.0,749.0
1262.0,749.0
1263.0,750.0
1262.0,751.0
1263.0,750.0
1264.0,750.0
1264.0,749.0
1263.0,750.0
1264.0,749.0
1264.0,750.0
1264.0,750.0
1264.0,749.0
1265.0,749.0
1264.0,749.0
1264.0,749.0
1264.0,749.0
1264.0,750.0
1264.0,749.0
1264.0,750.0
1264.0,749.0
1264.0,749.0
1264.0,750.0
1264.0,749.0
1264.0,750.0
1264.0,750.0
1264.0,750.0
1264.0,750.0
1263.0,751.0
1263.0,751.0
1264.0,751.0
1262.0,752.0
1261.0,752.0
1262.0,753.0
1263.0,754.0
1265.0,753.0
1267.0,752.0
