x,y
1099.0,926.0
1099.0,926.0
1099.0,926.0
1099.0,926.0
1099.0,926.0
1099.0,926.0
1099.0,926.0
1100.0,927.0
1100.0,927.0
1100.0,927.0
1100.0,927.0
1100.0,927.0
1100.0,927.0
1100.0,927.0
1101.0,928.0
1101.0,927.0
1101.0,927.0
1101.0,927.0
1101.0,927.0
1101.0,927.0
1101.0,927.0
1101.0,927.0
1101.0,927.0
1101.0,926.0
1102.0,927.0
1102.0,927.0
1104.0,927.0
1106.0,929.0
1106.0,929.0
1106.0,929.0
1106.0,928.0
1106.0,929.0
1106.0,930.0
1107.0,929.0
1106.0,930.0
1107.0,929.0
1106.0,929.0
1107.0,929.0
1107.0,930.0
1107.0,929.0
1107.0,930.0
1107.0,930.0
1107.0,930.0
1107.0,931.0
1107.0,930.0
1106.0,931.0
1107.0,931.0
1107.0,932.0
1108.0,932.0
1108.0,933.0
1108.0,933.0
1109.0,933.0
1109.0,933.0
1109.0,933.0
1109.0,933.0
1109.0,933.0
1109.0,933.0
1109.0,933.0
1109.0,932.0
1109.0,933.0
1109.0,933.0
1109.0,934.0
1110.0,933.0
1108.0,934.0
1109.0,934.0
1108.0,936.0
1108.0,936.0
1108.0,935.0
1108.0,935.0
1108.0,936.0
1109.0,936.0
1108.0,935.0
1108.0,935.0
1108.0,935.0
1108.0,936.0
1108.0,936.0
1109.0,936.0
1109.0,936.0
1109.0,934.0
1108.0,933.0
1107.0,932.0
1106.0,932.0
1105.0,932.0
1104.0,932.0
1104.0,932.0
1104.0,932.0
1104.0,932.0
1105.0,932.0
1102.0,932.0
1102.0,935.0
1102.0,936.0
1104.0,935.0
1103.0,934.0
1102.0,935.0
1100.0,938.0
1097.0,938.0
1095.0,941.0
1092.0,939.0
1081.0,929.0
1061.0,934.0
