x,y
62.0,775.0
63.0,774.0
63.0,775.0
63.0,775.0
63.0,773.0
64.0,774.0
63.0,773.0
64.0,773.0
64.0,773.0
65.0,773.0
65.0,773.0
66.0,773.0
65.0,773.0
65.0,774.0
65.0,774.0
66.0,774.0
66.0,774.0
67.0,774.0
66.0,775.0
67.0,774.0
66.0,775.0
67.0,774.0
67.0,774.0
66.0,775.0
66.0,775.0
66.0,775.0
66.0,775.0
66.0,775.0
66.0,775.0
66.0,774.0
66.0,775.0
66.0,775.0
66.0,775.0
66.0,775.0
66.0,775.0
66.0,775.0
67.0,775.0
66.0,776.0
67.0,778.0
67.0,778.0
67.0,779.0
67.0,778.0
72.0,778.0
73.0,779.0
73.0,779.0
73.0,779.0
73.0,779.0
72.0,779.0
72.0,779.0
72.0,779.0
72.0,779.0
72.0,779.0
71.0,779.0
71.0,779.0
71.0,778.0
71.0,778.0
71.0,778.0
71.0,778.0
68.0,780.0
72.0,780.0
71.0,780.0
71.0,781.0
70.0,781.0
67.0,782.0
67.0,782.0
68.0,784.0
68.0,785.0
68.0,785.0
68.0,786.0
68.0,786.0
69.0,786.0
69.0,786.0
67.0,786.0
67.0,786.0
66.0,786.0
64.0,788.0
64.0,793.0
66.0,794.0
65.0,796.0
64.0,797.0
62.0,797.0
60.0,796.0
61.0,796.0
61.0,796.0
57.0,799.0
42.0,804.0
27.0,810.0
13.0,801.0
6.0,788.0
60.0,779.0
60.0,779.0
60.0,778.0
60.0,779.0
60.0,779.0
60.0,778.0
60.0,778.0
60.0,778.0
60.0,778.0
60.0,778.0
60.0,779.0
