x,y
1014.0,931.0
1013.0,931.0
1013.0,931.0
1014.0,931.0
1014.0,931.0
1014.0,931.0
1013.0,930.0
1015.0,935.0
1015.0,933.0
1015.0,934.0
1014.0,931.0
1014.0,933.0
1015.0,934.0
1014.0,932.0
1014.0,934.0
1013.0,932.0
1009.0,935.0
1005.0,935.0
1000.0,941.0
996.0,948.0
989.0,943.0
985.0,954.0
980.0,955.0
979.0,957.0
978.0,960.0
976.0,963.0
976.0,973.0
976.0,977.0
980.0,980.0
985.0,983.0
982.0,981.0
983.0,980.0
982.0,985.0
978.0,985.0
982.0,985.0
984.0,980.0
985.0,981.0
985.0,982.0
985.0,982.0
985.0,982.0
984.0,981.0
983.0,981.0
985.0,981.0
986.0,981.0
987.0,983.0
987.0,984.0
987.0,984.0
987.0,983.0
987.0,982.0
989.0,986.0
989.0,985.0
987.0,982.0
989.0,986.0
987.0,983.0
987.0,983.0
987.0,983.0
987.0,983.0
987.0,983.0
990.0,985.0
990.0,983.0
993.0,981.0
1001.0,979.0
1004.0,979.0
1006.0,982.0
1005.0,992.0
1001.0,1002.0
986.0,1015.0
967.0,1008.0
926.0,1002.0
892.0,1001.0
854.0,1010.0
821.0,1009.0
797.0,1013.0
784.0,1020.0
796.0,1015.0
796.0,1003.0
796.0,1002.0
787.0,1015.0
786.0,1019.0
780.0,1023.0
766.0,1029.0
748.0,1044.0
737.0,1063.0
723.0,1061.0
715.0,1067.0
700.0,1073.0
