x,y
1120.0,686.0
1120.0,685.0
1120.0,685.0
1120.0,685.0
1120.0,685.0
1121.0,685.0
1120.0,686.0
1121.0,681.0
1115.0,684.0
1114.0,682.0
1115.0,682.0
1115.0,682.0
1115.0,682.0
1115.0,682.0
1114.0,682.0
1115.0,682.0
1115.0,683.0
1115.0,682.0
1114.0,682.0
1114.0,682.0
1114.0,682.0
1114.0,683.0
1113.0,683.0
1112.0,684.0
1111.0,686.0
1112.0,685.0
1111.0,685.0
1111.0,685.0
1112.0,685.0
1112.0,685.0
1112.0,686.0
1107.0,687.0
1107.0,686.0
1108.0,687.0
1108.0,687.0
1108.0,687.0
1108.0,688.0
1113.0,686.0
1112.0,687.0
1112.0,687.0
1106.0,683.0
1108.0,688.0
1108.0,687.0
1108.0,687.0
1108.0,687.0
1108.0,689.0
1108.0,688.0
1108.0,687.0
1108.0,687.0
1109.0,689.0
1109.0,689.0
1109.0,689.0
1108.0,685.0
1109.0,689.0
1109.0,688.0
1109.0,688.0
1106.0,688.0
1110.0,687.0
1110.0,690.0
1109.0,690.0
1109.0,690.0
1109.0,691.0
1109.0,691.0
1109.0,690.0
1109.0,691.0
1109.0,690.0
1109.0,691.0
1109.0,690.0
1109.0,690.0
1109.0,690.0
1113.0,694.0
1115.0,693.0
1113.0,694.0
1108.0,690.0
1108.0,690.0
1108.0,690.0
1108.0,690.0
1108.0,690.0
1107.0,690.0
1107.0,690.0
1112.0,694.0
1113.0,694.0
1107.0,690.0
1107.0,690.0
1107.0,689.0
1112.0,694.0
1107.0,690.0
1108.0,690.0
1108.0,690.0
1107.0,691.0
1108.0,691.0
1108.0,690.0
1108.0,691.0
1108.0,690.0
1108.0,691.0
1108.0,691.0
1108.0,691.0
1107.0,692.0
1107.0,691.0
1108.0,691.0
