x,y
372.0,102.0
353.0,116.0
344.0,151.0
332.0,190.0
317.0,227.0
321.0,277.0
326.0,332.0
333.0,377.0
337.0,427.0
350.0,475.0
363.0,521.0
354.0,556.0
361.0,594.0
365.0,625.0
360.0,652.0
347.0,667.0
328.0,670.0
361.0,672.0
362.0,665.0
365.0,663.0
369.0,663.0
367.0,660.0
374.0,666.0
373.0,670.0
374.0,678.0
377.0,669.0
380.0,665.0
379.0,666.0
371.0,665.0
370.0,673.0
366.0,675.0
364.0,676.0
373.0,680.0
376.0,691.0
379.0,691.0
379.0,693.0
378.0,691.0
377.0,693.0
375.0,690.0
375.0,693.0
374.0,692.0
374.0,692.0
376.0,693.0
376.0,694.0
378.0,697.0
377.0,698.0
376.0,700.0
374.0,695.0
375.0,699.0
371.0,697.0
369.0,699.0
372.0,701.0
370.0,700.0
370.0,702.0
368.0,706.0
368.0,705.0
367.0,705.0
368.0,705.0
368.0,704.0
368.0,705.0
368.0,706.0
367.0,707.0
368.0,708.0
368.0,708.0
368.0,706.0
368.0,706.0
368.0,706.0
368.0,705.0
368.0,705.0
368.0,705.0
368.0,704.0
367.0,704.0
368.0,705.0
369.0,703.0
368.0,704.0
367.0,704.0
366.0,703.0
365.0,702.0
366.0,703.0
366.0,704.0
366.2,703.4
366.4,702.8
366.6,702.2
366.8,701.6
367.0,701.0
367.0,701.0
366.0,702.0
368.0,701.0
368.0,701.0
367.0,701.0
367.0,702.0
366.0,702.0
366.0,702.0
367.0,701.0
366.0,701.0
366.0,702.0
365.0,702.0
365.0,701.0
364.0,701.0
365.0,701.0
