x,y
1725.0,630.0
1726.0,631.0
1726.0,629.0
1724.0,631.0
1724.0,633.0
1722.0,634.0
1722.0,633.0
1721.0,635.0
1719.235294117647,634.1176470588235
1717.4705882352941,633.2352941176471
1715.7058823529412,632.3529411764706
1713.9411764705883,631.4705882352941
1712.1764705882354,630.5882352941177
1710.4117647058824,629.7058823529412
1708.6470588235295,628.8235294117648
1706.8823529411766,627.9411764705883
1705.1176470588234,627.0588235294117
1703.3529411764705,626.1764705882352
1701.5882352941176,625.2941176470588
1699.8235294117646,624.4117647058823
1698.0588235294117,623.5294117647059
1696.2941176470588,622.6470588235294
1694.5294117647059,621.7647058823529
1692.764705882353,620.8823529411765
1691.0,620.0
1691.5,620.0
1692.0,620.0
1659.0,603.0
1659.0,601.0
1659.0,601.0
1659.0,602.0
1660.0,601.0
1660.0,603.0
1660.0,603.0
1660.0,603.0
1661.0,603.0
1660.0,603.0
1660.5,603.0
1661.0,603.0
1701.0,617.0
1707.0,617.0
1709.0,616.0
1707.0,615.0
1707.0,614.0
1709.0,614.0
1708.0,613.0
1709.0,612.0
1711.0,612.0
1711.0,610.0
1714.0,611.0
1718.0,610.0
1724.0,609.0
1719.0,609.0
1721.0,610.0
1721.0,610.0
1719.0,611.0
1719.0,612.0
1719.0,611.0
1720.0,609.0
1721.0,609.0
1721.0,610.0
1721.0,610.0
1722.0,609.0
1724.0,605.0
1724.0,603.0
1723.0,606.0
1725.0,608.0
1725.0,607.0
1725.0,604.0
1727.0,603.0
1731.0,605.0
1731.0,605.0
1730.0,607.0
1733.0,604.0
1731.0,601.0
1728.0,600.0
1732.0,601.0
1734.0,601.0
1735.0,602.0
1734.0,602.0
1735.0,599.0
1737.0,600.0
1737.0,599.0
1739.0,600.0
1736.0,597.0
1737.0,596.0
1739.0,592.0
1738.0,592.0
1743.0,600.0
1744.0,600.0
1744.0,600.0
1743.0,598.0
1743.0,596.0
1744.0,593.0
1746.0,594.0
1747.0,597.0
1748.0,595.0
1749.0,596.0
1749.0,596.0
1749.0,597.0
