x,y
967.0,334.0
966.0,335.0
966.0,334.0
966.0,333.0
967.0,333.0
966.0,335.0
966.0,335.0
967.0,335.0
967.0,335.0
967.0,335.0
968.0,335.0
968.0,335.0
968.0,335.0
968.0,335.0
969.0,335.0
969.0,335.0
969.0,335.0
969.0,335.0
969.0,336.0
969.0,336.0
969.0,336.0
969.0,335.0
969.0,335.0
971.0,334.0
970.0,334.0
969.0,334.0
971.0,335.0
971.0,335.0
972.0,338.0
970.0,339.0
970.0,339.0
970.0,340.0
970.0,343.0
970.0,342.0
970.0,343.0
970.0,343.0
970.0,343.0
970.0,343.0
971.0,343.0
970.0,343.0
970.0,342.0
971.0,342.0
971.0,342.0
971.0,342.0
971.0,342.0
971.0,343.0
970.0,342.0
969.0,342.0
972.0,341.0
971.0,345.0
970.0,345.0
970.0,346.0
970.0,345.0
970.0,347.0
971.0,345.0
968.0,348.0
968.0,348.0
969.0,347.0
968.0,348.0
968.0,347.0
967.0,347.0
967.0,348.0
966.0,347.0
966.0,348.0
965.0,348.0
965.0,348.0
969.0,345.0
971.0,342.0
973.0,339.0
973.0,338.0
967.0,338.0
972.0,336.0
973.0,334.0
969.0,334.0
969.0,338.0
970.0,339.0
969.0,338.0
970.0,338.0
970.0,339.0
967.0,334.0
967.0,333.0
969.0,338.0
968.0,337.0
968.0,336.0
974.0,341.0
980.0,344.0
989.0,342.0
993.0,345.0
997.0,348.0
1006.0,355.0
953.0,371.0
935.0,380.0
928.0,387.0
916.0,405.0
898.0,434.0
881.0,458.0
871.0,482.0
852.0,498.0
848.0,509.0
846.0,521.0
