x,y
87.33333333333333,932.0
87.66666666666667,932.0
88.0,932.0
88.33333333333333,932.0
88.66666666666667,932.0
89.0,932.0
87.0,933.0
91.66666666666667,934.3333333333334
96.33333333333333,935.6666666666666
101.0,937.0
105.66666666666667,938.3333333333334
110.33333333333334,939.6666666666666
115.0,941.0
119.66666666666667,942.3333333333334
124.33333333333334,943.6666666666666
129.0,945.0
133.66666666666669,946.3333333333334
138.33333333333334,947.6666666666666
143.0,949.0
147.66666666666669,950.3333333333334
152.33333333333334,951.6666666666666
157.0,953.0
161.66666666666669,954.3333333333334
166.33333333333334,955.6666666666666
171.0,957.0
175.66666666666669,958.3333333333334
180.33333333333334,959.6666666666666
185.0,961.0
200.0,952.0
214.0,949.3333333333334
228.0,946.6666666666666
242.0,944.0
240.75,944.5
239.5,945.0
238.25,945.5
237.0,946.0
224.0,946.0
211.0,946.0
198.0,946.0
185.0,946.0
172.0,946.0
159.0,946.0
141.75,942.25
124.5,938.5
107.25,934.75
90.0,931.0
88.0,932.0
87.0,934.0
88.0,934.0
88.0,934.0
89.0,932.5
90.0,931.0
90.0,931.0
89.66666666666667,931.1666666666666
89.33333333333333,931.3333333333334
89.0,931.5
88.66666666666667,931.6666666666666
88.33333333333333,931.8333333333334
88.0,932.0
90.0,931.0
96.8,932.6
103.6,934.2
110.4,935.8
117.2,937.4
124.0,939.0
130.8,940.6
137.6,942.2
144.4,943.8
151.2,945.4
158.0,947.0
89.0,932.0
88.625,932.0
88.25,932.0
87.875,932.0
87.5,932.0
87.125,932.0
86.75,932.0
86.375,932.0
86.0,932.0
86.0,932.0
110.33333333333333,937.0
134.66666666666666,942.0
159.0,947.0
160.0,947.0
