x,y
850.0,531.0
850.0,535.0
850.0,539.0
863.0,535.0
875.0,525.0
891.0,518.0
907.0,492.0
922.0,474.0
929.0,441.0
928.0,422.0
921.0,391.0
914.0,370.0
912.0,359.0
908.0,352.0
907.0,354.0
905.0,355.0
906.0,359.0
906.0,358.0
908.0,352.0
912.0,353.0
915.0,348.0
918.0,343.0
918.0,333.0
920.0,305.0
923.0,278.0
931.0,251.0
941.0,236.0
951.0,215.0
956.0,187.0
963.0,177.0
973.0,166.0
978.0,161.0
981.0,162.0
989.0,168.0
991.0,179.0
987.0,189.0
986.0,193.0
983.0,196.0
982.0,196.0
981.0,192.0
981.0,184.0
975.0,181.0
971.0,176.0
971.0,167.0
977.0,165.0
986.0,163.0
1003.0,157.0
1022.0,134.0
1017.0,153.0
1023.0,144.0
1020.0,128.0
1024.0,115.0
1032.0,86.0
1032.0,67.0
1032.0,49.0
1021.0,20.0
1016.0,6.0
