x,y
1049.0,751.0
1050.0,752.0
1047.0,751.0
1047.0,750.0
1046.0,750.0
1046.0,750.0
1047.0,750.0
1047.0,749.0
1048.0,750.0
1048.0,748.0
1049.0,749.0
1048.0,748.0
1049.0,749.0
1044.0,750.0
1040.0,751.0
1046.0,747.0
1048.0,742.0
1050.0,742.0
1051.0,740.0
1053.0,739.0
1051.0,740.0
1050.0,737.0
1050.0,738.0
1054.0,739.0
1055.0,736.0
1052.0,736.0
1056.0,736.0
1056.0,736.0
1051.0,737.0
1056.0,736.0
1055.0,735.0
1055.0,735.0
1056.0,732.0
1056.0,734.0
1056.0,733.0
1056.0,733.0
1056.0,733.0
1056.0,732.0
1055.0,734.0
1056.0,732.0
1056.0,731.0
1056.0,731.0
1056.0,730.0
1056.0,731.0
1056.0,731.0
1056.0,731.0
1054.0,732.0
1053.0,733.0
1054.0,733.0
1055.0,733.0
1055.0,733.0
1056.0,732.0
1056.0,732.0
1054.0,731.0
1056.0,731.0
1056.0,732.0
1056.0,732.0
1055.0,732.0
1056.0,732.0
1056.0,732.0
1056.0,732.0
1054.0,732.0
1054.0,732.0
1055.0,732.0
1057.0,733.0
1058.0,733.0
1059.0,733.0
1059.0,734.0
1058.0,733.0
1058.0,733.0
1058.0,733.0
1059.0,733.0
1059.0,734.0
1059.0,732.0
1059.0,733.0
1060.0,732.0
1061.0,734.0
1061.0,732.0
1063.0,732.0
1064.0,732.0
1064.0,733.0
1066.0,733.0
1066.0,732.0
1065.0,732.0
1065.0,732.0
1064.0,733.0
1064.0,732.0
1064.0,732.0
1064.0,733.0
1063.0,733.0
1064.0,733.0
1064.0,732.0
1063.0,729.0
1066.0,731.0
1064.0,734.0
1065.0,733.0
1066.0,733.0
1066.0,734.0
1067.0,734.0
1067.0,734.0
