x,y
13.0,110.0
74.0,135.0
128.0,158.0
180.0,182.0
228.0,222.0
261.0,248.0
292.0,284.0
310.0,320.0
319.0,337.0
319.0,349.0
312.0,368.0
313.0,371.0
319.0,376.0
328.0,382.0
329.0,385.0
328.0,386.0
330.0,379.0
327.0,381.0
329.0,379.0
329.0,383.0
328.0,383.0
329.0,379.0
330.0,380.0
327.0,382.0
328.0,378.0
327.0,381.0
328.0,382.0
326.0,382.0
328.0,378.0
327.0,376.0
328.0,381.0
328.0,382.0
326.0,388.0
327.0,393.0
326.0,393.0
327.0,395.0
326.0,396.0
326.0,396.0
325.0,397.0
327.0,397.0
326.0,397.0
326.0,398.0
326.0,398.0
326.0,399.0
327.0,399.0
327.0,401.0
326.0,401.0
326.0,402.0
327.0,405.0
327.0,403.0
328.0,402.0
329.0,406.0
330.0,404.0
329.0,403.0
328.0,404.0
329.0,403.0
329.0,404.0
327.0,405.0
328.0,407.0
329.0,406.0
330.0,407.0
333.0,409.0
335.0,408.0
336.0,409.0
337.0,411.0
336.0,410.0
336.0,409.0
336.0,410.0
337.0,410.0
336.0,410.0
335.0,410.0
337.0,411.0
338.0,410.0
336.0,411.0
336.0,409.0
339.0,407.0
339.0,408.0
338.0,408.0
339.0,408.0
339.0,409.0
337.0,409.0
338.0,410.0
337.0,410.0
337.0,408.0
338.0,408.0
339.0,408.0
338.0,407.0
337.0,407.0
338.0,406.0
338.0,406.0
338.0,406.0
339.0,407.0
338.0,406.0
339.0,406.0
339.0,406.0
338.0,405.0
339.0,405.0
338.0,405.0
340.0,400.0
340.0,399.0
