x,y
1004.0,256.0
1011.0,252.0
1011.0,254.0
1011.0,254.0
1013.0,255.0
1014.0,254.0
1011.0,254.0
1014.0,255.0
1012.0,254.0
1013.0,254.0
1013.0,255.0
1013.0,262.0
1015.0,263.0
1015.0,257.0
1017.0,259.0
1016.0,257.0
1014.0,255.0
1015.0,257.0
1013.0,255.0
1014.0,256.0
1013.0,256.0
1014.0,257.0
1015.0,256.0
1011.0,261.0
1012.0,260.0
1015.0,260.0
1016.0,260.0
1018.0,258.0
1018.0,257.0
1021.0,257.0
1020.0,258.0
1019.0,255.0
1021.0,254.0
1022.0,254.0
1022.0,253.0
1022.0,253.0
1024.0,254.0
1026.0,254.0
1024.0,253.0
1026.0,253.0
1025.0,254.0
1026.0,254.0
1025.0,254.0
1024.0,254.0
1025.0,254.0
1025.0,253.0
1023.0,254.0
1024.0,253.0
1024.0,253.0
1024.0,252.0
1023.0,252.0
1025.0,251.0
1024.0,251.0
1026.0,248.0
1022.0,247.0
1020.0,248.0
1025.0,259.0
1042.0,265.0
1021.0,257.0
1018.0,253.0
1023.0,251.0
1022.0,250.0
1019.0,249.0
1017.0,257.0
1021.0,249.0
1022.0,251.0
1019.0,252.0
1015.0,253.0
1012.0,255.0
1012.0,256.0
1013.0,254.0
1010.0,254.0
1010.0,253.0
1002.0,259.0
1007.0,245.0
1024.0,220.0
1033.0,207.0
1041.0,200.0
1053.0,186.0
1067.0,175.0
1085.0,169.0
1114.0,159.0
1139.0,159.0
1166.0,159.0
1206.0,137.0
1238.0,123.0
1267.0,101.0
1300.0,89.0
1351.0,99.0
1382.0,106.0
1431.0,106.0
1473.0,111.0
1511.0,123.0
1556.0,133.0
1573.0,141.0
1594.0,160.0
1621.0,181.0
1630.0,191.0
1642.0,203.0
1652.0,205.0
