x,y
1490.0,102.0
1521.0,146.0
1530.0,200.0
1544.0,239.0
1577.0,262.0
1584.0,284.0
1554.0,316.0
1512.0,333.0
1453.0,346.0
1396.0,365.0
1329.0,381.0
1277.0,415.0
1215.0,449.0
1151.0,485.0
1100.0,531.0
1058.0,588.0
1037.0,659.0
1042.0,721.0
1046.0,790.0
1077.0,844.0
1093.0,899.0
1153.0,899.0
1188.0,917.0
1192.0,925.0
1179.0,939.0
1146.0,947.0
1132.0,950.0
1130.0,956.0
1137.0,951.0
1143.0,953.0
1154.0,957.0
1161.0,966.0
1172.0,972.0
1176.0,969.0
1177.0,966.0
1175.0,969.0
1176.0,969.0
1175.0,970.0
1174.0,969.0
1174.0,969.0
1175.0,969.0
1175.0,969.0
1173.0,967.0
1175.0,968.0
1175.0,968.0
1176.0,968.0
1177.0,968.0
1176.0,968.0
1176.0,968.0
1176.0,969.0
1176.0,969.0
1177.0,969.0
1181.0,971.0
1184.0,971.0
1186.0,972.0
1187.0,973.0
1187.0,973.0
1188.0,974.0
1188.0,974.0
1188.0,974.0
1189.0,975.0
1189.0,974.0
1191.0,973.0
1193.0,974.0
1193.0,974.0
1194.0,974.0
1193.0,975.0
1193.0,975.0
1194.0,975.0
1194.0,975.0
1193.0,977.0
1194.0,977.0
1196.0,977.0
1196.0,977.0
1197.0,978.0
1197.0,977.0
1196.0,978.0
1197.0,979.0
1198.0,979.0
1201.0,978.0
1205.0,977.0
1208.0,976.0
1209.0,974.0
1209.0,974.0
1209.0,974.0
1209.0,975.0
1209.0,975.0
1209.0,975.0
1209.0,975.0
1208.0,973.0
1211.0,972.0
1213.0,967.0
1213.0,965.0
1214.0,966.0
1211.0,971.0
1210.0,971.0
1210.0,971.0
1211.0,971.0
1210.0,968.0
1209.0,963.0
