x,y
1687.0,118.0
1687.0,117.0
1686.0,117.0
1686.0,118.0
1686.0,118.0
1687.0,118.0
1687.0,118.0
1687.0,118.0
1688.0,119.0
1688.0,118.0
1689.0,119.0
1688.0,119.0
1688.0,119.0
1688.0,119.0
1688.0,119.0
1688.0,119.0
1688.0,119.0
1688.0,119.0
1688.0,119.0
1688.0,119.0
1688.0,119.0
1688.0,119.0
1688.0,119.0
1688.0,119.0
1688.0,119.0
1687.0,118.0
1688.0,119.0
1689.0,119.0
1691.0,120.0
1690.0,119.0
1690.0,119.0
1690.0,121.0
1691.0,123.0
1694.0,125.0
1693.0,125.0
1693.0,126.0
1693.0,125.0
1692.0,126.0
1693.0,126.0
1694.0,125.0
1693.0,125.0
1693.0,125.0
1693.0,125.0
1693.0,124.0
1692.0,124.0
1692.0,124.0
1691.0,123.0
1691.0,123.0
1691.0,122.0
1693.0,122.0
1693.0,124.0
1693.0,123.0
1693.0,125.0
1693.0,125.0
1693.0,123.0
1693.0,125.0
1693.0,124.0
1693.0,124.0
1693.0,123.0
1693.0,122.0
1693.0,122.0
1693.0,123.0
1693.0,123.0
1692.0,125.0
1694.0,124.0
1697.0,124.0
1700.0,125.0
1700.0,125.0
1699.0,124.0
1698.0,124.0
1697.0,124.0
1700.0,124.0
1700.0,124.0
1701.0,125.0
1702.0,125.0
1702.0,125.0
1702.0,124.0
1702.0,122.0
1703.0,123.0
1703.0,124.0
1704.0,123.0
1704.0,124.0
1704.0,124.0
1704.0,124.0
1703.0,124.0
1703.0,124.0
1703.0,124.0
1704.0,124.0
1703.0,124.0
1703.0,123.0
1704.0,122.0
1705.0,121.0
1705.0,121.0
1704.0,121.0
1704.0,122.0
1705.0,122.0
1705.0,122.0
1704.0,122.0
1704.0,122.0
1704.0,122.0
