x,y
1271.0,708.0
1271.0,716.0
1269.0,712.0
1266.0,721.0
1261.0,725.0
1273.0,739.0
1270.0,740.0
1267.0,747.0
1265.0,747.0
1258.0,745.0
1251.0,747.0
1247.0,744.0
1247.0,744.0
1246.0,745.0
1246.0,745.0
1247.0,744.0
1247.0,742.0
1247.0,742.0
1248.0,745.0
1248.0,744.0
1248.0,743.0
1249.0,740.0
1248.0,740.0
1247.0,743.0
1248.0,741.0
1248.0,741.0
1247.0,741.0
1247.0,742.0
1246.0,742.0
1246.0,742.0
1248.0,741.0
1246.0,743.0
1248.0,742.0
1246.0,743.0
1246.0,744.0
1246.0,743.0
1246.0,744.0
1246.0,743.0
1246.0,743.0
1246.0,743.0
1246.0,742.0
1246.0,742.0
1245.0,743.0
1245.0,743.0
1246.0,743.0
1246.0,744.0
1246.0,744.0
1246.0,746.0
1246.0,747.0
1245.0,748.0
1244.0,748.0
1242.0,750.0
1243.0,750.0
1241.0,750.0
1240.0,749.0
1241.0,749.0
1240.0,749.0
1240.0,749.0
1238.0,749.0
1237.0,749.0
1237.0,749.0
1239.0,749.0
1239.0,749.0
1239.0,750.0
1239.0,750.0
1240.0,750.0
1239.0,750.0
1238.0,751.0
1238.0,751.0
1238.0,751.0
1238.0,751.0
1238.0,751.0
1238.0,752.0
1238.0,751.0
1238.0,751.0
1238.0,751.0
1238.0,751.0
1238.0,751.0
1238.0,751.0
1237.0,752.0
1233.0,753.0
1235.0,755.0
1232.0,755.0
1230.0,755.0
1230.0,756.0
1231.0,756.0
1231.0,756.0
1230.0,755.0
1230.0,755.0
1230.0,756.0
1230.0,757.0
1229.0,756.0
1229.0,757.0
1229.0,758.0
1231.0,758.0
1230.0,758.0
1229.0,757.0
1228.0,757.0
1227.0,756.0
1227.0,757.0
