x,y
331.0,527.0
332.0,527.0
330.0,527.0
331.0,527.0
331.0,528.0
332.0,527.0
331.0,527.0
332.0,527.0
332.0,528.0
331.0,527.0
331.0,528.0
331.0,528.0
328.0,529.0
328.0,527.0
329.0,526.0
329.0,525.0
328.0,523.0
328.0,521.0
325.0,520.0
324.0,521.0
322.0,520.0
323.0,519.0
323.0,519.0
324.0,519.0
323.0,521.0
323.0,518.0
324.0,519.0
323.0,518.0
323.0,518.0
323.0,518.0
323.0,519.0
322.0,519.0
322.0,519.0
322.0,520.0
323.0,522.0
325.0,523.0
326.0,524.0
326.0,524.0
326.0,524.0
325.0,525.0
324.0,526.0
324.0,526.0
324.0,528.0
319.0,528.0
316.0,533.0
316.0,535.0
314.0,557.0
309.0,565.0
301.0,574.0
296.0,577.0
287.0,590.0
292.0,606.0
291.0,617.0
284.0,622.0
278.0,622.0
274.0,622.0
272.0,621.0
267.0,618.0
262.0,611.0
253.0,613.0
238.0,608.0
223.0,592.0
211.0,586.0
189.0,585.0
183.0,590.0
169.0,591.0
144.0,589.0
154.0,602.0
155.0,604.0
155.0,609.0
159.0,617.0
161.0,614.0
161.0,614.0
156.0,619.0
155.0,620.0
156.0,619.0
163.0,613.0
156.0,619.0
156.0,620.0
158.0,619.0
157.0,619.0
163.0,613.0
163.0,613.0
163.0,613.0
162.0,613.0
157.0,619.0
157.0,619.0
159.0,619.0
158.0,620.0
158.0,619.0
158.0,619.0
158.0,619.0
159.0,618.0
158.0,618.0
159.0,618.0
159.0,619.0
159.0,619.0
160.0,618.0
159.0,618.0
161.0,617.0
