x,y
727.0,780.0
712.0,736.0
697.0,702.0
699.0,626.0
697.0,577.0
695.0,530.0
683.0,489.0
667.0,455.0
658.0,439.0
661.0,440.0
662.0,444.0
664.0,430.0
637.0,443.0
629.0,439.0
631.0,422.0
635.0,418.0
630.0,417.0
629.0,407.0
637.0,408.0
639.0,413.0
637.0,410.0
632.0,412.0
628.0,406.0
616.0,400.0
606.0,402.0
600.0,402.0
598.0,402.0
599.0,403.0
598.0,404.0
597.0,404.0
595.0,404.0
596.0,405.0
597.0,406.0
598.0,407.0
597.0,405.0
597.0,405.0
597.0,407.0
598.0,407.0
599.0,407.0
597.0,406.0
597.0,406.0
599.0,406.0
598.0,407.0
598.0,407.0
597.0,405.0
597.0,406.0
597.0,407.0
597.0,407.0
594.0,406.0
594.0,405.0
598.0,406.0
593.0,405.0
593.0,406.0
592.0,405.0
592.0,405.0
592.0,405.0
591.0,406.0
590.0,406.0
590.0,405.0
590.0,405.0
590.0,406.0
589.0,405.0
590.0,404.0
589.0,404.0
590.0,402.0
590.0,402.0
590.0,402.0
590.0,402.0
590.0,403.0
590.0,402.0
591.0,401.0
590.0,402.0
591.0,403.0
590.0,403.0
588.0,403.0
589.0,402.0
588.0,403.0
590.0,401.0
589.0,402.0
588.0,403.0
588.0,403.0
587.0,403.0
587.0,401.0
588.0,401.0
586.0,401.0
587.0,401.0
588.0,400.0
587.0,400.0
587.0,401.0
585.0,399.0
586.0,400.0
585.0,400.0
585.0,400.0
586.0,398.0
586.0,398.0
586.0,398.0
586.0,398.0
586.0,398.0
587.0,397.0
585.0,399.0
