x,y
844.0,332.0
844.0,333.0
842.0,332.0
843.0,332.0
843.0,333.0
844.0,333.0
844.0,333.0
847.0,338.0
846.0,339.0
841.0,341.0
829.0,348.0
829.0,349.0
844.0,338.0
845.0,337.0
842.0,340.0
842.0,334.0
840.0,333.0
839.0,331.0
836.0,327.0
836.0,333.0
836.0,326.0
838.0,325.0
837.0,324.0
837.0,324.0
837.0,322.0
838.0,323.0
837.0,321.0
837.0,321.0
836.0,321.0
835.0,322.0
835.0,321.0
835.0,322.0
835.0,323.0
835.0,323.0
835.0,323.0
835.0,322.0
835.0,323.0
835.0,323.0
835.0,323.0
835.0,324.0
835.0,323.0
834.0,322.0
835.0,323.0
837.0,318.0
837.0,318.0
838.0,318.0
837.0,319.0
838.0,318.0
838.0,318.0
838.0,318.0
838.0,318.0
837.0,318.0
838.0,317.0
838.0,318.0
839.0,318.0
839.0,318.0
838.0,317.0
839.0,314.0
840.0,315.0
841.0,315.0
841.0,315.0
841.0,315.0
842.0,315.0
843.0,315.0
842.0,314.0
843.0,314.0
843.0,314.0
843.0,314.0
843.0,314.0
843.0,313.0
843.0,313.0
844.0,313.0
844.0,314.0
844.0,315.0
844.0,314.0
845.0,314.0
845.0,314.0
845.0,313.0
844.0,313.0
844.0,313.0
844.0,313.0
844.0,313.0
845.0,314.0
845.0,313.0
845.0,314.0
845.0,314.0
845.0,313.0
845.0,313.0
846.0,314.0
847.0,314.0
848.0,314.0
849.0,314.0
850.0,315.0
850.0,316.0
851.0,316.0
851.0,315.0
851.0,316.0
851.0,316.0
851.0,314.0
850.0,316.0
