x,y
1685.0,574.0
1685.0,575.0
1684.0,574.0
1684.0,574.0
1684.0,574.0
1684.0,574.0
1684.0,574.0
1684.0,574.0
1683.0,572.0
1684.0,572.0
1685.0,574.0
1684.0,572.0
1684.0,572.0
1684.0,572.0
1684.0,572.0
1684.0,572.0
1684.0,572.0
1684.0,571.0
1684.0,571.0
1684.0,571.0
1685.0,573.0
1686.0,573.0
1684.0,572.0
1684.0,572.0
1684.0,571.0
1683.0,572.0
1684.0,571.0
1684.0,571.0
1686.0,574.0
1685.0,574.0
1686.0,575.0
1686.0,575.0
1687.0,574.0
1687.0,575.0
1687.0,575.0
1687.0,575.0
1685.0,575.0
1687.0,575.0
1686.0,575.0
1687.0,575.0
1686.0,575.0
1686.0,575.0
1686.0,575.0
1684.0,574.0
1686.0,575.0
1687.0,575.0
1685.0,574.0
1685.0,573.0
1686.0,573.0
1686.0,572.0
1686.0,572.0
1686.0,572.0
1686.0,570.0
1686.0,570.0
1686.0,570.0
1686.0,570.0
1686.0,570.0
1686.0,570.0
1686.0,570.0
1686.0,570.0
1686.0,570.0
1686.0,569.0
1687.0,569.0
1686.0,570.0
1686.0,570.0
1686.0,570.0
1686.0,570.0
1686.0,570.0
1686.0,570.0
1687.0,569.0
1686.0,570.0
1687.0,570.0
1687.0,572.0
1687.0,569.0
1688.0,569.0
1688.0,569.0
1689.0,570.0
1690.0,571.0
1690.0,571.0
1689.0,572.0
1690.0,571.0
1690.0,571.0
1690.0,571.0
1690.0,571.0
1690.0,571.0
1690.0,570.0
1691.0,571.0
1691.0,571.0
1691.0,570.0
1691.0,570.0
1691.0,569.0
1691.0,570.0
1692.0,570.0
1691.0,570.0
1691.0,569.0
1691.0,569.0
1691.0,569.0
1692.0,568.0
1692.0,568.0
1691.0,568.0
