x,y
407.0,954.0
406.0,955.0
404.0,955.0
404.0,956.0
404.0,955.0
404.0,955.0
404.0,955.0
402.0,955.0
401.0,954.0
401.0,956.0
401.0,956.0
402.0,956.0
403.0,957.0
403.0,957.0
404.0,957.0
402.0,958.0
402.0,957.0
402.0,956.0
403.0,957.0
403.0,957.0
401.0,959.0
402.0,958.0
402.0,958.0
401.0,957.0
402.0,958.0
402.0,958.0
401.0,958.0
402.0,959.0
401.0,959.0
401.0,957.0
402.0,958.0
403.0,958.0
403.0,958.0
403.0,958.0
403.0,959.0
403.0,961.0
403.0,961.0
402.0,965.0
397.0,968.0
394.0,966.0
403.0,963.0
404.0,963.0
404.0,963.0
404.0,963.0
404.0,964.0
405.0,963.0
405.0,964.0
405.0,963.0
405.0,963.0
404.0,962.0
404.0,963.0
404.0,962.0
403.0,962.0
404.0,964.0
404.0,964.0
405.0,962.0
404.0,963.0
405.0,966.0
404.0,963.0
405.0,963.0
404.0,961.0
402.0,960.0
403.0,963.0
404.0,962.0
404.0,963.0
405.0,964.0
405.0,964.0
406.0,963.0
405.0,965.0
405.0,966.0
407.0,966.0
405.0,965.0
406.0,966.0
405.0,966.0
407.0,966.0
406.0,965.0
406.0,965.0
406.0,965.0
407.0,966.0
408.0,966.0
407.0,964.0
407.0,966.0
407.0,966.0
407.0,965.0
407.0,966.0
407.0,966.0
408.0,965.0
408.0,966.0
408.0,966.0
407.0,965.0
405.0,966.0
402.0,965.0
399.0,959.0
399.0,958.0
392.0,961.0
365.0,962.0
345.0,966.0
320.0,968.0
287.0,961.0
267.0,963.0
