x,y
1118.0,675.0
1116.0,677.0
1118.0,675.0
1118.0,675.0
1116.0,678.0
1119.0,676.0
1119.0,676.0
1119.0,675.0
1119.0,675.0
1118.0,675.0
1118.0,675.0
1118.0,675.0
1119.0,675.0
1119.0,675.0
1119.0,675.0
1118.0,676.0
1119.0,675.0
1119.0,675.0
1119.0,675.0
1119.0,675.0
1119.0,675.0
1119.0,677.0
1119.0,676.0
1119.0,676.0
1118.0,677.0
1118.0,679.0
1119.0,679.0
1118.0,681.0
1119.0,682.0
1117.0,682.0
1116.0,683.0
1114.0,685.0
1114.0,684.0
1113.0,682.0
1109.0,682.0
1113.0,682.0
1115.0,686.0
1109.0,686.0
1114.0,686.0
1112.0,685.0
1112.0,684.0
1112.0,686.0
1113.0,686.0
1113.0,687.0
1113.0,686.0
1109.0,687.0
1109.0,688.0
1113.0,686.0
1113.0,686.0
1112.0,686.0
1109.0,688.0
1109.0,687.0
1109.0,687.0
1112.0,687.0
1112.0,687.0
1112.0,687.0
1112.0,687.0
1113.0,686.0
1109.0,688.0
1110.0,688.0
1113.0,686.0
1115.0,685.0
1111.0,687.0
1110.0,687.0
1109.0,687.0
1111.0,686.0
1110.0,686.0
1111.0,687.0
1110.0,687.0
1110.0,688.0
1110.0,689.0
1109.0,688.0
1109.0,689.0
1109.0,688.0
1110.0,688.0
1109.0,688.0
1109.0,688.0
1109.0,689.0
1109.0,689.0
1109.0,689.0
1109.0,689.0
1109.0,689.0
1109.0,689.0
1109.0,688.0
1109.0,688.0
1109.0,688.0
1108.0,688.0
1109.0,688.0
1109.0,688.0
1108.0,688.0
1109.0,688.0
1109.0,688.0
1109.0,688.0
1109.0,688.0
1109.0,688.0
1109.0,688.0
1109.0,688.0
1109.0,688.0
1110.0,688.0
1109.0,688.0
