x,y
1613.0,532.0
1613.0,531.0
1613.0,532.0
1612.0,532.0
1612.0,532.0
1613.0,531.0
1610.0,531.0
1610.0,532.0
1610.0,531.0
1611.0,533.0
1609.0,531.0
1613.0,530.0
1613.0,526.0
1613.0,525.0
1618.0,522.0
1618.0,521.0
1620.0,518.0
1621.0,517.0
1621.0,518.0
1620.0,518.0
1618.0,524.0
1618.0,518.0
1618.0,523.0
1619.0,525.0
1616.0,525.0
1614.0,526.0
1616.0,525.0
1618.0,525.0
1611.0,521.0
1606.0,519.0
1608.0,520.0
1610.0,520.0
1609.0,517.0
1607.0,515.0
1604.0,514.0
1604.0,515.0
1596.0,512.0
1578.0,508.0
1558.0,503.0
1558.0,503.0
1555.0,503.0
1555.0,503.0
1555.0,503.0
1555.0,504.0
1555.0,504.0
1556.0,504.0
1554.0,505.0
1554.0,506.0
1554.0,507.0
1554.0,508.0
1554.0,508.0
1554.0,508.0
1553.0,509.0
1552.0,508.0
1552.0,509.0
1550.0,510.0
1551.0,511.0
1549.0,511.0
1549.0,511.0
1549.0,511.0
1550.0,511.0
1549.0,511.0
1549.0,511.0
1548.0,512.0
1548.0,513.0
1547.0,512.0
1547.0,512.0
1546.0,512.0
1547.0,512.0
1548.0,512.0
1548.0,512.0
1548.0,512.0
1548.0,511.0
1548.0,511.0
1547.0,511.0
1547.0,512.0
1547.0,511.0
1547.0,511.0
1547.0,511.0
1547.0,511.0
1547.0,511.0
1547.0,511.0
1546.0,511.0
1564.0,521.0
1563.0,521.0
1564.0,521.0
1564.0,521.0
1563.0,520.0
1564.0,521.0
1564.0,521.0
1564.0,521.0
1563.0,520.0
1559.0,524.0
1559.0,525.0
1559.0,525.0
1562.0,521.0
1558.0,525.0
1557.0,524.0
1562.0,520.0
1561.0,520.0
