x,y
1157.0,755.0
1154.0,753.0
1155.0,754.0
1155.0,753.0
1155.0,753.0
1154.0,753.0
1155.0,753.0
1155.0,754.0
1155.0,753.0
1155.0,753.0
1144.0,778.0
1143.0,777.0
1144.0,776.0
1145.0,774.0
1143.0,777.0
1145.0,775.0
1146.0,774.0
1147.0,773.0
1147.0,772.0
1149.0,772.0
1150.0,769.0
1145.0,768.0
1143.0,769.0
1148.0,767.0
1143.0,768.0
1142.0,766.0
1142.0,766.0
1142.0,766.0
1141.0,766.0
1140.0,766.0
1142.0,767.0
1139.0,775.0
1139.0,775.0
1141.0,771.0
1140.0,773.0
1139.0,777.0
1139.0,780.0
1135.0,781.0
1137.0,777.0
1136.0,781.0
1139.0,780.0
1136.0,781.0
1137.0,778.0
1136.0,781.0
1136.0,781.0
1136.0,781.0
1137.0,779.0
1137.0,779.0
1136.0,781.0
1136.0,779.0
1137.0,778.0
1136.0,778.0
1136.0,778.0
1138.0,778.0
1137.0,778.0
1137.0,778.0
1137.0,778.0
1137.0,778.0
1136.0,777.0
1137.0,777.0
1137.0,777.0
1137.0,777.0
1136.0,777.0
1136.0,777.0
1136.0,777.0
1136.0,777.0
1136.0,776.0
1136.0,776.0
1136.0,776.0
1136.0,776.0
1136.0,776.0
1136.0,775.0
1135.0,776.0
1134.0,776.0
1134.0,776.0
1134.0,775.0
1134.0,776.0
1134.0,776.0
1134.0,776.0
1134.0,776.0
1134.0,777.0
1134.0,778.0
1134.0,780.0
1135.0,782.0
1136.0,782.0
1136.0,783.0
1136.0,783.0
1135.0,783.0
1136.0,783.0
1136.0,783.0
1136.0,783.0
1136.0,783.0
1136.0,783.0
1137.0,782.0
1138.0,782.0
1137.0,783.0
1136.0,784.0
1136.0,784.0
1136.0,783.0
1134.0,784.0
