x,y
869.0,477.0
870.0,476.0
870.0,475.0
871.0,475.0
871.0,475.0
871.0,475.0
871.0,474.0
871.0,474.0
872.0,473.0
872.0,473.0
872.0,473.0
872.0,472.0
872.0,472.0
872.0,472.0
873.0,472.0
873.0,472.0
873.0,472.0
873.0,471.0
874.0,472.0
873.0,471.0
874.0,471.0
874.0,471.0
874.0,471.0
873.0,471.0
874.0,471.0
873.0,472.0
873.0,472.0
873.0,472.0
874.0,471.0
877.0,471.0
877.0,471.0
877.0,471.0
877.0,470.0
877.0,470.0
877.0,470.0
877.0,470.0
877.0,470.0
876.0,469.0
877.0,468.0
877.0,469.0
877.0,469.0
877.0,470.0
875.0,467.0
877.0,466.0
882.0,469.0
885.0,463.0
886.0,464.0
886.0,465.0
888.0,468.0
887.0,467.0
888.0,467.0
889.0,463.0
887.0,468.0
887.0,468.0
888.0,463.0
888.0,468.0
888.0,469.0
886.0,468.0
887.0,468.0
887.0,469.0
887.0,469.0
887.0,469.0
887.0,469.0
887.0,469.0
887.0,470.0
888.0,470.0
888.0,470.0
888.0,470.0
887.0,470.0
887.0,470.0
887.0,470.0
887.0,469.0
888.0,470.0
888.0,470.0
888.0,470.0
888.0,470.0
888.0,471.0
890.0,471.0
891.0,473.0
889.0,472.0
889.0,472.0
893.0,473.0
889.0,472.0
889.0,471.0
889.0,471.0
890.0,471.0
891.0,472.0
888.0,471.0
889.0,472.0
889.0,471.0
888.0,471.0
889.0,471.0
888.0,471.0
888.0,470.0
888.0,470.0
889.0,470.0
887.0,470.0
888.0,470.0
888.0,470.0
892.0,467.0
