x,y
171.0,870.0
171.0,870.0
171.0,870.0
171.0,869.0
170.0,872.0
171.0,870.0
172.0,870.0
172.0,871.0
171.0,871.0
173.0,872.0
173.0,872.0
173.0,872.0
172.0,872.0
175.0,873.0
175.0,873.0
175.0,873.0
175.0,873.0
175.0,873.0
175.0,873.0
174.0,873.0
175.0,873.0
172.0,870.0
175.0,873.0
170.0,871.0
175.0,872.0
171.0,870.0
176.0,872.0
172.0,870.0
172.0,870.0
172.0,871.0
176.0,873.0
176.0,872.0
175.0,871.0
175.0,872.0
175.0,872.0
175.0,872.0
174.0,871.0
174.0,871.0
174.0,872.0
174.0,872.0
174.0,872.0
174.0,872.0
174.0,872.0
173.0,871.0
174.0,872.0
174.0,872.0
173.0,871.0
174.0,872.0
173.0,872.0
173.0,872.0
173.0,873.0
173.0,873.0
173.0,873.0
173.0,873.0
173.0,874.0
173.0,874.0
165.0,873.0
164.0,869.0
162.0,867.0
165.0,862.0
162.0,860.0
159.0,862.0
161.0,859.0
159.0,860.0
159.0,859.0
159.0,859.0
158.0,859.0
158.0,860.0
160.0,857.0
157.0,859.0
157.0,859.0
157.0,859.0
157.0,859.0
157.0,857.0
157.0,857.0
158.0,855.0
157.0,855.0
157.0,857.0
157.0,857.0
157.0,857.0
157.0,857.0
157.0,857.0
157.0,858.0
157.0,857.0
157.0,857.0
157.0,857.0
156.0,857.0
156.0,857.0
157.0,857.0
157.0,856.0
157.0,854.0
159.0,854.0
159.0,854.0
159.0,854.0
159.0,854.0
160.0,853.0
160.0,854.0
160.0,854.0
160.0,854.0
160.0,854.0
