x,y
892.7352941176471,807.1176470588235
892.5294117647059,807.7647058823529
892.3235294117648,808.4117647058823
892.1176470588235,809.0588235294117
891.9117647058823,809.7058823529412
891.7058823529412,810.3529411764706
891.5,811.0
891.2941176470588,811.6470588235294
891.0882352941177,812.2941176470588
890.8823529411765,812.9411764705883
890.6764705882352,813.5882352941177
890.4705882352941,814.2352941176471
890.2647058823529,814.8823529411765
890.0588235294117,815.5294117647059
889.8529411764706,816.1764705882352
889.6470588235294,816.8235294117648
889.4411764705883,817.4705882352941
889.2352941176471,818.1176470588235
889.0294117647059,818.7647058823529
888.8235294117648,819.4117647058823
888.6176470588235,820.0588235294117
888.4117647058823,820.7058823529412
888.2058823529412,821.3529411764706
888.0,822.0
888.0,822.0
888.0,822.0
888.0,822.0
888.0,822.0
888.0,820.0
888.0,821.0
888.0,821.0
888.0,820.0
888.0,821.0
888.0,821.0
889.0,822.0
888.0,822.0
888.0,822.0
888.0,822.0
888.0,822.0
888.0,822.0
888.0,822.0
888.0,822.0
888.0,822.0
888.0,822.0
888.0,822.0
888.0,822.0
888.0,822.0
888.0,822.0
888.0,822.0
888.0,822.0
888.0,822.0
888.0,822.0
888.0,822.0
888.0,822.0
888.0,822.0
888.0,822.0
889.0,822.0
889.0,824.0
888.0,824.0
888.0,824.0
888.0,824.0
888.0,824.0
888.0,824.0
888.75,825.5
889.5,827.0
890.25,828.5
891.0,830.0
891.75,831.5
892.5,833.0
893.25,834.5
894.0,836.0
894.0,836.0
893.0,837.0
892.0,838.0
891.5,838.0
891.0,838.0
892.0,838.0
892.0,838.0
892.0,838.0
892.0,838.0
892.0,838.0
892.0,838.0
892.0,839.0
892.0,840.0
892.0,839.0
892.0,838.0
891.0,838.0
891.0,838.0
890.5,838.0
890.0,838.0
890.0,838.0
890.0,838.0
890.0,838.0
889.8108108108108,837.7567567567568
889.6216216216217,837.5135135135135
889.4324324324324,837.2702702702703
889.2432432432432,837.027027027027
889.0540540540541,836.7837837837837
888.8648648648649,836.5405405405405
888.6756756756756,836.2972972972973
