x,y
610.0,489.0
609.0,490.0
609.0,489.0
609.0,486.0
612.0,482.0
612.0,483.0
610.0,486.0
607.0,489.0
607.0,489.0
607.0,488.0
607.0,488.0
607.0,489.0
608.0,489.0
610.0,489.0
611.0,488.0
612.0,484.0
610.0,486.0
608.0,489.0
607.0,490.0
606.0,490.0
606.0,490.0
606.0,490.0
606.0,490.0
610.0,489.0
607.0,489.0
606.0,490.0
605.0,490.0
605.0,490.0
603.0,491.0
603.0,492.0
602.0,492.0
603.0,492.0
602.0,493.0
603.0,493.0
602.0,494.0
602.0,494.0
602.0,494.0
603.0,494.0
603.0,494.0
603.0,494.0
603.0,494.0
603.0,494.0
603.0,494.0
603.0,495.0
603.0,496.0
606.0,497.0
606.0,496.0
605.0,497.0
606.0,496.0
606.0,497.0
606.0,496.0
606.0,497.0
606.0,497.0
607.0,497.0
606.0,498.0
606.0,497.0
607.0,498.0
606.0,498.0
606.0,498.0
608.0,499.0
608.0,498.0
608.0,497.0
609.0,498.0
608.0,497.0
608.0,498.0
608.0,499.0
609.0,499.0
610.0,499.0
610.0,498.0
609.0,497.0
609.0,498.0
609.0,498.0
609.0,498.0
609.0,498.0
608.0,498.0
608.0,498.0
609.0,498.0
608.0,498.0
608.0,498.0
609.0,498.0
609.0,498.0
611.0,498.0
612.0,497.0
612.0,496.0
612.0,496.0
612.0,496.0
612.0,496.0
611.0,499.0
612.0,498.0
612.0,497.0
612.0,497.0
613.0,497.0
614.0,495.0
614.0,495.0
615.0,489.0
617.0,488.0
616.0,488.0
615.0,488.0
614.0,486.0
614.0,485.0
