x,y
1704.0,122.0
1704.0,122.0
1704.0,122.0
1704.0,122.0
1704.0,122.0
1705.0,121.0
1705.0,122.0
1705.0,122.0
1704.0,121.0
1704.0,121.0
1705.0,120.0
1705.0,119.0
1705.0,119.0
1705.0,119.0
1705.0,120.0
1705.0,119.0
1705.0,119.0
1704.0,119.0
1704.0,120.0
1704.0,120.0
1705.0,120.0
1705.0,120.0
1704.0,120.0
1704.0,120.0
1704.0,120.0
1705.0,119.0
1705.0,119.0
1705.0,119.0
1704.0,119.0
1704.0,119.0
1704.0,119.0
1705.0,118.0
1705.0,117.0
1706.0,116.0
1705.0,115.0
1706.0,117.0
1703.0,121.0
1701.0,120.0
1701.0,119.0
1707.0,120.0
1712.0,117.0
1720.0,109.0
1728.0,108.0
1723.0,108.0
1722.0,106.0
1719.0,106.0
1714.0,96.0
1713.0,107.0
1704.0,125.0
1692.0,132.0
1676.0,131.0
1650.0,120.0
1621.0,125.0
1588.0,133.0
1564.0,145.0
1543.0,153.0
1525.0,158.0
1507.0,162.0
1497.0,177.0
1486.0,201.0
1491.0,229.0
1512.0,258.0
1539.0,287.0
1568.0,332.0
1581.0,364.0
1576.0,392.0
1566.0,412.0
1556.0,421.0
1545.0,431.0
1547.0,451.0
1564.0,483.0
1579.0,512.0
1580.0,534.0
1574.0,544.0
1566.0,552.0
1562.0,556.0
1556.0,562.0
1545.0,572.0
1541.0,571.0
1541.0,576.0
1537.0,577.0
1528.0,579.0
1521.0,573.0
1514.0,573.0
1510.0,578.0
1508.0,578.0
1504.0,577.0
1502.0,576.0
1498.0,578.0
1497.0,578.0
1495.0,578.0
1495.0,578.0
1495.0,578.0
1495.0,578.0
1495.0,577.0
1495.0,577.0
1494.0,576.0
1493.0,576.0
1493.0,576.0
1493.0,575.0
