x,y
917.0,586.0
916.0,586.0
916.0,586.0
916.0,586.0
916.0,586.0
916.0,585.0
913.0,585.0
913.0,585.0
913.0,584.0
912.0,584.0
912.0,584.0
915.0,581.0
912.0,583.0
913.0,581.0
912.0,581.0
913.0,581.0
913.0,581.0
912.0,581.0
913.0,581.0
913.0,581.0
913.0,581.0
910.0,580.0
906.0,582.0
905.0,582.0
905.0,582.0
904.0,582.0
904.0,583.0
902.0,583.0
903.0,582.0
903.0,583.0
904.0,585.0
904.0,586.0
904.0,586.0
904.0,586.0
903.0,586.0
903.0,586.0
903.0,586.0
903.0,586.0
903.0,586.0
903.0,586.0
903.0,586.0
902.0,586.0
903.0,587.0
903.0,588.0
903.0,588.0
902.0,587.0
902.0,587.0
902.0,587.0
903.0,588.0
903.0,587.0
903.0,588.0
903.0,588.0
903.0,589.0
904.0,589.0
902.0,588.0
902.0,588.0
902.0,588.0
902.0,587.0
902.0,587.0
902.0,588.0
902.0,588.0
902.0,589.0
902.0,589.0
902.0,589.0
902.0,587.0
903.0,587.0
903.0,587.0
902.0,585.0
902.0,586.0
903.0,586.0
904.0,584.0
902.0,587.0
903.0,588.0
903.0,587.0
907.0,587.0
907.0,586.0
903.0,587.0
908.0,588.0
908.0,587.0
907.0,584.0
904.0,579.0
896.0,568.0
875.0,546.0
871.0,533.0
867.0,512.0
864.0,485.0
865.0,450.0
874.0,418.0
885.0,380.0
890.0,366.0
897.0,357.0
906.0,352.0
913.0,353.0
914.0,353.0
916.0,353.0
923.0,354.0
925.0,355.0
929.0,353.0
925.0,353.0
926.0,356.0
