x,y
890.0,484.0
892.0,482.0
897.0,480.0
890.0,483.0
889.0,485.0
889.0,484.0
894.0,487.0
887.0,485.0
892.0,488.0
891.0,488.0
890.0,488.0
891.0,488.0
889.0,488.0
889.0,488.0
889.0,488.0
887.0,486.0
888.0,489.0
889.0,488.0
889.0,488.0
888.0,489.0
889.0,489.0
888.0,489.0
888.0,490.0
888.0,489.0
888.0,489.0
888.0,488.0
886.0,487.0
885.0,486.0
884.0,484.0
884.0,486.0
883.0,485.0
884.0,485.0
883.0,484.0
883.0,484.0
882.0,484.0
883.0,483.0
882.0,484.0
882.0,484.0
882.0,484.0
882.0,483.0
878.0,485.0
879.0,485.0
878.0,485.0
879.0,482.0
877.0,484.0
877.0,485.0
877.0,485.0
878.0,485.0
879.0,485.0
878.0,484.0
878.0,484.0
879.0,484.0
879.0,484.0
879.0,484.0
878.0,484.0
878.0,484.0
878.0,484.0
877.0,484.0
877.0,484.0
877.0,484.0
877.0,484.0
878.0,484.0
877.0,484.0
877.0,484.0
876.0,484.0
876.0,483.0
875.0,482.0
875.0,483.0
874.0,483.0
873.0,483.0
873.0,482.0
872.0,482.0
873.0,482.0
873.0,482.0
873.0,481.0
872.0,481.0
873.0,480.0
873.0,480.0
872.0,480.0
872.0,480.0
872.0,480.0
871.0,479.0
869.0,480.0
869.0,479.0
869.0,479.0
867.0,477.0
867.0,476.0
869.0,478.0
867.0,476.0
867.0,476.0
868.0,476.0
867.0,477.0
867.0,476.0
867.0,476.0
867.0,476.0
867.0,475.0
869.0,476.0
869.0,479.0
868.0,477.0
868.0,476.0
