x,y
446.0,793.0
445.0,792.0
446.0,792.0
446.0,792.0
446.0,792.0
445.0,792.0
445.0,792.0
444.0,792.0
444.0,792.0
445.0,793.0
445.0,793.0
445.0,793.0
447.0,790.0
449.0,790.0
447.0,793.0
446.0,795.0
445.0,794.0
446.0,793.0
445.0,792.0
446.0,789.0
446.0,787.0
446.0,787.0
446.0,787.0
446.0,788.0
447.0,787.0
446.0,789.0
447.0,790.0
447.0,790.0
447.0,790.0
447.0,789.0
447.0,789.0
447.0,789.0
450.0,786.0
446.0,791.0
446.0,792.0
447.0,791.0
448.0,786.0
448.0,784.0
445.0,784.0
444.0,785.0
445.0,786.0
443.0,785.0
444.0,786.0
442.0,784.0
445.0,777.0
446.0,782.0
446.0,782.0
448.0,782.0
449.0,782.0
449.0,782.0
449.0,782.0
449.0,781.0
449.0,781.0
449.0,781.0
449.0,782.0
444.0,779.0
449.0,782.0
450.0,781.0
450.0,781.0
449.0,781.0
442.0,780.0
442.0,780.0
442.0,780.0
443.0,780.0
443.0,780.0
443.0,779.0
444.0,779.0
443.0,779.0
444.0,778.0
445.0,778.0
445.0,777.0
445.0,776.0
445.0,777.0
446.0,776.0
446.0,777.0
445.0,779.0
445.0,779.0
446.0,776.0
445.0,777.0
443.0,777.0
444.0,772.0
446.0,770.0
446.0,769.0
443.0,768.0
443.0,767.0
444.0,768.0
443.0,768.0
444.0,767.0
443.0,767.0
443.0,767.0
444.0,767.0
444.0,767.0
444.0,766.0
443.0,767.0
443.0,767.0
443.0,767.0
443.0,767.0
444.0,766.0
438.0,778.0
427.6666666666667,775.6666666666666
