x,y
1221.0,744.0
1221.0,744.0
1220.0,744.0
1219.0,744.0
1220.0,743.0
1221.0,744.0
1220.0,744.0
1220.0,743.0
1221.0,743.0
1221.0,743.0
1221.0,743.0
1221.0,743.0
1221.0,743.0
1221.0,743.0
1221.0,743.0
1221.0,743.0
1221.0,743.0
1221.0,743.0
1221.0,743.0
1221.0,742.0
1221.0,742.0
1221.0,743.0
1221.0,743.0
1222.0,743.0
1222.0,742.0
1223.0,742.0
1224.0,742.0
1226.0,741.0
1225.0,741.0
1225.0,741.0
1226.0,741.0
1226.0,741.0
1226.0,741.0
1226.0,742.0
1226.0,742.0
1226.0,742.0
1226.0,742.0
1226.0,742.0
1226.0,742.0
1226.0,742.0
1226.0,742.0
1226.0,742.0
1227.0,742.0
1226.0,742.0
1227.0,742.0
1227.0,742.0
1227.0,742.0
1227.0,743.0
1227.0,748.0
1227.0,746.0
1227.0,748.0
1228.0,745.0
1228.0,747.0
1228.0,746.0
1228.0,746.0
1228.0,747.0
1228.0,747.0
1227.0,746.0
1228.0,746.0
1227.0,747.0
1228.0,746.0
1228.0,746.0
1228.0,746.0
1228.0,746.0
1228.0,746.0
1229.0,746.0
1228.0,746.0
1228.0,746.0
1228.0,747.0
1228.0,747.0
1228.0,747.0
1230.0,748.0
1230.0,748.0
1231.0,749.0
1231.0,749.0
1232.0,749.0
1232.0,748.0
1232.0,749.0
1235.0,750.0
1237.0,748.0
1236.0,749.0
1233.0,751.0
1235.0,750.0
1232.0,752.0
1235.0,750.0
1235.0,750.0
1232.0,751.0
1234.0,751.0
1234.0,751.0
1234.0,751.0
1235.0,750.0
1235.0,749.0
1235.0,749.0
1236.0,750.0
1231.0,750.0
1233.0,751.0
1233.0,752.0
1235.0,752.0
1233.0,752.0
1233.0,752.0
