x,y
1639.0,564.0
1640.0,564.0
1640.0,565.0
1639.0,564.0
1643.0,559.0
1641.0,564.0
1640.0,565.0
1638.0,564.0
1638.0,566.0
1638.0,566.0
1639.0,566.0
1640.0,565.0
1642.0,565.0
1642.0,565.0
1645.0,566.0
1646.0,567.0
1646.0,570.0
1650.0,567.0
1650.0,564.0
1655.0,571.0
1652.0,567.0
1652.0,569.0
1650.0,576.0
1649.0,577.0
1651.0,571.0
1650.0,571.0
1649.0,571.0
1650.0,571.0
1649.0,571.0
1649.0,571.0
1648.0,573.0
1648.0,573.0
1648.0,573.0
1648.0,574.0
1649.0,574.0
1649.0,574.0
1650.0,573.0
1652.0,571.0
1648.0,576.0
1648.0,577.0
1649.0,573.0
1650.0,573.0
1649.0,573.0
1648.0,577.0
1648.0,577.0
1647.0,578.0
1650.0,572.0
1648.0,572.0
1647.0,578.0
1647.0,577.0
1647.0,577.0
1649.0,571.0
1647.0,577.0
1649.0,573.0
1649.0,573.0
1650.0,573.0
1650.0,574.0
1653.0,576.0
1655.0,576.0
1654.0,576.0
1655.0,576.0
1655.0,577.0
1654.0,579.0
1654.0,578.0
1655.0,576.0
1654.0,573.0
1654.0,572.0
1654.0,572.0
1654.0,571.0
1654.0,571.0
1653.0,573.0
1654.0,574.0
1654.0,574.0
1655.0,571.0
1656.0,572.0
1656.0,573.0
1659.0,573.0
1660.0,574.0
1661.0,575.0
1662.0,575.0
1662.0,576.0
1663.0,575.0
1666.0,571.0
1666.0,572.0
1668.0,571.0
1669.0,570.0
1674.0,579.0
1676.0,580.0
1677.0,581.0
1678.0,582.0
1678.0,582.0
1678.0,581.0
1677.0,583.0
1678.0,579.0
1679.0,578.0
1680.0,576.0
1682.0,578.0
1682.0,577.0
1682.0,576.0
1683.0,576.0
