x,y
461.0,916.0
460.0,915.0
460.0,915.0
462.0,915.0
462.0,916.0
462.0,915.0
462.0,915.0
464.0,913.0
462.0,916.0
463.0,912.0
463.0,912.0
463.0,912.0
460.0,915.0
459.0,915.0
460.0,915.0
460.0,912.0
461.0,914.0
463.0,914.0
462.0,914.0
462.0,914.0
462.0,914.0
464.0,915.0
465.0,912.0
464.0,912.0
464.0,912.0
465.0,913.0
464.0,913.0
464.0,913.0
464.0,913.0
466.0,913.0
465.0,912.0
465.0,912.0
466.0,912.0
465.0,912.0
467.0,912.0
467.0,912.0
467.0,914.0
467.0,914.0
468.0,913.0
467.0,913.0
466.0,913.0
465.0,913.0
463.0,913.0
465.0,910.0
457.0,930.0
434.0,935.0
422.0,945.0
420.0,945.0
426.0,932.0
443.0,919.0
461.0,895.0
468.0,863.0
468.0,822.0
464.0,773.0
466.0,721.0
466.0,667.0
461.0,603.0
482.0,551.0
491.0,491.0
519.0,457.0
562.0,424.0
588.0,397.0
628.0,385.0
642.0,360.0
664.0,347.0
690.0,351.0
702.0,357.0
716.0,360.0
725.0,369.0
738.0,362.0
748.0,355.0
762.0,345.0
767.0,327.0
774.0,310.0
780.0,310.0
783.0,303.0
790.0,296.0
799.0,291.0
813.0,294.0
826.0,291.0
840.0,294.0
851.0,292.0
856.0,291.0
859.0,293.0
872.0,289.0
882.0,292.0
885.0,300.0
894.0,304.0
894.0,306.0
899.0,305.0
896.0,306.0
892.0,311.0
888.0,317.0
895.0,317.0
901.0,319.0
890.0,321.0
888.0,324.0
885.0,326.0
884.0,328.0
880.0,332.0
