x,y
938.0,722.0
929.0,729.0
916.0,730.0
909.0,726.0
894.0,720.0
896.0,720.0
893.0,723.0
891.0,725.0
896.0,748.0
894.0,750.0
893.3333333333334,750.3333333333334
892.6666666666666,750.6666666666666
892.0,751.0
893.0,751.0
894.0,749.0
895.0,749.0
894.4285714285714,748.8571428571429
893.8571428571429,748.7142857142857
893.2857142857143,748.5714285714286
892.7142857142857,748.4285714285714
892.1428571428571,748.2857142857143
891.5714285714286,748.1428571428571
891.0,748.0
891.25,748.5
891.5,749.0
891.75,749.5
892.0,750.0
892.1428571428571,749.7142857142857
892.2857142857143,749.4285714285714
892.4285714285714,749.1428571428571
892.5714285714286,748.8571428571429
892.7142857142857,748.5714285714286
892.8571428571429,748.2857142857143
893.0,748.0
893.1875,748.0
893.375,748.0
893.5625,748.0
893.75,748.0
893.9375,748.0
894.125,748.0
894.3125,748.0
894.5,748.0
894.6875,748.0
894.875,748.0
895.0625,748.0
895.25,748.0
895.4375,748.0
895.625,748.0
895.8125,748.0
896.0,748.0
895.0,749.0
895.0,749.0
896.0,748.0
895.0,748.0
895.0,747.0
895.0,747.0
894.0,747.0
895.0,747.0
894.0,748.0
894.0,748.0
895.0,748.0
895.5555555555555,746.0370370370371
896.1111111111111,744.074074074074
896.6666666666666,742.1111111111111
897.2222222222222,740.1481481481482
897.7777777777778,738.1851851851852
898.3333333333334,736.2222222222222
898.8888888888889,734.2592592592592
899.4444444444445,732.2962962962963
900.0,730.3333333333334
900.5555555555555,728.3703703703703
901.1111111111111,726.4074074074074
901.6666666666666,724.4444444444445
902.2222222222222,722.4814814814815
902.7777777777778,720.5185185185185
903.3333333333334,718.5555555555555
903.8888888888889,716.5925925925926
904.4444444444445,714.6296296296297
905.0,712.6666666666666
905.5555555555555,710.7037037037037
906.1111111111111,708.7407407407408
906.6666666666666,706.7777777777778
907.2222222222222,704.8148148148148
907.7777777777778,702.8518518518518
908.3333333333334,700.8888888888889
908.8888888888889,698.9259259259259
909.4444444444445,696.9629629629629
910.0,695.0
909.0,698.0
892.5,700.0
876.0,702.0
855.4,718.8
834.8,735.6
814.2,752.4
793.6,769.2
773.0,786.0
744.0,818.0
704.0,844.0
656.0,860.0
608.0,871.0
