x,y
1837.0,354.0
1814.0,302.0
1819.0,211.0
1790.0,188.0
1769.0,200.0
1750.0,253.0
1746.0,343.0
1761.0,445.0
1774.0,524.0
1769.0,558.0
1740.0,537.0
1697.0,508.0
1677.0,530.0
1704.0,599.0
1743.0,688.0
1748.0,792.0
1707.0,862.0
1624.0,899.0
1538.0,901.0
1446.0,896.0
1387.0,940.0
1385.0,1012.0
1382.0,1018.25
1379.0,1024.5
1376.0,1030.75
1373.0,1037.0
1370.0,1043.25
1367.0,1049.5
1364.0,1055.75
1361.0,1062.0
1333.0,1059.0
1304.0,1064.0
1280.0,1062.0
1269.0,1057.0
1266.0,1061.0
1269.0,1057.0
1271.0,1051.0
1264.0,1047.0
1262.0,1042.0
1267.0,1009.0
1265.0,998.0
1274.0,993.0
1273.0,984.0
1265.0,966.0
1251.0,951.0
1220.0,960.0
1182.0,983.0
1142.0,999.0
1105.0,1003.0
1075.0,990.0
1041.0,970.0
1006.0,962.0
967.0,973.0
932.0,983.0
894.0,980.0
861.0,963.0
837.0,956.0
803.0,962.0
764.0,986.0
728.0,1015.0
688.0,1024.0
685.0,1005.0
693.0,994.0
702.0,978.0
715.0,958.0
706.0,958.0
683.0,970.0
638.0,988.0
592.0,1011.0
541.0,996.0
505.0,946.0
462.0,909.0
417.0,885.0
370.0,864.0
321.0,854.0
276.0,864.0
233.0,881.0
207.0,893.0
204.0,880.0
215.0,873.0
232.0,862.0
264.0,852.0
294.0,845.0
315.0,835.0
318.0,828.0
318.0,828.0
334.0,839.0
363.0,859.0
382.0,868.0
396.0,856.0
411.0,837.0
420.0,826.0
432.0,834.0
447.0,867.0
465.0,931.0
484.0,977.0
511.0,1001.0
535.0,1011.0
532.0,1038.0
498.0,1066.0
