x,y
1886.0,874.0
1888.0,885.0
1887.0,884.0
1887.0,885.0
1886.0,884.0
1884.0,879.0
1884.0,877.0
1884.0,877.0
1884.0,877.0
1883.0,877.0
1884.0,877.0
1883.0,877.0
1883.0,877.0
1883.0,877.0
1883.0,877.0
1883.0,877.0
1883.0,877.0
1882.0,877.0
1882.0,876.0
1882.0,876.0
1882.0,876.0
1882.0,876.0
1883.0,876.0
1882.0,876.0
1881.0,875.0
1882.0,876.0
1880.0,874.0
1879.0,874.0
1881.0,874.0
1879.0,874.0
1879.0,873.0
1879.0,873.0
1880.0,873.0
1880.0,872.0
1879.0,872.0
1879.0,873.0
1880.0,872.0
1880.0,871.0
1886.0,845.0
1886.0,846.0
1887.0,845.0
1887.0,845.0
1887.0,845.0
1887.0,845.0
1887.0,845.0
1887.0,845.0
1887.0,844.0
1888.0,845.0
1887.0,845.0
1888.0,845.0
1890.0,843.0
1892.0,843.0
1894.0,846.0
1896.0,846.0
1893.0,844.0
1895.0,846.0
1895.0,845.0
1894.0,845.0
1894.0,845.0
1895.0,845.0
1895.0,845.0
1895.0,845.0
1895.0,845.0
1895.0,845.0
1895.0,844.0
1894.0,845.0
1895.0,845.0
1894.0,845.0
1895.0,845.0
1897.0,845.0
1897.0,845.0
1897.0,845.0
1897.0,845.0
1896.0,845.0
1896.0,845.0
1897.0,846.0
1897.0,846.0
1897.0,846.0
1896.0,845.0
1897.0,846.0
1898.0,846.0
1897.0,846.0
1898.0,846.0
1898.0,847.0
1898.0,846.0
1899.0,848.0
1898.0,847.0
1899.0,848.0
1899.0,849.0
1898.0,850.0
1898.0,849.0
1898.0,849.0
1898.0,849.0
1897.0,848.0
1897.0,849.0
1898.0,848.0
1898.0,848.0
1898.0,848.0
1898.0,850.0
1899.0,851.0
