x,y
561.0,399.0
561.0,400.0
562.0,400.0
561.0,400.0
562.0,401.0
562.0,401.0
563.0,401.0
563.0,402.0
563.0,402.0
564.0,402.0
564.0,402.0
564.0,402.0
563.0,402.0
563.0,402.0
564.0,402.0
564.0,402.0
563.0,402.0
564.0,402.0
564.0,402.0
562.0,402.0
563.0,402.0
562.0,402.0
563.0,402.0
566.0,403.0
567.0,404.0
569.0,404.0
568.0,403.0
568.0,403.0
567.0,404.0
570.0,403.0
569.0,404.0
568.0,404.0
569.0,403.0
571.0,403.0
572.0,403.0
572.0,403.0
573.0,403.0
574.0,403.0
572.0,403.0
572.0,404.0
569.0,402.0
570.0,402.0
570.0,402.0
573.0,403.0
573.0,403.0
574.0,402.0
574.0,403.0
574.0,403.0
574.0,403.0
576.0,404.0
575.0,404.0
575.0,404.0
576.0,404.0
575.0,404.0
574.0,404.0
575.0,405.0
576.0,404.0
577.0,405.0
576.0,404.0
575.0,404.0
576.0,404.0
577.0,404.0
580.0,402.0
579.0,402.0
579.0,401.0
580.0,401.0
580.0,400.0
581.0,400.0
581.0,399.0
580.0,398.0
580.0,396.0
581.0,397.0
581.0,397.0
581.0,397.0
581.0,398.0
581.0,397.0
582.0,397.0
581.0,397.0
582.0,397.0
582.0,397.0
581.0,396.0
581.0,397.0
582.0,398.0
582.0,398.0
582.0,396.0
583.0,395.0
584.0,395.0
584.0,394.0
584.0,394.0
586.0,395.0
585.0,395.0
587.0,395.0
587.0,394.0
585.0,393.0
586.0,392.0
583.0,393.0
584.0,393.0
585.0,394.0
584.0,394.0
585.0,394.0
