x,y
578.0,405.0
578.0,407.0
579.0,405.0
580.0,405.0
579.0,405.0
578.0,407.0
578.0,407.0
578.0,407.0
579.0,405.0
577.0,407.0
578.0,406.0
578.0,406.0
578.0,406.0
578.0,406.0
577.0,408.0
577.0,407.0
576.0,408.0
576.0,408.0
575.0,407.0
575.0,407.0
574.0,407.0
575.0,407.0
574.0,407.0
575.0,406.0
575.0,407.0
575.0,408.0
575.0,408.0
575.0,408.0
575.0,409.0
574.0,410.0
574.0,410.0
574.0,410.0
574.0,410.0
573.0,410.0
574.0,409.0
575.0,408.0
574.0,408.0
574.0,409.0
573.0,410.0
573.0,411.0
573.0,411.0
572.0,412.0
573.0,412.0
573.0,411.0
572.0,411.0
572.0,411.0
572.0,412.0
573.0,412.0
572.0,412.0
572.0,412.0
572.0,413.0
572.0,413.0
571.0,415.0
574.0,411.0
572.0,415.0
572.0,417.0
571.0,417.0
572.0,417.0
571.0,418.0
571.0,418.0
570.0,418.0
570.0,419.0
571.0,420.0
571.0,421.0
572.0,421.0
571.0,422.0
570.0,424.0
570.0,424.0
570.0,424.0
569.0,424.0
569.0,425.0
570.0,424.0
571.0,424.0
571.0,425.0
572.0,426.0
573.0,425.0
573.0,425.0
572.0,425.0
573.0,425.0
574.0,427.0
573.0,427.0
573.0,427.0
572.0,426.0
574.0,427.0
573.0,426.0
574.0,426.0
573.0,426.0
573.0,426.0
574.0,427.0
573.0,427.0
573.0,427.0
574.0,427.0
574.0,426.0
574.0,427.0
574.0,427.0
573.0,427.0
574.0,427.0
574.0,427.0
573.0,427.0
574.0,427.0
