x,y
813.0,271.0
801.0,282.0
796.0,295.0
774.0,319.0
752.0,343.0
749.0,350.0
740.0,357.0
727.0,363.0
724.0,359.0
731.0,358.0
732.0,359.0
735.0,358.0
739.0,357.0
741.0,355.0
746.0,356.0
745.0,356.0
752.0,352.0
749.0,361.0
751.0,358.0
754.0,356.0
755.0,359.0
757.0,359.0
754.0,354.0
757.0,360.0
764.0,358.0
764.0,365.0
765.0,363.0
774.0,372.0
774.0,374.0
774.0,376.0
770.0,376.0
769.0,376.0
769.0,377.0
767.0,378.0
767.0,379.0
768.0,378.0
770.0,379.0
774.0,384.0
773.0,388.0
774.0,386.0
774.0,388.0
777.0,396.0
777.0,394.0
775.0,395.0
776.0,393.0
777.0,394.0
777.0,394.0
779.0,395.0
781.0,395.0
778.0,396.0
781.0,395.0
778.0,386.0
778.0,386.0
779.0,386.0
779.0,387.0
779.0,387.0
778.0,387.0
783.0,392.0
781.0,394.0
782.0,392.6666666666667
783.0,391.3333333333333
784.0,390.0
780.0,388.0
778.0,387.0
777.0,388.0
780.0,388.0
781.5,392.5
783.0,397.0
784.5,401.5
786.0,406.0
786.0,405.0
786.0,405.0
785.0,400.75
784.0,396.5
783.0,392.25
782.0,388.0
780.0,388.0
783.0,388.0
784.0,388.0
782.0,387.0
779.0,387.0
781.0,388.0
784.0,388.0
784.0,388.0
783.0,388.0
780.0,388.0
783.0,388.0
784.0,389.0
781.0,388.0
781.0,388.0
780.0,389.0
781.5,393.25
783.0,397.5
784.5,401.75
786.0,406.0
781.0,389.0
781.0,389.0
781.0,389.0
781.0,389.0
782.5882352941177,388.7843137254902
