x,y
149.0,791.0
149.0,791.0
149.0,791.0
149.0,791.0
147.0,790.0
149.0,791.0
148.0,790.0
148.0,790.0
146.0,787.0
143.0,791.0
147.0,785.0
146.0,783.0
146.0,783.0
147.0,783.0
147.0,783.0
147.0,783.0
146.0,783.0
147.0,783.0
147.0,784.0
147.0,784.0
147.0,784.0
147.0,784.0
143.0,787.0
143.0,787.0
143.0,787.0
143.0,787.0
143.0,788.0
143.0,788.0
143.0,787.0
148.0,784.0
148.0,783.0
148.0,783.0
147.0,783.0
147.0,784.0
147.0,784.0
146.0,785.0
142.0,786.0
148.0,784.0
148.0,785.0
138.0,786.0
140.0,784.0
125.0,788.0
112.0,789.0
103.0,779.0
98.0,780.0
82.0,776.0
61.0,779.0
34.0,785.0
10.0,794.0
