x,y
984.0,936.0
989.0,928.0
986.0,928.0
988.0,928.0
986.0,934.0
988.0,928.0
987.0,933.0
986.0,927.0
986.0,933.0
986.0,933.0
987.0,931.0
986.0,926.0
980.0,924.0
982.0,923.0
981.0,924.0
985.0,924.0
984.0,923.0
985.0,923.0
985.0,924.0
982.0,925.0
979.0,922.0
979.0,924.0
980.0,924.0
978.0,924.0
978.0,923.0
975.0,921.0
973.0,918.0
976.0,917.0
974.0,912.0
975.0,910.0
974.0,911.0
975.0,909.0
975.0,906.0
975.0,905.0
977.0,901.0
977.0,900.0
979.0,899.0
980.0,899.0
981.0,899.0
982.0,897.0
983.0,896.0
981.0,896.0
984.0,898.0
984.0,898.0
985.0,899.0
985.0,898.0
986.0,898.0
987.0,898.0
987.0,898.0
987.0,898.0
987.0,898.0
986.0,898.0
987.0,898.0
987.0,898.0
989.0,899.0
988.0,897.0
989.0,896.0
988.0,896.0
990.0,896.0
990.0,898.0
989.0,898.0
990.0,898.0
991.0,898.0
991.0,897.0
992.0,898.0
991.0,900.0
990.0,899.0
992.0,892.0
993.0,892.0
993.0,893.0
993.0,893.0
993.0,892.0
993.0,893.0
992.0,901.0
991.0,900.0
992.0,901.0
992.0,901.0
992.0,901.0
992.0,902.0
992.0,902.0
992.0,904.0
994.0,903.0
990.0,905.0
992.0,899.0
989.0,904.0
992.0,902.0
992.0,901.0
991.0,902.0
991.0,901.0
991.0,901.0
991.0,900.0
991.0,900.0
993.0,902.0
994.0,904.0
994.0,905.0
994.0,906.0
994.0,905.0
995.0,904.0
994.0,905.0
994.0,905.0
