x,y
575.0,426.0
574.0,426.0
575.0,426.0
575.0,428.0
577.0,427.0
578.0,429.0
578.0,428.0
580.0,429.0
581.0,427.0
582.0,428.0
580.0,431.0
580.0,430.0
581.0,426.0
579.0,430.0
580.0,430.0
582.0,428.0
582.0,427.0
582.0,427.0
582.0,427.0
583.0,426.0
582.0,425.0
582.0,426.0
582.0,426.0
582.0,426.0
583.0,426.0
583.0,427.0
584.0,425.0
584.0,426.0
583.0,426.0
582.0,425.0
582.0,426.0
582.0,426.0
581.0,430.0
582.0,430.0
582.0,431.0
583.0,431.0
583.0,431.0
582.0,431.0
581.0,430.0
582.0,430.0
581.0,431.0
581.0,432.0
580.0,432.0
581.0,432.0
582.0,432.0
583.0,433.0
583.0,434.0
582.0,433.0
583.0,433.0
583.0,433.0
584.0,432.0
585.0,433.0
586.0,431.0
586.0,430.0
587.0,430.0
587.0,429.0
589.0,428.0
589.0,427.0
590.0,428.0
589.0,427.0
589.0,427.0
588.0,427.0
588.0,427.0
589.0,426.0
590.0,426.0
589.0,426.0
588.0,427.0
588.0,425.0
588.0,423.0
588.0,424.0
588.0,422.0
588.0,422.0
587.0,422.0
587.0,422.0
588.0,422.0
587.0,423.0
586.0,423.0
586.0,423.0
587.0,423.0
587.0,423.0
587.0,423.0
587.0,423.0
588.0,423.0
588.0,422.0
588.0,422.0
588.0,422.0
588.0,422.0
588.0,422.0
588.0,422.0
588.0,422.0
588.0,422.0
588.0,421.0
589.0,421.0
587.0,421.0
587.0,422.0
587.0,422.0
587.0,422.0
588.0,422.0
586.0,422.0
586.0,421.0
