x,y
1106.0,685.0
1107.0,684.0
1108.0,686.0
1109.0,687.0
1109.0,687.0
1109.0,687.0
1109.0,687.0
1110.0,687.0
1110.0,688.0
1109.0,686.0
1110.0,686.0
1111.0,687.0
1111.0,686.0
1112.0,687.0
1112.0,687.0
1115.0,689.0
1115.0,689.0
1115.0,690.0
1113.0,688.0
1112.0,687.0
1115.0,690.0
1112.0,688.0
1110.0,683.0
1111.0,688.0
1112.0,688.0
1112.0,687.0
1112.0,688.0
1115.0,691.0
1113.0,688.0
1112.0,688.0
1112.0,688.0
1112.0,688.0
1112.0,688.0
1112.0,688.0
1112.0,688.0
1112.0,688.0
1112.0,688.0
1112.0,688.0
1112.0,689.0
1112.0,689.0
1112.0,689.0
1112.0,688.0
1113.0,688.0
1113.0,688.0
1113.0,688.0
1112.0,688.0
1112.0,688.0
1112.0,688.0
1112.0,688.0
1115.0,690.0
1115.0,690.0
1116.0,690.0
1115.0,691.0
1116.0,692.0
1116.0,692.0
1116.0,691.0
1115.0,691.0
1116.0,690.0
1115.0,689.0
1116.0,690.0
1115.0,690.0
1116.0,689.0
1115.0,689.0
1116.0,689.0
1116.0,688.0
1117.0,688.0
1117.0,687.0
1117.0,687.0
1118.0,687.0
1117.0,687.0
1117.0,687.0
1117.0,687.0
1117.0,687.0
1117.0,688.0
1117.0,687.0
1117.0,688.0
1117.0,687.0
1117.0,687.0
1117.0,687.0
1117.0,687.0
1117.0,687.0
1117.0,687.0
1117.0,687.0
1117.0,687.0
1117.0,687.0
1117.0,687.0
1117.0,687.0
1117.0,687.0
1118.0,687.0
1118.0,688.0
1118.0,688.0
1118.0,688.0
1117.0,688.0
1118.0,688.0
1120.0,688.0
1120.0,687.0
1120.0,685.0
1119.0,685.0
1119.0,685.0
1119.0,685.0
