x,y
506.0,214.0
504.0,213.0
506.0,214.0
503.0,213.0
504.0,213.0
508.0,211.0
507.0,213.0
505.0,214.0
505.0,213.0
505.0,213.0
504.0,213.0
502.0,210.0
499.0,209.0
497.0,209.0
498.0,209.0
497.0,207.0
496.0,207.0
494.0,209.0
495.0,207.0
494.0,210.0
495.0,210.0
500.0,214.0
501.0,216.0
503.0,218.0
503.0,219.0
503.0,219.0
501.0,217.0
503.0,219.0
503.0,219.0
504.0,219.0
504.0,221.0
504.0,222.0
504.0,223.0
504.0,222.0
503.0,223.0
504.0,222.0
504.0,223.0
503.0,221.0
504.0,220.0
504.0,220.0
503.0,219.0
504.0,219.0
504.0,220.0
504.0,221.0
504.0,221.0
505.0,220.0
504.0,220.0
504.0,219.0
503.0,219.0
504.0,218.0
503.0,218.0
503.0,218.0
504.0,219.0
505.0,220.0
505.0,220.0
506.0,220.0
506.0,221.0
506.0,221.0
505.0,220.0
505.0,221.0
505.0,220.0
506.0,220.0
506.0,221.0
506.0,222.0
506.0,221.0
506.0,222.0
505.0,221.0
506.0,221.0
506.0,220.0
506.0,220.0
506.0,220.0
505.0,221.0
505.0,220.0
504.0,220.0
505.0,220.0
503.0,219.0
502.0,211.0
502.0,210.0
502.0,211.0
502.0,211.0
503.0,211.0
503.0,219.0
504.0,221.0
505.0,220.0
505.0,220.0
505.0,219.0
506.0,219.0
507.0,218.0
507.0,217.0
506.0,217.0
506.0,217.0
507.0,217.0
507.0,217.0
506.0,216.0
502.0,207.0
502.0,207.0
502.0,206.0
501.0,206.0
501.0,206.0
501.0,206.0
