x,y
1618.0,534.0
1618.0,534.0
1619.0,534.0
1619.0,535.0
1618.0,535.0
1622.0,535.0
1621.0,535.0
1617.0,536.0
1620.0,534.0
1620.0,534.0
1619.0,534.0
1617.0,532.0
1618.0,533.0
1618.0,533.0
1618.0,533.0
1618.0,532.0
1618.0,532.0
1619.0,533.0
1619.0,533.0
1619.0,533.0
1618.0,532.0
1618.0,532.0
1618.0,532.0
1618.0,532.0
1618.0,532.0
1618.0,532.0
1617.0,532.0
1617.0,532.0
1618.0,532.0
1618.0,532.0
1618.0,532.0
1617.0,531.0
1619.0,531.0
1620.0,532.0
1621.0,531.0
1621.0,531.0
1621.0,531.0
1621.0,531.0
1621.0,530.0
1621.0,531.0
1620.0,528.0
1621.0,531.0
1620.0,530.0
1620.5,531.0
1621.0,532.0
1620.0,529.0
1620.0,527.0
1620.0,527.0
1620.0,526.0
1620.0,527.0
1620.0,526.0
1619.0,522.0
1619.6666666666667,522.6666666666666
1620.3333333333333,523.3333333333334
1621.0,524.0
1622.0,523.0
1624.0,528.0
1621.0,528.0
1621.0,528.0
1622.0,528.0
1623.0,527.0
1623.0,528.0
1622.0,527.0
1622.0,528.0
1622.0,527.0
1620.0,528.0
1620.0,528.0
1622.0,528.0
1623.0,528.0
1625.0,530.0
1626.0,530.0
1624.0,531.0
1623.0,533.0
1623.0,533.0
1625.0,531.0
1625.0,531.0
1624.0,532.0
1624.0,532.0
1624.0,532.0
1625.0,532.0
1625.0,534.0
1628.0,533.0
1626.0,531.0
1625.0,532.0
1626.0,531.0
1626.0,531.0
1625.0,534.0
1625.0,532.0
1626.0,534.0
1625.0,533.0
1625.0,531.0
1628.0,531.0
1626.0,532.0
1628.0,533.0
1628.0,535.0
1628.0,535.0
1628.0,537.0
1628.0,537.0
1627.0,539.0
1627.0,539.0
