x,y
1051.0,388.0
1049.0,389.0
1050.0,386.0
1048.0,389.0
1048.0,390.0
1048.0,390.0
1042.0,392.0
1042.0,392.0
1043.0,392.0
1048.0,389.0
1042.0,393.0
1042.0,393.0
1048.0,396.0
1046.0,386.0
1045.0,385.0
1046.0,385.0
1048.0,387.0
1051.0,389.0
1058.0,384.0
1072.0,377.0
1095.0,390.0
1120.0,391.0
1146.0,400.0
1180.0,407.0
1208.0,415.0
1230.0,425.0
1252.0,422.0
1259.0,408.0
1257.0,384.0
1257.0,370.0
1264.0,360.0
1270.0,355.0
1270.0,340.0
1274.0,318.0
1277.0,325.0
1282.0,328.0
1283.0,332.0
1289.0,336.0
1286.0,340.0
1287.0,337.0
1289.0,337.0
1290.0,336.0
1288.0,338.0
1289.0,337.0
1289.0,337.0
1290.0,337.0
1286.0,340.0
1288.0,338.0
1287.0,338.0
1287.0,338.0
1287.0,338.0
1287.0,338.0
1287.0,338.0
1287.0,337.0
1287.0,337.0
1287.0,337.0
1289.0,336.0
1288.0,339.0
1290.0,341.0
1291.0,339.0
1293.0,338.0
1292.0,339.0
1301.0,342.0
1302.0,340.0
1301.0,345.0
1298.0,347.0
1299.0,347.0
1300.0,340.0
1301.0,340.0
1301.0,341.0
1299.0,346.0
1300.0,347.0
1300.0,346.0
1300.0,347.0
1299.0,346.0
1301.0,347.0
1295.0,343.0
1293.0,343.0
1292.0,339.0
1297.0,334.0
1298.0,334.0
1297.0,344.0
1286.0,357.0
1289.0,367.0
1285.0,373.0
1283.0,374.0
1285.0,367.0
1285.0,371.0
1292.0,367.0
1303.0,367.0
1314.0,366.0
1327.0,371.0
1340.0,386.0
1347.0,403.0
1330.0,431.0
1313.0,450.0
1294.0,468.0
1267.0,486.0
1237.0,501.0
1213.0,518.0
