x,y
356.0,122.0
355.0,123.0
356.0,123.0
353.0,121.0
356.0,121.0
355.0,120.0
355.0,120.0
355.0,120.0
356.0,119.0
361.0,116.0
361.0,115.0
360.0,116.0
361.0,115.0
361.0,116.0
360.0,116.0
361.0,116.0
360.0,116.0
360.0,116.0
359.0,116.0
359.0,116.0
360.0,115.0
360.0,115.0
360.0,115.0
361.0,114.0
361.0,114.0
356.0,113.0
356.0,113.0
359.0,109.0
358.0,109.0
358.0,109.0
358.0,108.0
358.0,110.0
362.0,101.0
362.0,101.0
362.0,100.0
362.0,101.0
362.0,101.0
362.0,100.0
362.0,100.0
361.0,100.0
361.0,100.0
360.0,100.0
359.0,102.0
359.0,101.0
358.0,100.0
357.0,99.0
356.0,98.0
357.0,98.0
357.0,99.0
357.0,99.0
357.0,98.0
357.0,98.0
357.0,98.0
357.0,98.0
358.0,98.0
358.0,98.0
357.0,97.0
357.0,96.0
358.0,97.0
357.0,98.0
357.0,99.0
357.0,99.0
357.0,98.0
356.0,97.0
356.0,97.0
356.0,97.0
356.0,97.0
356.0,95.0
356.0,96.0
354.0,97.0
353.0,97.0
352.0,97.0
352.0,97.0
351.0,97.0
350.0,97.0
351.0,95.0
351.0,96.0
349.0,96.0
349.0,95.0
349.0,92.0
348.0,92.0
349.0,92.0
349.0,92.0
348.0,92.0
347.0,91.0
347.0,91.0
347.0,91.0
347.0,90.0
347.0,90.0
346.0,90.0
346.0,90.0
346.0,91.0
345.0,92.0
344.0,92.0
344.0,93.0
344.0,93.0
344.0,93.0
343.0,93.0
344.0,93.0
344.0,93.0
