x,y
1799.0,39.0
1745.0,63.0
1686.0,85.0
1635.0,101.0
1597.0,135.0
1568.0,173.0
1548.0,199.0
1517.0,230.0
1486.0,247.0
1467.0,250.0
1455.0,260.0
1439.0,276.0
1433.0,289.0
1417.0,286.0
1412.0,267.0
1413.0,270.0
1396.0,316.0
1391.0,323.0
1386.0,330.0
1379.0,331.0
1365.0,334.0
1370.0,337.0
1373.0,332.0
1372.0,335.0
1374.0,335.0
1366.0,311.0
1362.0,367.0
1341.0,376.0
1312.0,399.0
1303.0,409.0
1303.0,487.0
1308.0,540.0
1309.0,579.0
1303.0,599.0
1295.0,605.0
1283.0,609.0
1284.0,613.0
1272.0,616.0
1273.0,617.0
1262.0,596.0
1267.0,568.0
1265.0,566.0
1243.0,598.0
1235.0,605.0
1235.0,595.0
1235.0,593.0
1235.0,593.0
1236.0,591.0
1235.0,592.0
1237.0,590.0
1237.0,592.0
1237.0,591.0
1237.0,588.0
1235.0,589.0
1235.0,589.0
1235.0,588.0
1235.0,587.0
1236.0,588.0
1234.0,590.0
1234.0,590.0
1235.0,590.0
1233.0,590.0
1229.0,592.0
1228.0,593.0
1228.0,593.0
1228.0,594.0
1227.0,594.0
1227.0,593.0
1226.0,594.0
1226.0,595.0
1227.0,595.0
1227.0,595.0
1227.0,597.0
1227.0,598.0
1225.0,597.0
1224.0,596.0
1224.0,596.0
1224.0,596.0
1223.0,600.0
1225.0,600.0
1222.0,604.0
1222.0,604.0
1221.0,604.0
1220.0,605.0
1219.0,604.0
1217.0,605.0
1215.0,605.0
1221.0,603.0
1213.0,605.0
1214.0,605.0
1213.0,604.0
1212.0,604.0
1214.0,604.0
1215.0,604.0
1216.0,603.0
1216.0,602.0
1221.0,601.0
1219.0,602.0
1220.0,602.0
1219.0,602.0
