x,y
713.0,909.0
713.0,909.0
713.0,909.0
713.0,908.0
714.0,908.0
713.0,913.0
713.0,908.0
714.0,909.0
714.0,909.0
713.0,909.0
714.0,909.0
714.0,909.0
713.0,909.0
713.0,909.0
713.0,910.0
710.0,912.0
708.0,911.0
712.0,914.0
712.0,913.0
713.0,909.0
717.0,909.0
714.0,910.0
717.0,917.0
716.0,919.0
714.0,922.0
711.0,920.0
711.0,920.0
704.0,937.0
705.0,942.0
708.0,937.0
706.0,934.0
703.0,933.0
702.0,933.0
698.0,931.0
697.0,936.0
698.0,937.0
696.0,929.0
693.0,929.0
689.0,930.0
689.0,931.0
687.0,932.0
686.0,935.0
684.0,934.0
682.0,935.0
682.0,936.0
681.0,937.0
678.0,941.0
677.0,943.0
673.0,946.0
672.0,946.0
671.0,939.0
670.0,940.0
669.0,940.0
669.0,940.0
664.0,943.0
662.0,945.0
662.0,946.0
663.0,943.0
662.0,944.0
663.0,943.0
663.0,944.0
664.0,942.0
664.0,942.0
664.0,942.0
663.0,943.0
662.0,945.0
664.0,943.0
664.0,942.0
663.0,944.0
663.0,944.0
662.0,943.0
663.0,942.0
663.0,942.0
662.0,943.0
662.0,942.0
662.0,942.0
660.0,941.0
658.0,941.0
659.0,939.0
658.0,940.0
658.0,940.0
658.0,940.0
658.0,940.0
658.0,940.0
658.0,940.0
657.0,939.0
658.0,939.0
658.0,939.0
658.0,939.0
658.0,938.0
658.0,938.0
658.0,939.0
658.0,939.0
657.0,939.0
657.0,939.0
657.0,939.0
657.0,940.0
657.0,938.0
656.0,937.0
648.0,934.0
