x,y
956.0,882.0
956.0,882.0
955.0,882.0
955.0,883.0
955.0,882.0
955.0,882.0
955.0,883.0
955.0,883.0
954.0,883.0
954.0,883.0
955.0,883.0
954.0,883.0
952.0,883.0
952.0,882.0
954.0,882.0
955.0,882.0
954.0,883.0
955.0,883.0
957.0,883.0
956.0,884.0
955.0,884.0
956.0,883.0
956.0,883.0
955.0,884.0
956.0,884.0
957.0,883.0
956.0,884.0
956.0,886.0
956.0,886.0
956.0,887.0
955.0,887.0
955.0,887.0
954.0,888.0
955.0,887.0
955.0,887.0
955.0,887.0
955.0,887.0
956.0,887.0
955.0,886.0
955.0,887.0
955.0,887.0
955.0,887.0
955.0,887.0
955.0,887.0
955.0,886.0
956.0,886.0
955.0,887.0
955.0,887.0
955.0,887.0
956.0,887.0
955.0,887.0
956.0,887.0
956.0,887.0
955.0,887.0
955.0,887.0
955.0,887.0
954.0,888.0
953.0,889.0
953.0,891.0
952.0,891.0
952.0,891.0
953.0,890.0
952.0,890.0
951.0,890.0
950.0,889.0
951.0,890.0
951.0,890.0
951.0,892.0
951.0,892.0
951.0,890.0
950.0,890.0
950.0,893.0
951.0,893.0
950.0,890.0
951.0,890.0
951.0,892.0
950.0,890.0
951.0,893.0
951.0,890.0
950.0,893.0
951.0,891.0
952.0,891.0
952.0,890.0
952.0,893.0
950.0,892.0
951.0,894.0
951.0,897.0
949.0,895.0
950.0,895.0
952.0,896.0
951.0,897.0
951.0,897.0
949.0,898.0
949.0,898.0
950.0,897.0
951.0,897.0
950.0,898.0
949.0,897.0
950.0,896.0
949.0,895.0
