x,y
1210.0,521.0
1210.0,520.0
1209.0,520.0
1209.0,520.0
1208.0,520.0
1210.0,521.0
1211.0,520.0
1210.0,521.0
1209.0,521.0
1210.0,521.0
1210.0,521.0
1209.0,522.0
1209.0,522.0
1209.0,522.0
1210.0,522.0
1210.0,522.0
1209.0,522.0
1209.0,522.0
1207.0,521.0
1207.0,521.0
1208.0,521.0
1208.0,521.0
1206.0,521.0
1207.0,519.0
1204.0,518.0
1204.0,515.0
1204.0,517.0
1205.0,515.0
1205.0,515.0
1206.0,514.0
1203.0,513.0
1204.0,512.0
1204.0,512.0
1203.0,512.0
1202.0,514.0
1203.0,514.0
1203.0,514.0
1204.0,514.0
1208.0,514.0
1204.0,513.0
1204.0,513.0
1208.0,514.0
1204.0,513.0
1208.0,514.0
1203.0,513.0
1206.0,514.0
1206.0,515.0
1203.0,513.0
1203.0,513.0
1203.0,514.0
1203.0,512.0
1203.0,511.0
1205.0,508.0
1205.0,508.0
1205.0,509.0
1204.0,509.0
1204.0,509.0
1204.0,509.0
1204.0,509.0
1206.0,508.0
1206.0,508.0
1206.0,508.0
1204.0,508.0
1205.0,508.0
1205.0,508.0
1205.0,508.0
1205.0,508.0
1204.0,507.0
1206.0,505.0
1207.0,505.0
1206.0,505.0
1206.0,505.0
1207.0,504.0
1207.0,504.0
1207.0,504.0
1207.0,504.0
1207.0,504.0
1207.0,504.0
1207.0,504.0
1207.0,504.0
1208.0,503.0
1208.0,504.0
1208.0,503.0
1208.0,503.0
1207.0,503.0
1209.0,502.0
1209.0,502.0
1210.0,503.0
1210.0,504.0
1211.0,504.0
1211.0,504.0
1211.0,504.0
1210.0,504.0
1210.0,504.0
1210.0,504.0
1211.0,504.0
1210.0,504.0
1211.0,505.0
1212.0,505.0
1212.0,505.0
