x,y
189.0,846.0
188.0,847.0
188.0,847.0
189.0,846.0
189.0,846.0
189.0,847.0
190.0,847.0
188.0,848.0
187.0,850.0
190.0,849.0
191.0,848.0
190.0,848.0
188.0,842.0
189.0,848.0
189.0,847.0
188.0,848.0
187.0,848.0
188.0,847.0
188.0,848.0
188.0,847.0
188.0,847.0
188.0,847.0
188.0,847.0
189.0,846.0
189.0,847.0
189.0,846.0
189.0,846.0
189.0,847.0
189.0,847.0
190.0,846.0
190.0,846.0
190.0,846.0
190.0,846.0
189.0,847.0
189.0,847.0
189.0,847.0
190.0,847.0
191.0,848.0
193.0,848.0
192.0,847.0
191.0,847.0
192.0,847.0
192.0,848.0
195.0,848.0
194.0,849.0
194.0,848.0
191.0,847.0
189.0,846.0
183.0,848.0
179.0,848.0
179.0,847.0
184.0,841.0
182.0,839.0
175.0,840.0
179.0,835.0
172.0,838.0
178.0,833.0
173.0,836.0
174.0,833.0
176.0,833.0
175.0,833.0
175.0,834.0
177.0,834.0
176.0,833.0
174.0,832.0
171.0,833.0
170.0,834.0
174.0,831.0
169.0,832.0
172.0,828.0
171.0,827.0
170.0,829.0
169.0,829.0
168.0,828.0
168.0,828.0
169.0,828.0
170.0,828.0
168.0,828.0
169.0,829.0
169.0,829.0
169.0,829.0
170.0,829.0
169.0,829.0
168.0,829.0
157.0,820.0
168.0,828.0
166.0,828.0
167.0,828.0
167.0,828.0
166.0,827.0
166.0,827.0
167.0,827.0
163.0,829.0
158.0,817.0
157.0,817.0
156.0,816.0
156.0,817.0
156.0,816.0
157.0,815.0
156.0,816.0
