x,y
638.0,748.0
638.0,748.0
638.0,748.0
639.0,746.0
639.0,745.0
641.0,747.0
645.0,747.0
643.0,746.0
643.0,747.0
642.0,746.0
642.0,748.0
642.0,750.0
642.0,748.0
642.0,748.0
642.0,748.0
643.0,747.0
644.0,747.0
644.0,747.0
646.0,744.0
645.0,746.0
645.0,746.0
645.0,746.0
645.0,746.0
646.0,745.0
644.0,746.0
644.0,746.0
643.0,748.0
643.0,749.0
643.0,748.0
643.0,748.0
643.0,748.0
643.0,748.0
648.0,745.0
649.0,746.0
649.0,746.0
650.0,745.0
650.0,745.0
650.0,745.0
650.0,745.0
650.0,745.0
650.0,745.0
652.0,743.0
649.0,744.0
647.0,745.0
645.0,745.0
648.0,739.0
665.0,735.0
685.0,729.0
699.0,729.0
724.0,726.0
750.0,725.0
769.0,723.0
797.0,706.0
816.0,687.0
832.0,674.0
843.0,639.0
858.0,612.0
855.0,588.0
844.0,576.0
831.0,574.0
828.0,574.0
835.0,565.0
834.0,562.0
839.0,557.0
844.0,555.0
838.0,551.0
843.0,549.0
850.0,545.0
851.0,548.0
862.0,538.0
878.0,519.0
861.0,528.0
858.0,532.0
863.0,527.0
880.0,520.0
864.0,535.0
866.0,528.0
872.0,525.0
877.0,521.0
883.0,508.0
891.0,493.0
905.0,493.0
929.0,488.0
943.0,471.0
962.0,455.0
1001.0,427.0
1013.0,411.0
1020.0,396.0
1038.0,369.0
1030.0,375.0
1032.0,399.0
1045.0,409.0
1049.0,410.0
1049.0,409.0
1061.0,409.0
1084.0,418.0
1087.0,417.0
1064.0,411.0
1064.0,410.0
1068.0,412.0
