x,y
263.0,624.0
263.0,623.0
263.0,624.0
263.0,624.0
263.0,623.0
264.0,623.0
264.0,623.0
265.0,622.0
264.0,622.0
264.0,622.0
264.0,622.0
264.0,621.0
264.0,622.0
263.0,620.0
265.0,622.0
265.0,621.0
263.0,620.0
263.0,619.0
265.0,620.0
263.0,617.0
263.0,614.0
263.0,614.0
261.0,614.0
260.0,615.0
259.0,616.0
252.0,623.0
244.0,631.0
235.0,630.0
225.0,628.0
221.0,632.0
220.0,625.0
217.0,623.0
218.0,615.0
220.0,608.0
225.0,606.0
234.0,604.0
254.0,617.0
279.0,641.0
269.0,627.0
273.0,623.0
269.0,609.0
268.0,602.0
269.0,591.0
268.0,596.0
278.0,597.0
258.0,588.0
233.0,573.0
211.0,554.0
205.0,527.0
187.0,494.0
177.0,460.0
165.0,434.0
149.0,403.0
137.0,378.0
117.0,359.0
99.0,356.0
90.0,346.0
95.0,335.0
116.0,324.0
123.0,318.0
132.0,298.0
143.0,279.0
154.0,266.0
159.0,251.0
162.0,239.0
166.0,236.0
165.0,235.0
161.0,231.0
160.0,228.0
154.0,224.0
145.0,219.0
142.0,199.0
130.0,187.0
125.0,162.0
148.0,144.0
172.0,118.0
201.0,96.0
225.0,74.0
254.0,50.0
267.0,24.0
299.0,8.0
