x,y
353.0,12.0
358.0,13.0
348.0,15.0
350.0,21.0
342.0,25.0
338.0,33.0
345.0,40.0
341.0,48.0
346.0,46.0
338.0,48.0
340.0,44.0
341.0,42.0
339.0,48.0
342.0,45.0
341.0,46.0
342.0,46.0
342.0,46.0
341.0,46.0
341.0,47.0
341.0,47.0
340.0,47.0
340.0,47.0
339.0,46.0
340.0,47.0
341.0,48.0
343.0,50.0
343.0,52.0
343.0,52.0
343.0,51.0
344.0,52.0
345.0,53.0
344.0,54.0
344.0,54.0
344.0,54.0
344.0,54.0
344.0,54.0
343.0,54.0
343.0,54.0
343.0,56.0
341.0,57.0
342.0,57.0
342.0,58.0
342.0,60.0
342.0,61.0
340.0,61.0
341.0,61.0
340.0,60.0
342.0,60.0
343.0,61.0
343.0,61.0
342.0,60.0
342.0,61.0
342.0,61.0
342.0,61.0
342.0,61.0
342.0,61.0
343.0,61.0
343.0,62.0
343.0,62.0
342.0,62.0
343.0,63.0
342.0,63.0
343.0,64.0
343.0,66.0
343.0,66.0
341.0,66.0
341.0,66.0
342.0,60.0
341.0,67.0
341.0,67.0
341.0,67.0
340.6666666666667,68.33333333333333
340.3333333333333,69.66666666666667
340.0,71.0
340.0,72.0
340.0,72.0
339.0,73.0
339.0,74.0
339.0,73.0
339.0,73.0
340.0,73.0
339.0,73.0
339.0,74.0
338.0,74.0
339.0,74.0
339.0,75.0
338.0,76.0
338.0,76.0
338.0,76.0
339.0,75.0
339.0,74.0
337.0,75.0
338.0,75.0
334.0,77.0
332.0,76.0
330.0,75.0
330.0,76.0
330.0,76.0
330.0,76.0
329.0,76.0
