x,y
1116.0,601.0
1117.0,602.0
1116.0,601.0
1116.0,602.0
1115.0,601.0
1116.0,624.0
1117.0,626.0
1121.0,621.0
1129.0,598.0
1149.0,579.0
1178.0,552.0
1192.0,508.0
1217.0,480.0
1231.0,441.0
1247.0,411.0
1258.0,389.0
1264.0,383.0
1267.0,369.0
1271.0,343.0
1271.0,370.0
1274.0,369.0
1279.0,362.0
1297.0,352.0
1301.0,329.0
1312.0,310.0
1326.0,301.0
1344.0,309.0
1365.0,315.0
1380.0,313.0
1394.0,307.0
1409.0,304.0
1417.0,314.0
1414.0,320.0
1426.0,334.0
1441.0,340.0
1466.0,356.0
1520.0,360.0
1584.0,363.0
1661.0,383.0
1753.0,394.0
1839.0,438.0
1912.0,479.0
