x,y
238.0,1064.0
313.0,1035.0
391.0,991.0
442.0,954.0
495.0,918.0
532.0,897.0
575.0,893.0
630.0,890.0
661.0,901.0
688.0,906.0
718.0,890.0
735.0,876.0
747.0,864.0
765.0,851.0
778.0,837.0
785.0,819.0
792.0,813.0
816.0,811.0
829.0,815.0
854.0,829.0
884.0,838.0
889.0,835.0
893.0,829.0
894.0,826.0
902.0,824.0
907.0,818.0
909.0,818.0
916.0,809.0
914.0,805.0
920.0,800.0
921.0,800.0
919.0,797.0
920.0,796.0
921.0,796.0
920.0,796.0
920.0,796.0
921.0,796.0
921.0,797.0
921.0,797.0
921.0,796.0
921.0,796.0
922.0,797.0
922.0,797.0
922.0,796.0
921.0,796.0
921.0,796.0
921.0,796.0
921.0,796.0
921.0,797.0
921.0,796.0
921.0,796.0
921.0,796.0
921.0,797.0
921.0,797.0
921.0,797.0
921.0,797.0
921.0,799.0
920.0,798.0
919.0,798.0
919.0,799.0
920.0,799.0
920.0,799.0
920.0,798.0
920.0,800.0
923.0,800.0
923.0,798.0
923.0,797.0
923.0,796.0
923.0,796.0
928.0,799.0
927.0,800.0
927.0,798.0
923.0,796.0
923.0,796.0
928.0,799.0
928.0,800.0
928.0,799.0
928.0,800.0
923.0,796.0
929.0,799.0
925.0,794.0
929.0,799.0
929.0,799.0
930.0,798.0
925.0,793.0
930.0,799.0
930.0,799.0
930.0,799.0
930.0,799.0
930.0,799.0
930.0,799.0
930.0,799.0
930.0,799.0
930.0,799.0
930.0,799.0
930.0,799.0
930.0,799.0
933.0,797.0
933.0,796.0
930.0,799.0
