x,y
1158.0,597.0
1158.0,598.0
1157.0,597.0
1157.0,598.0
1157.0,598.0
1156.0,598.0
1158.0,599.0
1157.0,598.0
1156.0,598.0
1157.0,599.0
1157.0,599.0
1159.0,599.0
1158.0,599.0
1156.0,598.0
1155.0,600.0
1154.0,600.0
1153.0,600.0
1153.0,601.0
1153.0,600.0
1152.0,601.0
1152.0,600.0
1152.0,600.0
1152.0,600.0
1152.0,600.0
1153.0,604.0
1152.0,604.0
1151.0,604.0
1151.0,605.0
1151.0,605.0
1150.0,605.0
1151.0,605.0
1149.0,601.0
1149.0,602.0
1149.0,602.0
1150.0,601.0
1149.0,603.0
1148.0,603.0
1146.0,604.0
1146.0,604.0
1146.0,604.0
1147.0,604.0
1146.0,604.0
1146.0,605.0
1143.0,603.0
1143.0,603.0
1146.0,605.0
1145.0,605.0
1145.0,606.0
1146.0,608.0
1143.0,608.0
1144.0,613.0
1150.0,617.0
1144.0,614.0
1144.0,615.0
1145.0,615.0
1145.0,615.0
1145.0,616.0
1144.0,617.0
1144.0,616.0
1146.0,615.0
1146.0,617.0
1147.0,618.0
1147.0,618.0
1147.0,618.0
1147.0,619.0
1146.0,620.0
1147.0,619.0
1147.0,620.0
1147.0,618.0
1147.0,618.0
1147.0,621.0
1147.0,618.0
1147.0,617.0
1147.0,620.0
1147.0,621.0
1143.0,619.0
1146.0,622.0
1139.0,622.0
1143.0,625.0
1140.0,624.0
1139.0,624.0
1140.0,626.0
1144.0,627.0
1145.0,626.0
1145.0,627.0
1149.0,629.0
1150.0,630.0
1150.0,632.0
1154.0,632.0
1152.0,637.0
1154.0,636.0
1154.0,635.0
1155.0,635.0
1156.0,635.0
1159.0,636.0
1160.0,636.0
1161.0,632.0
1161.0,632.0
1165.0,636.0
1165.0,636.0
