x,y
726.0,811.0
725.0,811.0
726.0,810.0
726.0,810.0
726.0,811.0
726.0,812.0
726.0,812.0
725.0,811.0
726.0,811.0
725.0,811.0
725.0,811.0
726.0,811.0
726.0,811.0
725.0,809.0
725.0,808.0
725.0,807.0
725.0,807.0
724.0,806.0
724.0,805.0
724.0,805.0
723.0,803.0
723.0,803.0
723.0,802.0
723.0,804.0
723.0,804.0
722.0,804.0
722.0,804.0
722.0,802.0
721.0,802.0
723.0,801.0
723.0,801.0
723.0,801.0
721.0,802.0
721.0,803.0
720.0,803.0
720.0,803.0
718.0,803.0
719.0,803.0
720.0,803.0
721.0,803.0
721.0,803.0
720.0,803.0
723.0,801.0
723.0,801.0
723.0,801.0
721.0,805.0
722.0,802.0
723.0,801.0
721.0,804.0
720.0,804.0
721.0,802.0
720.0,804.0
721.0,804.0
723.0,801.0
721.0,802.0
719.0,804.0
718.0,804.0
716.0,803.0
719.0,805.0
719.0,805.0
719.0,804.0
718.0,804.0
719.0,805.0
718.0,805.0
718.0,805.0
719.0,805.0
718.0,806.0
717.0,806.0
717.0,806.0
716.0,806.0
717.0,805.0
716.0,806.0
717.0,806.0
716.0,806.0
716.0,806.0
715.0,806.0
713.0,805.0
715.0,807.0
717.0,805.0
719.0,807.0
718.0,808.0
718.0,808.0
720.0,809.0
720.0,809.0
721.0,809.0
721.0,809.0
722.0,810.0
723.0,809.0
724.0,808.0
724.0,807.0
725.0,808.0
727.0,805.0
728.0,800.0
731.0,792.0
744.0,783.0
738.0,763.0
732.0,734.0
739.0,684.0
733.0,661.0
720.0,644.0
