x,y
919.0,267.0
919.0,266.0
919.0,266.0
918.0,270.0
921.0,269.0
923.0,268.0
923.0,267.0
925.0,267.0
925.0,268.0
924.0,267.0
924.0,267.0
925.0,268.0
925.0,268.0
926.0,271.0
925.0,268.0
925.0,268.0
926.0,270.0
926.0,267.0
925.0,267.0
925.0,268.0
926.0,267.0
926.0,267.0
926.0,267.0
927.0,267.0
927.0,267.0
928.0,267.0
928.0,267.0
928.0,267.0
929.0,267.0
928.0,264.0
928.0,265.0
928.0,263.0
923.0,265.0
922.0,266.0
923.0,265.0
923.0,264.0
925.0,265.0
926.0,264.0
927.0,263.0
928.0,265.0
929.0,263.0
930.0,266.0
930.0,267.0
930.0,267.0
929.0,266.0
929.0,258.0
925.0,260.0
924.0,257.0
923.0,261.0
921.0,261.0
921.0,260.0
926.0,259.0
924.0,258.0
923.0,260.0
921.0,259.0
921.0,259.0
921.0,258.0
925.0,258.0
919.0,257.0
919.0,258.0
924.0,256.0
916.0,258.0
913.0,256.0
918.0,256.0
914.0,257.0
911.0,261.0
920.0,260.0
914.0,261.0
914.0,263.0
913.0,263.0
914.0,262.0
915.0,262.0
914.0,262.0
913.0,263.0
913.0,263.0
913.0,261.0
912.0,264.0
913.0,263.0
914.0,264.0
916.0,260.0
915.0,259.0
912.0,262.0
913.0,263.0
914.0,264.0
913.0,264.0
914.0,263.0
915.0,265.0
917.0,264.0
918.0,265.0
920.0,265.0
923.0,267.0
922.0,267.0
922.0,267.0
921.0,267.0
922.0,268.0
922.0,268.0
921.0,266.0
921.0,269.0
922.0,270.0
924.0,267.0
