x,y
1228.0,491.0
1228.0,491.0
1227.0,492.0
1224.0,492.0
1225.0,492.0
1225.0,491.0
1224.0,491.0
1224.0,492.0
1225.0,491.0
1225.0,491.0
1224.0,492.0
1224.0,490.0
1225.0,492.0
1222.0,492.0
1223.0,493.0
1224.0,493.0
1225.0,493.0
1225.0,493.0
1224.0,493.0
1226.0,489.0
1226.0,490.0
1226.0,494.0
1227.0,494.0
1228.0,494.0
1226.0,493.0
1225.0,493.0
1224.0,493.0
1222.0,492.0
1223.0,493.0
1225.0,492.0
1222.0,489.0
1224.0,490.0
1222.0,491.0
1224.0,492.0
1220.0,489.0
1223.0,494.0
1222.0,495.0
1221.0,496.0
1220.0,497.0
1220.0,498.0
1220.0,499.0
1220.0,499.0
1220.0,497.0
1220.0,497.0
1220.0,498.0
1220.0,498.0
1220.0,499.0
1220.0,499.0
1219.0,499.0
1220.0,499.0
1220.0,499.0
1220.0,499.0
1220.0,499.0
1220.0,499.0
1220.0,499.0
1220.0,499.0
1219.0,499.0
1219.3333333333333,499.0
1219.6666666666667,499.0
1220.0,499.0
1220.0,499.0
1197.6666666666667,538.6666666666666
1175.3333333333333,578.3333333333334
1153.0,618.0
1153.0,618.0
1153.0,618.0
1153.0,618.0
1153.0,618.0
1153.0,618.0
1153.0,618.0
1153.0,618.0
1153.0,618.0
1153.0,618.0
1153.0,618.0
1153.0,618.0
1153.0,618.0
1153.0,618.0
1153.0,618.0
1153.0,618.0
1152.0,618.0
1152.0,618.0
1153.0,618.0
1153.0,618.0
1152.0,618.0
1152.0,618.0
1152.0,618.0
1152.0,618.0
1153.0,617.0
1153.0,618.0
1153.0,618.0
1153.0,618.0
1153.0,618.0
1153.0,618.0
1166.0,532.0
1165.0,535.0
1165.0,541.0
1164.0,539.0
1164.0,540.0
1162.0,541.0
1164.0,544.0
