x,y
54.0,348.0
54.0,347.0
54.111111111111114,346.8888888888889
54.22222222222222,346.77777777777777
54.333333333333336,346.6666666666667
54.44444444444444,346.55555555555554
54.55555555555556,346.44444444444446
54.666666666666664,346.3333333333333
54.77777777777778,346.22222222222223
54.888888888888886,346.1111111111111
55.0,346.0
55.0,346.4
55.0,346.8
55.0,347.2
55.0,347.6
55.0,348.0
55.0,347.0
55.07142857142857,347.0
55.142857142857146,347.0
55.214285714285715,347.0
55.285714285714285,347.0
55.357142857142854,347.0
55.42857142857143,347.0
55.5,347.0
55.57142857142857,347.0
55.642857142857146,347.0
55.714285714285715,347.0
55.785714285714285,347.0
55.857142857142854,347.0
55.92857142857143,347.0
56.0,347.0
56.0,347.0
55.0,347.0
56.0,346.0
56.0,347.0
56.0,346.0
55.0,346.0
54.0,346.0
53.0,346.0
53.0,346.0
53.0,346.0
53.5,346.0
54.0,346.0
54.0,346.0
54.0,346.0
54.0,346.0
54.0,346.0
54.0,346.0
54.0,346.0
54.142857142857146,346.2857142857143
54.285714285714285,346.57142857142856
54.42857142857143,346.85714285714283
54.57142857142857,347.14285714285717
54.714285714285715,347.42857142857144
54.857142857142854,347.7142857142857
55.0,348.0
55.5,347.5
56.0,347.0
56.0,348.0
56.0,346.0
55.0,346.0
54.0,346.0
54.0,346.0
54.0,346.0
54.0,346.0
54.0,346.0
54.0,346.0
54.0,346.0
54.0,346.1666666666667
54.0,346.3333333333333
54.0,346.5
54.0,346.6666666666667
54.0,346.8333333333333
54.0,347.0
54.0,347.0
54.333333333333336,346.6666666666667
54.666666666666664,346.3333333333333
55.0,346.0
54.0,346.0
54.0,346.1
54.0,346.2
54.0,346.3
54.0,346.4
54.0,346.5
54.0,346.6
54.0,346.7
54.0,346.8
54.0,346.9
54.0,347.0
54.0,348.0
54.0,347.75
54.0,347.5
54.0,347.25
54.0,347.0
54.0,347.0
54.0,347.0
54.0,346.0
54.15384615384615,346.15384615384613
54.30769230769231,346.3076923076923
54.46153846153846,346.46153846153845
