x,y
1392.0,629.0
1393.0,632.0
1392.0,632.0
1391.0,630.0
1392.0,630.0
1392.0,631.0
1392.0,630.0
1393.0,632.0
1392.0,631.0
1392.0,631.0
1391.0,631.0
1391.0,632.0
1393.0,633.0
1393.0,632.0
1393.0,633.0
1393.0,634.0
1393.0,634.0
1393.0,631.0
1394.0,630.0
1395.0,630.0
1393.0,631.0
1393.0,631.0
1394.0,630.0
1395.0,630.0
1394.0,630.0
1394.0,630.0
1395.0,630.0
1394.0,634.0
1394.0,630.0
1394.0,634.0
1393.0,634.0
1394.0,635.0
1395.0,637.0
1395.0,641.0
1394.0,639.0
1394.0,639.0
1395.0,640.0
1395.0,640.0
1396.0,639.0
1394.0,639.0
1395.0,639.0
1394.0,639.0
1395.0,639.0
1395.0,640.0
1394.0,640.0
1394.0,640.0
1396.0,639.0
1395.0,640.0
1395.0,639.0
1395.0,640.0
1396.0,639.0
1396.0,637.0
1395.0,637.0
1395.0,637.0
1396.0,637.0
1396.0,638.0
1395.0,637.0
1396.0,638.0
1396.0,638.0
1396.0,638.0
1395.0,637.0
1396.0,637.0
1396.0,637.0
1396.0,637.0
1396.0,638.0
1396.0,637.0
1396.0,637.0
1396.0,637.0
1396.0,637.0
1396.0,637.0
1396.0,637.0
1396.0,637.0
1396.0,637.0
1396.0,638.0
1396.0,637.0
1397.0,639.0
1398.0,640.0
1398.0,641.0
1399.0,642.0
1398.0,642.0
1398.0,642.0
1398.0,642.0
1398.0,642.0
1398.0,642.0
1399.0,642.0
1398.0,641.0
1398.0,639.0
1398.0,640.0
1399.0,641.0
1398.0,640.0
1398.0,640.0
1398.0,641.0
1399.0,641.0
1398.0,641.0
1398.0,641.0
1398.0,639.0
1398.0,640.0
1399.0,640.0
1400.0,641.0
1398.0,640.0
