x,y
883.0,364.0
883.0,364.0
884.0,363.0
882.0,363.0
881.0,366.0
877.0,364.0
877.0,360.0
877.0,359.0
878.0,357.0
875.0,355.0
875.0,360.0
878.0,357.0
879.0,354.0
879.0,350.0
877.0,350.0
878.0,355.0
878.0,353.0
879.0,352.0
879.0,354.0
879.0,353.0
879.0,352.0
872.0,353.0
872.0,354.0
873.0,352.0
870.0,353.0
870.0,353.0
870.0,353.0
870.0,352.0
876.0,357.0
877.0,358.0
878.0,356.0
880.0,352.0
882.0,351.0
882.0,349.0
881.0,350.0
880.0,351.0
880.0,351.0
881.0,351.0
880.0,351.0
880.0,349.0
881.0,350.0
881.0,351.0
881.0,350.0
881.0,350.0
878.0,350.0
880.0,350.0
881.0,350.0
881.0,350.0
881.0,350.0
880.0,349.0
879.0,348.0
875.0,345.0
880.0,348.0
880.0,349.0
880.0,349.0
881.0,349.0
876.0,345.0
875.0,345.0
875.0,343.0
876.0,342.0
877.0,343.0
885.0,347.0
889.0,351.0
889.0,352.0
888.0,351.0
888.0,351.0
889.0,352.0
889.0,353.0
888.0,352.0
888.0,353.0
889.0,354.0
889.0,353.0
888.0,353.0
889.0,354.0
889.0,354.0
888.0,353.0
888.0,353.0
889.0,353.0
889.0,353.0
889.0,353.0
889.0,354.0
889.0,354.0
889.0,354.0
889.0,355.0
889.0,355.0
889.0,354.0
889.0,354.0
889.0,355.0
891.0,354.0
890.0,354.0
892.0,354.0
892.0,355.0
891.0,354.0
886.0,356.0
888.0,357.0
889.0,355.0
888.0,354.0
889.0,355.0
890.0,356.0
890.0,355.0
