x,y
55.5,348.0
55.4375,348.0
55.375,348.0
55.3125,348.0
55.25,348.0
55.1875,348.0
55.125,348.0
55.0625,348.0
55.0,348.0
54.5,348.0
54.0,348.0
54.142857142857146,348.0
54.285714285714285,348.0
54.42857142857143,348.0
54.57142857142857,348.0
54.714285714285715,348.0
54.857142857142854,348.0
55.0,348.0
55.0,347.97222222222223
55.0,347.94444444444446
55.0,347.9166666666667
55.0,347.8888888888889
55.0,347.8611111111111
55.0,347.8333333333333
55.0,347.80555555555554
55.0,347.77777777777777
55.0,347.75
55.0,347.72222222222223
55.0,347.69444444444446
55.0,347.6666666666667
55.0,347.6388888888889
55.0,347.6111111111111
55.0,347.5833333333333
55.0,347.55555555555554
55.0,347.52777777777777
55.0,347.5
55.0,347.47222222222223
55.0,347.44444444444446
55.0,347.4166666666667
55.0,347.3888888888889
55.0,347.3611111111111
55.0,347.3333333333333
55.0,347.30555555555554
55.0,347.27777777777777
55.0,347.25
55.0,347.22222222222223
55.0,347.19444444444446
55.0,347.1666666666667
55.0,347.1388888888889
55.0,347.1111111111111
55.0,347.0833333333333
55.0,347.05555555555554
55.0,347.02777777777777
55.0,347.0
55.0,348.0
55.0,348.0
56.0,348.0
56.0,348.0
56.0,348.0
56.0,347.0
57.0,346.0
56.666666666666664,346.0
56.333333333333336,346.0
56.0,346.0
55.666666666666664,346.0
55.333333333333336,346.0
55.0,346.0
56.0,346.0
56.0,346.0
56.0,346.0
56.0,346.0
56.0,346.0
55.0,346.0
55.2,346.0
55.4,346.0
55.6,346.0
55.8,346.0
56.0,346.0
56.0,347.0
56.0,347.0
57.0,346.0
56.0,348.0
56.0,346.0
56.0,348.0
56.0,347.0
55.8,346.8
55.6,346.6
55.4,346.4
55.2,346.2
55.0,346.0
55.0,348.0
56.0,346.0
55.75,346.125
55.5,346.25
55.25,346.375
55.0,346.5
54.75,346.625
54.5,346.75
54.25,346.875
54.0,347.0
