x,y
233.0,629.0
233.0,629.0
236.0,629.0
240.0,629.0
235.0,632.0
235.0,629.0
235.0,628.0
236.0,628.0
236.0,628.0
236.0,628.0
236.0,628.0
236.0,628.0
236.0,629.0
236.0,628.0
236.0,629.0
235.0,630.0
235.0,631.0
236.0,631.0
236.0,631.0
236.0,631.0
235.0,631.0
235.0,631.0
235.0,630.0
235.0,630.0
235.0,630.0
235.0,631.0
235.0,625.0
234.0,625.0
234.0,625.0
233.0,625.0
236.0,630.0
234.0,625.0
235.0,625.0
234.0,625.0
235.0,625.0
238.0,628.0
235.0,625.0
239.0,629.0
236.0,626.0
235.0,626.0
235.0,625.0
238.0,629.0
235.0,625.0
239.0,629.0
239.0,629.0
235.0,625.0
236.0,626.0
236.0,625.0
237.0,626.0
236.0,626.0
238.0,625.0
241.0,626.0
241.0,626.0
242.0,626.0
243.0,626.0
243.0,626.0
243.0,626.0
243.0,627.0
243.0,626.0
244.0,628.0
244.0,627.0
245.0,628.0
244.0,628.0
245.0,628.0
246.0,628.0
246.0,628.0
246.0,629.0
246.0,628.0
247.0,627.0
247.0,627.0
248.0,628.0
248.0,628.0
249.0,627.0
250.0,628.0
250.0,628.0
250.0,628.0
250.0,628.0
250.0,628.0
251.0,628.0
252.0,628.0
252.0,629.0
251.0,629.0
252.0,629.0
251.0,629.0
251.0,629.0
251.0,629.0
251.0,629.0
250.0,630.0
251.0,629.0
251.0,629.0
252.0,629.0
253.0,629.0
254.0,628.0
255.0,629.0
256.0,629.0
255.0,629.0
256.0,631.0
257.0,629.0
259.0,627.0
261.0,625.0
