x,y
718.0,808.0
732.0,808.0
743.0,814.0
746.0,814.0
748.0,817.0
742.0,824.0
735.0,831.0
741.0,841.0
741.0,844.0
740.0,843.0
740.0,844.0
741.0,843.0
741.0,843.0
738.0,843.0
737.0,843.0
738.0,843.0
738.0,843.0
737.0,843.0
737.0,844.0
739.0,845.0
739.0,845.0
739.0,844.0
740.0,844.0
742.0,844.0
744.0,844.0
743.0,844.0
743.0,844.0
743.0,844.0
744.0,844.0
744.0,844.0
743.0,844.0
743.0,844.0
743.0,844.0
744.0,845.0
745.0,846.0
746.0,847.0
747.0,847.0
748.0,847.0
748.0,847.0
748.0,848.0
748.0,848.0
749.0,848.0
748.0,849.0
749.0,849.0
749.0,850.0
750.0,852.0
750.0,852.0
751.0,852.0
752.0,852.0
752.0,853.0
753.0,853.0
753.0,853.0
753.0,853.0
753.0,853.0
752.0,854.0
753.0,854.0
753.0,854.0
752.0,854.0
753.0,855.0
755.0,854.0
755.0,855.0
755.0,856.0
758.0,854.0
759.0,856.0
759.0,856.0
759.0,855.0
759.0,856.0
759.0,856.0
760.0,856.0
760.0,856.0
760.0,856.0
760.0,857.0
761.0,858.0
762.0,858.0
759.0,859.0
762.0,859.0
758.0,860.0
757.0,861.0
758.0,860.0
762.0,861.0
762.0,863.0
762.0,865.0
757.0,865.0
757.0,864.0
760.0,867.0
756.0,866.0
756.0,869.0
757.0,869.0
757.0,870.0
757.0,870.0
757.0,870.0
758.0,871.0
757.0,871.0
757.0,871.0
757.0,870.0
756.0,870.0
757.0,870.0
756.0,871.0
756.0,870.0
754.0,869.0
