x,y
991.0,18.0
995.0,29.0
1001.0,42.0
1009.0,55.0
1020.0,66.0
1018.0,70.0
1020.0,88.0
1028.0,93.0
1047.0,120.0
1057.0,133.0
1061.0,133.0
1065.0,137.0
1070.0,141.0
1082.0,140.0
1090.0,151.0
1100.0,165.0
1109.0,182.0
1126.0,200.0
1139.0,207.0
1148.0,217.0
1161.0,230.0
1175.0,240.0
1187.0,234.0
1179.0,235.0
1188.0,239.0
1206.0,248.0
1216.0,269.0
1233.0,293.0
1242.0,305.0
1248.0,320.0
1226.0,346.0
1201.0,368.0
1172.0,372.0
1131.0,373.0
1093.0,380.0
1056.0,396.0
1021.0,425.0
987.0,454.0
958.0,497.0
920.0,525.0
878.0,546.0
831.0,574.0
835.0,634.0
812.0,667.0
794.0,711.0
775.0,739.0
765.0,779.0
763.0,801.0
767.0,812.0
765.0,813.0
764.0,812.0
763.0,811.0
758.0,799.0
750.0,794.0
746.0,790.0
741.0,794.0
740.0,796.0
740.0,796.0
739.0,797.0
740.0,797.0
740.0,797.0
740.0,797.0
740.0,798.0
741.0,797.0
739.0,797.0
740.0,797.0
740.0,797.0
741.0,797.0
741.0,797.0
742.0,797.0
742.0,796.0
742.0,796.0
742.0,797.0
742.0,797.0
742.0,796.0
742.0,796.0
742.0,796.0
742.0,796.0
742.0,796.0
740.0,796.0
740.0,797.0
738.0,799.0
735.0,803.0
734.0,808.0
734.0,808.0
734.0,810.0
734.0,810.0
733.0,807.0
734.0,810.0
734.0,810.0
732.0,809.0
733.0,810.0
733.0,810.0
733.0,810.0
734.0,810.0
734.0,811.0
734.0,812.0
733.0,811.0
732.0,811.0
732.0,811.0
