x,y
104.0,233.0
107.0,235.0
110.0,235.0
108.0,235.0
108.0,234.0
108.0,234.0
110.0,234.0
120.0,231.0
122.0,231.0
123.0,230.0
121.0,229.0
122.0,230.0
120.0,232.0
110.0,233.0
111.0,233.0
110.0,234.0
110.0,233.0
110.0,233.0
118.0,232.0
123.0,228.0
124.0,227.0
124.0,226.0
123.0,226.0
123.0,226.0
123.0,226.0
123.0,227.0
123.0,227.0
123.0,227.0
123.0,227.0
122.0,226.0
121.0,225.0
119.0,228.0
117.0,229.0
115.0,228.0
104.0,234.0
113.0,229.0
94.0,211.0
84.0,196.0
79.0,189.0
74.0,181.0
58.0,171.0
32.0,168.0
19.0,161.0
15.0,168.0
9.0,159.0
1.0,166.0
54.0,346.0
54.0,346.0
54.0,346.0
55.0,346.0
55.0,346.0
55.0,346.0
55.0,346.0
56.0,346.0
56.0,346.0
56.0,346.0
56.0,346.0
54.0,346.0
56.0,346.0
56.0,346.0
56.0,346.0
55.0,346.0
56.0,346.0
56.0,346.0
56.0,347.0
55.0,346.0
54.0,346.0
54.0,346.0
54.0,346.0
54.0,346.1666666666667
54.0,346.3333333333333
54.0,346.5
54.0,346.6666666666667
54.0,346.8333333333333
54.0,347.0
54.0,347.1666666666667
54.0,347.3333333333333
54.0,347.5
54.0,347.6666666666667
54.0,347.8333333333333
54.0,348.0
54.0,348.0
54.0,348.0
54.0,347.0
54.0,348.0
54.0,347.0
54.0,347.14285714285717
54.0,347.2857142857143
54.0,347.42857142857144
54.0,347.57142857142856
54.0,347.7142857142857
54.0,347.85714285714283
54.0,348.0
54.0,348.0
54.0,348.0
54.0,348.0
54.0,347.0
54.0,347.0
53.0,348.0
53.0,348.0
