x,y
1170.0,902.0
1174.0,903.0
1174.0,903.0
1174.0,901.0
1172.0,902.0
1173.0,900.0
1173.0,901.0
1172.0,901.0
1172.0,901.0
1172.0,901.0
1172.0,900.0
1172.0,900.0
1172.0,900.0
1172.0,901.0
1172.0,900.0
1172.0,900.0
1172.0,900.0
1173.0,900.0
1173.0,899.0
1177.0,896.0
1177.0,896.0
1177.0,896.0
1177.0,895.0
1178.0,895.0
1177.0,894.0
1177.0,893.0
1177.0,894.0
1177.0,894.0
1178.0,895.0
1177.0,895.0
1176.0,895.0
1176.0,895.0
1176.0,895.0
1176.0,895.0
1177.0,896.0
1176.0,900.0
1177.0,900.0
1179.0,895.0
1185.0,882.0
1179.0,895.0
1180.0,895.0
1180.0,895.0
1179.0,895.0
1180.0,895.0
1178.0,900.0
1178.0,900.0
1180.0,895.0
1185.0,882.0
1186.0,882.0
1185.0,884.0
1186.0,882.0
1186.0,883.0
1186.0,882.0
1186.0,882.0
1184.0,893.0
1179.0,898.0
1185.0,892.0
1184.0,892.0
1178.0,889.0
1179.0,891.0
1175.0,891.0
1175.0,889.0
1173.0,889.0
1176.0,889.0
1176.0,889.0
1176.0,889.0
1176.0,889.0
1176.0,889.0
1176.0,889.0
1176.0,889.0
1176.0,889.0
1177.0,890.0
1177.0,890.0
1177.0,890.0
1176.0,890.0
1175.0,890.0
1173.0,892.0
1171.0,890.0
1171.0,890.0
1171.0,891.0
1171.0,890.0
1171.0,890.0
1170.0,891.0
1170.0,892.0
1170.0,893.0
1169.0,894.0
1170.0,897.0
1170.0,898.0
1169.0,898.0
1171.0,898.0
1171.0,898.0
1171.0,898.0
1171.0,898.0
1171.0,898.0
1171.0,897.0
1169.0,897.0
1169.0,897.0
1169.0,897.0
1171.0,898.0
1171.0,898.0
