x,y
720.0,801.0
720.0,800.0
720.0,801.0
721.0,803.0
720.0,803.0
720.0,802.0
720.0,801.0
720.0,800.0
720.0,801.0
720.0,801.0
720.0,801.0
719.0,802.0
720.0,803.0
720.0,804.0
720.0,803.0
721.0,805.0
720.0,804.0
720.0,803.0
721.0,804.0
721.0,805.0
721.0,804.0
721.0,804.0
721.0,804.0
721.0,805.0
721.0,805.0
722.0,807.0
723.0,808.0
722.0,808.0
722.0,808.0
723.0,808.0
723.0,809.0
722.0,808.0
722.0,809.0
722.0,809.0
721.0,809.0
723.0,806.0
722.0,805.0
723.0,805.0
722.0,807.0
723.0,808.0
723.0,808.0
723.0,808.0
724.0,809.0
724.0,808.0
724.0,809.0
724.0,809.0
724.0,809.0
725.0,809.0
723.0,812.0
724.0,811.0
725.0,812.0
725.0,813.0
726.0,813.0
725.0,814.0
725.0,815.0
726.0,815.0
724.0,815.0
725.0,815.0
723.0,815.0
723.0,814.0
723.0,814.0
723.0,814.0
723.0,814.0
722.0,814.0
721.0,815.0
722.0,816.0
719.0,817.0
716.0,817.0
717.0,816.0
716.0,817.0
714.0,817.0
713.0,816.0
712.0,817.0
710.0,817.0
711.0,816.0
711.0,815.0
710.0,814.0
711.0,814.0
711.0,814.0
712.0,813.0
712.0,812.0
711.0,812.0
711.0,811.0
711.0,813.0
712.0,815.0
712.0,816.0
713.0,815.0
713.0,815.0
712.0,814.0
711.0,814.0
709.0,816.0
703.0,812.0
700.0,813.0
707.0,817.0
710.0,816.0
711.0,813.0
713.0,812.0
710.0,813.0
712.0,806.0
711.0,805.0
