x,y
54.0,346.0
54.0,346.0
55.0,347.0
55.0,347.0
55.0,348.0
57.0,347.0
57.0,347.0
56.0,347.0
57.0,347.0
56.0,347.0
56.0,348.0
56.0,348.0
56.0,348.0
56.0,348.0
56.0,347.0
57.0,347.0
56.0,347.0
56.0,347.0
56.0,346.0
56.0,346.0
56.0,348.0
56.0,348.0
56.0,347.5
56.0,347.0
56.0,347.0
56.0,347.0
56.0,347.0
56.0,347.0
56.0,346.0
56.0,347.0
56.0,347.0
56.0,347.0
56.0,347.0
56.0,347.0
56.0,347.0
56.0,347.0
56.0,347.0
56.0,347.0
56.0,346.0
56.0,347.0
56.0,348.0
55.0,348.0
55.0,347.0
55.0,347.0
56.0,347.0
56.0,347.0
56.0,347.0
55.0,346.0
56.0,347.0
55.5,347.0
55.0,347.0
55.0,348.0
54.5,348.0
54.0,348.0
54.0,348.0
54.0,347.0
55.0,347.0
55.0,347.0
55.0,348.0
55.0,348.0
55.0,348.0
55.0,348.0
54.0,347.0
55.0,348.0
55.0,348.0
54.0,346.0
55.0,347.0
56.0,347.0
55.0,348.0
54.0,347.0
56.0,346.0
56.0,347.0
56.0,348.0
56.0,348.0
56.0,347.5
56.0,347.0
56.0,347.0
55.875,347.0625
55.75,347.125
55.625,347.1875
55.5,347.25
55.375,347.3125
55.25,347.375
55.125,347.4375
55.0,347.5
54.875,347.5625
54.75,347.625
54.625,347.6875
54.5,347.75
54.375,347.8125
54.25,347.875
54.125,347.9375
54.0,348.0
54.0,348.0
54.0,348.0
54.0,348.0
55.0,348.0
55.0,348.0
55.0,348.0
54.0,348.0
