x,y
314.0,432.0
321.0,433.0
325.0,433.0
330.0,448.0
356.0,452.0
376.0,470.0
392.0,496.0
402.0,512.0
407.0,551.0
421.0,579.0
440.0,600.0
457.0,614.0
482.0,637.0
515.0,660.0
537.0,684.0
568.0,708.0
597.0,725.0
628.0,751.0
651.0,775.0
676.0,787.0
702.0,794.0
728.0,806.0
744.0,800.0
770.0,795.0
783.0,796.0
796.0,800.0
808.0,805.0
814.0,812.0
823.0,806.0
825.0,803.0
833.0,803.0
839.0,798.0
836.0,785.0
838.0,782.0
836.0,781.0
836.0,780.0
835.0,784.0
836.0,783.0
835.0,775.0
835.0,776.0
835.0,776.0
835.0,776.0
839.0,782.0
835.0,776.0
839.0,775.0
833.0,776.0
835.0,774.0
836.0,775.0
837.0,776.0
836.0,776.0
842.0,776.0
837.0,776.0
840.0,776.0
840.0,776.0
841.0,776.0
840.0,775.0
840.0,775.0
839.0,774.0
839.0,774.0
844.0,776.0
844.0,775.0
842.0,773.0
845.0,775.0
845.0,775.0
845.0,775.0
847.0,776.0
846.0,775.0
846.0,775.0
846.0,774.0
846.0,775.0
847.0,775.0
846.0,774.0
845.0,773.0
845.0,772.0
845.0,772.0
845.0,772.0
845.0,772.0
844.0,771.0
844.0,771.0
844.0,771.0
844.0,771.0
844.0,770.0
845.0,770.0
846.0,769.0
845.0,769.0
844.0,768.0
843.0,769.0
844.0,769.0
843.0,769.0
848.0,766.0
845.0,769.0
848.0,766.0
845.0,768.0
848.0,766.0
846.0,768.0
848.0,767.0
847.0,768.0
846.0,768.0
848.0,767.0
848.0,766.0
