x,y
1017.0,500.0
1017.0,502.0
1020.0,502.0
1020.0,503.0
1020.0,503.0
1021.0,504.0
1020.0,505.0
1019.0,504.0
1020.0,504.0
1020.0,504.0
1019.0,503.0
1018.0,503.0
1019.0,504.0
1019.0,504.0
1019.0,503.0
1019.0,503.0
1017.0,504.0
1014.0,504.0
1015.0,503.0
1016.0,504.0
1016.0,505.0
1016.0,504.0
1017.0,504.0
1018.0,504.0
1018.0,505.0
1018.0,504.0
1017.0,505.0
1017.0,505.0
1018.0,505.0
1018.0,506.0
1018.0,506.0
1018.0,506.0
1017.0,505.0
1016.0,505.0
1015.0,504.0
1018.0,505.0
1017.0,506.0
1016.0,506.0
1016.0,507.0
1019.0,506.0
1017.0,507.0
1015.0,507.0
1017.0,506.0
1017.0,506.0
1016.0,507.0
1016.0,506.0
1016.0,506.0
1017.0,507.0
1016.0,507.0
1016.0,506.0
1016.0,506.0
1015.0,506.0
1016.0,505.0
1018.0,506.0
1017.0,505.0
1017.0,505.0
1016.0,504.0
1016.0,505.0
1016.0,504.0
1017.0,504.0
1015.0,503.0
1014.0,503.0
1014.0,503.0
1011.0,504.0
1011.0,503.0
1014.0,503.0
1014.0,503.0
1010.0,504.0
1013.0,503.0
1009.0,503.0
1008.0,503.0
1009.0,504.0
1010.0,505.0
1006.0,506.0
1007.0,505.0
1009.0,505.0
1008.0,505.0
1007.0,505.0
1009.0,504.0
1007.0,504.0
1007.0,504.0
1008.0,503.0
1007.0,503.0
1007.0,503.0
1007.0,503.0
1008.0,503.0
1008.0,503.0
1008.0,503.0
1008.0,503.0
1008.0,503.0
1008.0,503.0
1007.0,500.0
1008.0,501.0
1007.0,500.0
1007.0,500.0
1007.0,500.0
1007.0,500.0
1008.0,500.0
1007.0,499.0
1008.0,500.0
