x,y
1088.0,906.0
1081.0,898.0
1078.0,902.0
1078.0,903.0
1079.0,903.0
1080.0,903.0
1081.0,905.0
1081.0,905.0
1080.0,905.0
1079.0,904.0
1077.0,901.0
1079.0,903.0
1082.0,903.0
1082.0,901.0
1082.0,900.0
1082.0,901.0
1082.0,901.0
1083.0,901.0
1083.0,900.0
1084.0,900.0
1084.0,900.0
1084.0,900.0
1084.0,901.0
1084.0,900.0
1082.0,899.0
1083.0,901.0
1083.0,901.0
1086.0,902.0
1085.0,900.0
1085.0,901.0
1085.0,899.0
1086.0,899.0
1085.0,899.0
1085.0,899.0
1085.0,899.0
1086.0,899.0
1089.0,900.0
1085.0,900.0
1087.0,899.0
1086.0,900.0
1087.0,900.0
1087.0,900.0
1088.0,900.0
1087.0,900.0
1087.0,900.0
1088.0,901.0
1088.0,900.0
1087.0,901.0
1088.0,901.0
1090.0,899.0
1090.0,899.0
1090.0,900.0
1090.0,901.0
1091.0,899.0
1089.0,900.0
1090.0,899.0
1090.0,900.0
1089.0,899.0
1090.0,898.0
1090.0,898.0
1090.0,899.0
1089.0,900.0
1089.0,900.0
1089.0,901.0
1090.0,901.0
1090.0,901.0
1089.0,898.0
1090.0,902.0
1092.0,898.0
1092.0,900.0
1094.0,900.0
1093.0,901.0
1093.0,900.0
1093.0,901.0
1093.0,901.0
1093.0,903.0
1093.0,904.0
1094.0,901.0
1094.0,900.0
1093.0,904.0
1093.0,901.0
1093.0,902.0
1093.0,901.0
1093.0,901.0
1093.0,902.0
1093.0,902.0
1092.0,904.0
1090.0,907.0
1090.0,908.0
1089.0,909.0
1090.0,909.0
1090.0,909.0
1090.0,910.0
1091.0,908.0
1091.0,910.0
1090.0,920.0
1097.0,932.0
1103.0,952.0
1111.0,980.0
1119.0,1013.0
