x,y
961.0,331.0
961.0,331.0
961.0,331.0
962.0,330.0
965.0,329.0
966.0,328.0
966.0,327.0
966.0,327.0
966.0,327.0
966.0,326.0
967.0,327.0
967.0,327.0
967.0,326.0
979.0,329.0
978.0,329.0
979.0,329.0
971.0,324.0
971.0,324.0
971.0,324.0
971.0,324.0
972.0,324.0
971.0,324.0
971.0,324.0
971.0,324.0
971.0,325.0
972.0,324.0
975.0,324.0
977.0,323.0
976.0,324.0
975.0,324.0
975.0,324.0
974.0,324.0
974.0,324.0
974.0,324.0
975.0,323.0
978.0,328.0
978.0,328.0
976.0,325.0
974.0,324.0
975.0,323.0
975.0,324.0
975.0,322.0
967.0,323.0
970.0,322.0
980.0,313.0
995.0,296.0
1006.0,266.0
1020.0,251.0
1039.0,222.0
1056.0,188.0
1071.0,137.0
1093.0,78.0
1095.0,23.0
