x,y
836.0,364.0
833.0,365.0
826.0,362.0
815.0,363.0
806.0,356.0
793.0,358.0
787.0,363.0
791.0,367.0
792.0,368.0
785.0,368.0
791.0,362.0
798.0,358.0
805.0,365.0
810.0,372.0
817.0,375.0
824.0,383.0
836.0,382.0
849.0,384.0
855.0,394.0
867.0,408.0
874.0,424.0
888.0,431.0
900.0,438.0
905.0,437.0
904.0,437.0
901.0,444.0
901.0,453.0
900.0,460.0
903.0,475.0
918.0,505.0
923.0,525.0
914.0,543.0
907.0,576.0
902.0,588.0
913.0,604.0
927.0,620.0
925.0,630.0
912.0,638.0
901.0,652.0
903.0,654.0
905.0,650.0
904.0,653.0
900.0,656.0
897.0,661.0
899.0,660.0
899.0,658.0
896.0,665.0
901.0,682.0
897.0,709.0
885.0,699.0
889.0,714.0
894.0,713.0
896.0,713.0
894.0,713.0
896.0,712.0
895.0,712.0
896.0,711.0
896.0,712.0
896.0,712.0
894.0,713.0
893.0,712.0
892.0,712.0
895.0,711.0
893.0,712.0
893.0,711.0
890.0,712.0
890.0,711.0
892.0,711.0
890.0,711.0
890.0,711.0
892.0,710.0
891.0,711.0
891.0,713.0
892.0,713.0
891.0,711.0
891.0,710.0
891.0,713.0
891.0,713.0
891.0,711.0
891.0,711.0
891.0,711.0
891.0,711.0
892.0,712.0
891.0,712.0
892.0,713.0
891.0,712.0
892.0,714.0
891.0,712.0
892.0,714.0
890.0,713.0
892.0,714.0
892.0,715.0
892.0,714.0
891.0,714.0
890.0,713.0
891.0,714.0
890.0,713.0
891.0,714.0
891.0,714.0
891.0,714.0
