x,y
850.0,754.0
883.0,735.0
915.0,711.0
930.0,664.0
946.0,621.0
961.0,579.0
991.0,532.0
1017.0,500.0
1048.0,465.0
1079.0,433.0
1104.0,394.0
1117.0,361.0
1110.0,330.0
1110.0,303.0
1109.0,284.0
1117.0,264.0
1130.0,247.0
1145.0,237.0
1152.0,230.0
1165.0,225.0
1177.0,222.0
1192.0,217.0
1203.0,215.0
1202.0,210.0
1210.0,209.0
1212.0,204.0
1212.0,202.0
1211.0,203.0
1213.0,204.0
1211.0,205.0
1210.0,205.0
1211.0,205.0
1211.0,205.0
1209.0,206.0
1210.0,205.0
1210.0,205.0
1209.0,205.0
1210.0,204.0
1210.0,204.0
1210.0,204.0
1210.0,204.0
1209.0,204.0
1210.0,204.0
1209.0,204.0
1210.0,204.0
1211.0,203.0
1213.0,204.0
1214.0,203.0
1214.0,202.0
1214.0,202.0
1214.0,202.0
1214.0,202.0
1214.0,202.0
1215.0,203.0
1215.0,203.0
1215.0,203.0
1214.0,201.0
1213.0,201.0
1213.0,201.0
1213.0,201.0
1214.0,202.0
1214.0,201.0
1215.0,202.0
1214.0,201.0
1215.0,201.0
1217.0,201.0
1218.0,200.0
1216.0,200.0
1217.0,201.0
1216.0,200.0
1215.0,201.0
1213.0,199.0
1218.0,190.0
1234.0,174.0
1247.0,168.0
1261.0,171.0
1292.0,187.0
1333.0,194.0
1380.0,201.0
1428.0,216.0
1485.0,220.0
1547.0,224.0
1610.0,215.0
1669.0,205.0
1729.0,187.0
1786.0,169.0
1859.0,156.0
1915.0,142.0
