x,y
1162.0,543.0
1163.0,544.0
1154.0,542.0
1160.0,540.0
1158.5,537.5
1157.0,535.0
1157.0,528.0
1156.0,529.0
1168.0,559.0
1167.0,559.0
1166.0,561.0
1163.0,564.0
1163.0,565.0
1163.0,564.0
1161.0,567.0
1161.0,568.0
1162.0,566.0
1162.0,567.0
1161.0,567.0
1160.0,568.0
1160.0,570.0
1160.0,571.0
1159.0,570.0
1156.0,572.0
1153.0,573.0
1151.0,574.0
1150.0,574.0
1150.0,575.0
1150.0,576.0
1150.0,577.0
1151.0,582.0
1151.0,587.0
1146.0,587.0
1145.0,591.0
1145.0,591.0
1146.0,592.0
1146.0,590.0
1144.0,589.0
1145.0,586.0
1145.0,590.0
1146.0,591.0
1146.0,588.0
1146.0,590.0
1145.0,592.0
1143.0,596.0
1139.0,598.0
1139.0,598.0
1139.0,598.0
1139.0,598.0
1138.0,598.0
1138.0,598.0
1138.0,599.0
1137.0,597.0
1136.0,595.0
1136.0,598.0
1137.0,599.0
1137.0,599.0
1135.0,599.0
1132.0,596.0
1131.0,600.0
1131.0,599.0
1130.0,597.0
1130.0,597.0
1133.0,602.0
1131.0,598.0
1132.0,600.0
1132.0,600.0
1131.0,600.0
1131.0,599.0
1132.0,598.0
1131.0,599.0
1131.0,599.0
1131.0,598.0
1127.0,593.0
1126.0,593.0
1126.0,593.0
1130.0,600.0
1130.0,600.0
1130.0,598.0
1130.0,598.0
1130.0,599.0
1129.0,597.0
1130.0,600.0
1128.0,597.0
1129.0,598.0
1129.0,599.0
1127.0,600.0
1125.0,595.0
1123.0,582.0
1121.0,583.0
1124.0,582.0
1124.0,582.0
1123.0,582.0
1120.0,582.0
1121.0,582.0
1120.0,583.0
1120.0,583.0
1120.0,583.0
1120.0,583.0
1123.0,601.0
