x,y
975.0,642.0
976.0,642.0
975.0,642.0
975.0,641.0
975.0,641.0
976.0,640.0
976.0,640.0
975.0,641.0
975.0,640.0
976.0,640.0
976.0,640.0
975.0,641.0
974.0,641.0
975.0,640.0
976.0,639.0
976.0,639.0
976.0,639.0
976.0,638.0
975.0,637.0
977.0,637.0
976.0,638.0
976.0,638.0
977.0,637.0
976.0,637.0
976.0,637.0
976.0,637.0
976.0,637.0
976.0,637.0
976.0,636.0
976.0,636.0
976.0,636.0
976.0,636.0
976.0,636.0
976.0,636.0
976.0,637.0
976.0,637.0
976.0,637.0
977.0,636.0
977.0,636.0
977.0,636.0
977.0,636.0
977.0,635.0
977.0,636.0
978.0,637.0
975.0,638.0
977.0,636.0
977.0,636.0
977.0,637.0
978.0,637.0
978.0,636.0
978.0,637.0
978.0,637.0
976.0,638.0
975.0,638.0
976.0,638.0
975.0,638.0
975.0,638.0
976.0,638.0
975.0,637.0
975.0,638.0
976.0,638.0
976.0,638.0
976.0,637.0
976.0,638.0
978.0,638.0
978.0,639.0
977.0,639.0
977.0,638.0
977.0,638.0
976.0,638.0
975.0,637.0
975.0,637.0
975.0,637.0
976.0,636.0
975.0,635.0
974.0,635.0
974.0,636.0
976.0,638.0
975.0,637.0
975.0,636.0
976.0,638.0
975.0,637.0
975.0,638.0
976.0,638.0
976.0,638.0
974.0,636.0
974.0,637.0
974.0,637.0
973.0,636.0
973.0,636.0
972.0,635.0
971.0,635.0
971.0,636.0
971.0,635.0
971.0,634.0
971.0,634.0
970.0,633.0
970.0,633.0
971.0,634.0
971.0,634.0
