x,y
1221.0,534.0
1220.0,534.0
1219.0,534.0
1219.0,535.0
1218.0,534.0
1219.0,534.0
1219.0,534.0
1219.0,534.0
1219.0,534.0
1219.0,534.0
1218.0,535.0
1218.0,534.0
1218.0,534.0
1218.0,534.0
1218.0,534.0
1218.0,533.0
1219.0,533.0
1218.0,533.0
1218.0,533.0
1217.0,535.0
1217.0,535.0
1216.0,535.0
1217.0,535.0
1216.0,535.0
1218.0,535.0
1218.0,535.0
1221.0,534.0
1219.0,534.0
1219.0,535.0
1220.0,533.0
1219.0,534.0
1220.0,534.0
1219.0,534.0
1219.0,534.0
1220.0,534.0
1219.0,535.0
1219.0,536.0
1219.0,535.0
1220.0,536.0
1220.0,536.0
1220.0,535.0
1220.0,535.0
1220.0,536.0
1221.0,535.0
1220.0,535.0
1220.0,536.0
1221.0,536.0
1221.0,536.0
1220.0,536.0
1221.0,537.0
1220.0,536.0
1221.0,537.0
1222.0,536.0
1221.0,535.0
1223.0,533.0
1223.0,534.0
1223.0,533.0
1224.0,533.0
1230.0,527.0
1219.0,538.0
1219.0,537.0
1218.0,536.0
1218.0,536.0
1219.0,529.0
1219.0,529.0
1223.0,523.0
1217.0,529.0
1218.0,529.0
1219.0,523.0
1222.0,521.0
1220.0,521.0
1225.0,523.0
1224.0,521.0
1220.0,517.0
1222.0,508.0
1224.0,508.0
1224.0,506.0
1224.0,506.0
1224.0,505.0
1225.0,504.0
1223.0,504.0
1222.0,504.0
1222.0,503.0
1222.0,503.0
1222.0,500.0
1223.0,498.0
1223.0,498.0
1224.0,496.0
1224.0,495.0
1224.0,494.0
1225.0,495.0
1226.0,495.0
1226.0,494.0
1227.0,494.0
1229.0,494.0
1229.0,494.0
1231.0,493.0
1229.0,493.0
1229.0,494.0
1229.0,491.0
