x,y
1690.0,123.0
1690.0,122.0
1690.0,122.0
1691.0,121.0
1693.0,121.0
1692.0,121.0
1693.0,121.0
1692.0,121.0
1690.0,121.0
1689.0,121.0
1689.0,121.0
1690.0,122.0
1690.0,122.0
1691.0,121.0
1691.0,122.0
1692.0,122.0
1692.0,121.0
1692.0,121.0
1693.0,120.0
1692.0,120.0
1693.0,120.0
1693.0,120.0
1692.0,120.0
1693.0,120.0
1692.0,121.0
1692.0,119.0
1692.0,119.0
1692.0,119.0
1691.0,119.0
1692.0,120.0
1691.0,120.0
1691.0,120.0
1692.0,120.0
1691.0,119.0
1690.0,120.0
1691.0,120.0
1690.0,120.0
1690.0,120.0
1690.0,120.0
1690.0,120.0
1691.0,120.0
1690.0,121.0
1690.0,121.0
1690.0,121.0
1691.0,121.0
1691.0,121.0
1691.0,121.0
1691.0,121.0
1691.0,121.0
1691.0,121.0
1691.0,121.0
1691.0,121.0
1691.0,121.0
1692.0,121.0
1692.0,121.0
1691.0,120.0
1691.0,120.0
1690.0,120.0
1690.0,120.0
1690.0,121.0
1690.0,122.0
1690.0,122.0
1690.0,122.0
1692.0,122.0
1691.0,122.0
1691.0,122.0
1692.0,122.0
1690.0,122.0
1691.0,122.0
1692.0,122.0
1692.0,122.0
1691.0,122.0
1690.0,122.0
1692.0,122.0
1691.0,122.0
1691.0,122.0
1691.0,122.0
1691.0,122.0
1690.0,122.0
1691.0,122.0
1690.0,122.0
1690.0,122.0
1690.0,122.0
1691.0,122.0
1690.0,121.0
1690.0,120.0
1690.0,119.0
1694.0,119.0
1694.0,118.0
1693.0,119.0
1692.0,121.0
1692.0,121.0
1692.0,121.0
1692.0,120.0
1693.0,119.0
1692.0,119.0
1693.0,119.0
1693.0,118.0
1691.0,116.0
1692.0,116.0
