x,y
272.0,566.0
271.0,566.0
272.0,566.0
274.0,565.0
273.0,565.0
274.0,565.0
276.0,565.0
276.0,564.0
277.0,566.0
277.0,566.0
278.0,567.0
278.0,568.0
279.0,568.0
279.0,569.0
279.0,569.0
279.0,569.0
279.0,569.0
280.0,570.0
279.0,570.0
280.0,570.0
280.0,570.0
281.0,571.0
280.0,571.0
281.0,570.0
281.0,569.0
280.0,570.0
280.0,569.0
281.0,570.0
282.0,568.0
281.0,568.0
281.0,568.0
282.0,569.0
281.0,569.0
282.0,570.0
282.0,570.0
282.0,570.0
282.0,571.0
281.0,570.0
282.0,570.0
281.0,569.0
282.0,569.0
281.0,569.0
282.0,569.0
282.0,570.0
281.0,570.0
282.0,570.0
281.0,573.0
281.0,572.0
281.0,571.0
281.0,572.0
282.0,573.0
282.0,575.0
282.0,575.0
281.0,576.0
279.0,576.0
278.0,578.0
278.0,579.0
278.0,584.0
276.0,580.0
277.0,583.0
277.0,583.0
276.0,583.0
276.0,583.0
276.0,583.0
277.0,583.0
276.0,583.0
278.0,583.0
278.0,583.0
278.0,583.0
278.0,583.0
278.0,582.0
277.0,582.0
274.0,580.0
276.0,582.0
276.0,583.0
278.0,582.0
278.0,582.0
278.0,582.0
283.0,581.0
284.0,584.0
278.0,577.0
283.0,584.0
273.0,582.0
263.0,585.0
258.0,585.0
255.0,585.0
259.0,581.0
264.0,578.0
278.0,575.0
288.0,571.0
290.0,571.0
302.0,559.0
306.0,556.0
314.0,566.0
320.0,589.0
334.0,610.0
359.0,628.0
387.0,637.0
418.0,645.0
450.0,651.0
