x,y
1654.0,449.0
1647.0,457.0
1634.0,458.0
1616.0,472.0
1599.0,496.0
1586.0,516.0
1556.0,534.0
1526.0,562.0
1490.0,597.0
1459.0,645.0
1441.0,683.0
1406.0,714.0
1382.0,752.0
1364.0,794.0
1346.0,847.0
1333.0,910.0
1306.0,908.0
1282.0,941.0
1269.0,962.0
1254.0,971.0
1251.0,1000.0
1236.0,1036.0
1221.0,1056.0
1197.0,1068.0
1181.0,1071.0
1149.0,1077.0
1137.0,1076.0
1128.0,1071.0
1113.0,1066.0
1099.0,1057.0
1102.0,1044.0
1094.0,1044.0
1088.0,1040.0
1082.0,1040.0
1075.0,1034.0
1073.0,1028.0
1073.0,1025.0
1069.0,1021.0
1068.0,1016.0
1069.0,1010.0
1066.0,1000.0
1070.0,989.0
1064.0,988.0
1073.0,988.0
1068.0,987.0
1064.0,986.0
1070.0,984.0
1072.0,984.0
1073.0,985.0
1073.0,985.0
1076.0,985.0
1075.0,984.0
1073.0,983.0
1074.0,985.0
1073.0,985.0
1074.0,984.0
1075.0,985.0
1073.0,986.0
1072.0,985.0
1073.0,985.0
1071.0,985.0
1070.0,988.0
1062.0,982.0
1069.0,984.0
1068.0,985.0
1072.0,980.0
1073.0,978.0
1074.0,984.0
1074.0,989.0
1060.0,1010.0
1048.0,1015.0
1021.0,1029.0
995.0,1029.0
978.0,1036.0
950.0,1020.0
905.0,1062.0
860.0,1067.0
810.0,1065.0
770.0,1055.0
702.0,1057.0
648.0,1044.0
599.0,1023.0
545.0,993.0
508.0,953.0
472.0,922.0
455.0,902.0
456.0,873.0
472.0,852.0
489.0,832.0
507.0,812.0
520.0,796.0
525.0,789.0
521.0,767.0
521.0,766.0
519.0,761.0
515.0,759.0
510.0,760.0
504.0,757.0
496.0,742.0
497.0,739.0
