x,y
618.0,1068.0
650.0,1044.0
674.0,1024.0
704.0,1006.0
724.0,999.0
733.0,994.0
736.0,992.0
741.0,975.0
742.0,959.0
761.0,942.0
770.0,926.0
773.0,922.0
771.0,919.0
765.0,914.0
758.0,910.0
762.0,903.0
759.0,910.0
761.0,900.0
751.0,899.0
753.0,900.0
756.0,900.0
753.0,898.0
750.0,898.0
752.0,905.0
756.0,905.0
754.0,898.0
754.0,894.0
751.0,898.0
752.0,897.0
750.0,898.0
752.0,896.0
753.0,897.0
752.0,897.0
753.0,896.0
752.0,895.0
752.0,896.0
751.0,895.0
751.0,897.0
752.0,896.0
751.0,894.0
751.0,895.0
752.0,897.0
753.0,895.0
752.0,894.0
753.0,895.0
753.0,895.0
753.0,895.0
753.0,895.0
753.0,896.0
754.0,896.0
754.0,896.0
753.0,895.0
753.0,894.0
751.0,892.0
752.0,890.0
753.0,887.0
753.0,890.0
754.0,885.0
751.0,886.0
751.0,885.0
751.0,886.0
751.0,888.0
751.0,886.0
749.0,888.0
753.0,886.0
753.0,885.0
751.0,885.0
753.0,884.0
748.0,884.0
749.0,884.0
751.0,884.0
750.0,883.0
751.0,882.0
750.0,882.0
748.0,882.0
750.0,881.0
749.0,882.0
749.0,882.0
749.0,882.0
750.0,881.0
750.0,881.0
749.0,883.0
750.0,881.0
749.0,881.0
749.0,881.0
749.0,881.0
749.0,881.0
749.0,879.0
749.0,880.0
749.0,879.0
749.0,880.0
749.0,880.0
749.0,880.0
749.0,879.0
749.0,880.0
749.0,880.0
749.0,880.0
749.0,879.0
749.0,879.0
750.0,879.0
