x,y
425.0,827.0
425.0,827.0
424.0,826.0
424.0,826.0
425.0,826.0
424.0,825.0
425.0,826.0
425.0,826.0
428.0,825.0
428.0,826.0
430.0,830.0
430.0,831.0
430.0,830.0
432.0,830.0
432.0,830.0
431.0,830.0
431.0,831.0
430.0,831.0
432.0,830.0
432.0,830.0
432.0,831.0
431.0,830.0
431.0,830.0
433.0,831.0
433.0,830.0
432.0,830.0
431.0,832.0
431.0,831.0
431.0,830.0
430.0,832.0
432.0,831.0
431.0,831.0
430.0,830.0
432.0,830.0
429.0,830.0
434.0,819.0
438.0,820.0
436.0,820.0
436.0,823.0
430.0,827.0
424.0,829.0
418.0,832.0
418.0,842.0
426.0,847.0
437.0,862.0
470.0,861.0
497.0,876.0
544.0,894.0
599.0,908.0
665.0,920.0
737.0,939.0
808.0,956.0
885.0,974.0
950.0,987.0
1004.0,997.0
1025.0,1006.0
1034.0,1007.0
1065.0,1037.0
1084.0,1063.0
1100.0,1068.0
1110.75,1070.25
1121.5,1072.5
1132.25,1074.75
1143.0,1077.0
1175.0,1063.0
1185.0,1026.0
1195.0,979.0
1194.0,912.0
1207.0,853.0
1222.0,774.0
1225.0,696.0
1263.0,627.0
1291.0,551.0
1320.0,482.0
1338.0,419.0
1338.0,361.0
1321.0,312.0
1318.0,282.0
1302.0,256.0
1293.0,241.0
1286.0,240.0
1279.0,248.0
1269.0,248.0
1263.0,247.0
1261.0,243.0
1260.0,232.0
1257.0,222.0
1264.0,218.0
1263.0,220.0
1255.0,217.0
1260.0,221.0
1262.0,224.0
1263.0,224.0
1261.0,223.0
1261.0,223.0
1254.0,219.0
1256.0,219.0
1256.0,218.0
1261.0,223.0
1261.0,223.0
