x,y
1056.0,716.0
1057.0,714.0
1056.0,715.0
1057.0,716.0
1056.0,716.0
1055.0,717.0
1054.0,717.0
1054.0,717.0
1056.0,714.0
1055.0,715.0
1056.0,714.0
1056.0,717.0
1055.0,714.0
1054.0,711.0
1056.0,713.0
1055.0,710.0
1056.0,712.0
1057.0,713.0
1057.0,713.0
1055.0,716.0
1055.0,711.0
1055.0,711.0
1053.0,716.0
1052.0,716.0
1052.0,708.0
1051.0,714.0
1054.0,709.0
1051.0,713.0
1052.0,710.0
1050.0,709.0
1049.0,709.0
1049.0,708.0
1049.0,708.0
1051.0,705.0
1051.0,706.0
1051.0,707.0
1052.0,706.0
1052.0,705.0
1052.0,705.0
1052.0,705.0
1052.0,705.0
1053.0,705.0
1056.0,703.0
1055.0,703.0
1055.0,703.0
1055.0,705.0
1054.0,705.0
1054.0,705.0
1053.0,704.0
1052.0,705.0
1052.0,705.0
1051.0,705.0
1051.0,705.0
1052.0,705.0
1052.0,703.0
1052.0,704.0
1051.0,700.0
1054.0,703.0
1056.0,702.0
1056.0,698.0
1055.0,700.0
1055.0,700.0
1055.0,700.0
1055.0,700.0
1054.0,700.0
1054.0,701.0
1055.0,700.0
1052.0,702.0
1052.0,696.0
1052.0,701.0
1051.0,699.0
1051.0,697.0
1052.0,701.0
1053.0,698.0
1053.0,702.0
1053.0,698.0
1053.0,699.0
1055.0,701.0
1054.0,701.0
1055.0,699.0
1058.0,698.0
1057.0,699.0
1057.0,699.0
1057.0,699.0
1057.0,698.0
1058.0,698.0
1057.0,699.0
1058.0,700.0
1058.0,700.0
1058.0,700.0
1058.0,698.0
1058.0,698.0
1061.0,700.0
1060.0,698.0
1061.0,700.0
1059.0,701.0
1061.0,701.0
1061.0,703.0
1061.0,702.0
1061.0,702.0
