x,y
967.0,644.0
968.0,644.0
968.0,644.0
968.0,643.0
968.0,644.0
968.0,644.0
969.0,643.0
968.0,643.0
969.0,643.0
969.0,643.0
968.0,642.0
968.0,641.0
969.0,642.0
969.0,641.0
969.0,641.0
968.0,642.0
968.0,641.0
969.0,640.0
970.0,641.0
969.0,641.0
971.0,641.0
971.0,641.0
972.0,642.0
970.0,642.0
972.0,641.0
972.0,642.0
973.0,643.0
972.0,643.0
972.0,643.0
972.0,643.0
972.0,643.0
973.0,643.0
973.0,643.0
973.0,644.0
972.0,645.0
972.0,644.0
972.0,644.0
972.0,645.0
972.0,644.0
972.0,645.0
973.0,645.0
973.0,644.0
973.0,644.0
973.0,644.0
973.0,645.0
973.0,644.0
973.0,645.0
973.0,645.0
973.0,645.0
973.0,645.0
973.0,645.0
973.0,645.0
972.0,644.0
973.0,645.0
973.0,645.0
973.0,645.0
973.0,645.0
973.0,645.0
973.0,645.0
973.0,645.0
973.0,644.0
973.0,643.0
973.0,643.0
972.0,643.0
973.0,643.0
973.0,643.0
973.0,643.0
973.0,643.0
972.0,643.0
972.0,643.0
972.0,643.0
973.0,644.0
972.0,643.0
973.0,643.0
973.0,643.0
973.0,642.0
973.0,642.0
973.0,642.0
973.0,642.0
973.0,643.0
973.0,642.0
974.0,642.0
974.0,642.0
974.0,642.0
974.0,642.0
974.0,642.0
974.0,642.0
975.0,642.0
974.0,643.0
974.0,642.0
975.0,642.0
974.0,642.0
975.0,642.0
975.0,642.0
975.0,642.0
975.0,642.0
975.0,642.0
975.0,641.0
975.0,642.0
975.0,642.0
