x,y
1058.0,971.0
1056.0,973.0
1055.0,972.0
1055.0,972.0
1055.0,972.0
1055.0,972.0
1055.0,972.0
1055.0,972.0
1055.0,972.0
1055.0,973.0
1054.0,975.0
1054.0,977.0
1054.0,977.0
1058.0,971.0
1059.0,974.0
1062.0,974.0
1063.0,974.0
1063.0,973.0
1065.0,965.0
1066.0,965.0
1066.0,964.0
1064.0,962.0
1064.0,961.0
1064.0,961.0
1065.0,961.0
1064.0,961.0
1064.0,961.0
1065.0,962.0
1064.0,962.0
1064.0,962.0
1064.0,962.0
1063.0,961.0
1063.0,961.0
1063.0,960.0
1063.0,960.0
1064.0,960.0
1064.0,961.0
1063.0,960.0
1063.0,960.0
1062.0,961.0
1063.0,961.0
1063.0,961.0
1062.0,961.0
1063.0,961.0
1064.0,960.0
1064.0,959.0
1064.0,959.0
1065.0,959.0
1064.0,959.0
1063.0,959.0
1063.0,959.0
1063.0,959.0
1063.0,959.0
1063.0,960.0
1062.0,960.0
1063.0,960.0
1063.0,960.0
1063.0,961.0
1064.0,960.0
1064.0,959.0
1064.0,960.0
1064.0,960.0
1065.0,960.0
1064.0,958.0
1064.0,958.0
1064.0,958.0
1063.0,957.0
1064.0,957.0
1064.0,957.0
1063.0,954.0
1061.0,954.0
1060.0,953.0
1060.0,953.0
1060.0,953.0
1060.0,953.0
1062.0,952.0
1060.0,953.0
1061.0,953.0
1061.0,953.0
1061.0,953.0
1061.0,952.0
1063.0,952.0
1063.0,952.0
1061.0,953.0
1061.0,953.0
1061.0,953.0
1063.0,952.0
1061.0,953.0
1060.0,952.0
1060.0,952.0
1060.0,952.0
1061.0,952.0
1061.0,952.0
1061.0,952.0
1062.0,952.0
1062.0,952.0
1062.0,952.0
1062.0,951.0
1063.0,951.0
1063.0,951.0
