x,y
838.0,201.0
838.0,200.0
839.0,201.0
840.0,202.0
840.0,201.0
838.0,201.0
837.0,201.0
839.0,202.0
838.0,201.0
838.0,201.0
839.0,202.0
840.0,202.0
840.0,203.0
840.0,204.0
840.0,205.0
839.0,205.0
839.0,205.0
841.0,204.0
840.0,204.0
840.0,204.0
839.0,204.0
842.0,202.0
842.0,203.0
841.0,204.0
841.0,203.0
844.0,201.0
844.0,200.0
841.0,201.0
845.0,197.0
846.0,198.0
845.0,203.0
843.0,205.0
846.0,206.0
846.0,207.0
845.0,208.0
843.0,208.0
839.0,207.0
833.0,206.0
830.0,213.0
830.0,228.0
826.0,250.0
831.0,257.0
821.0,265.0
810.0,279.0
792.0,272.0
760.0,279.0
747.0,309.0
712.0,338.0
656.0,367.0
577.0,373.0
482.0,359.0
384.0,348.0
307.0,332.0
239.0,325.0
181.0,337.0
137.0,361.0
95.0,398.0
70.0,424.0
60.0,438.0
72.0,448.0
98.0,439.0
130.0,441.0
160.0,445.0
177.0,453.0
182.0,454.0
164.0,456.0
159.0,458.0
151.0,460.0
146.0,463.0
147.0,452.0
138.0,438.0
131.0,404.0
119.0,370.0
126.0,340.0
129.0,304.0
148.0,269.0
181.0,232.0
219.0,186.0
274.0,159.0
339.0,104.0
412.0,42.0
