x,y
326.0,22.0
330.0,37.0
337.0,53.0
346.0,63.0
350.0,74.0
357.0,77.0
359.0,88.0
361.0,90.0
365.0,91.0
358.0,91.0
357.0,88.0
364.0,88.0
363.0,89.0
363.0,89.0
363.0,88.0
364.0,88.0
364.0,88.0
363.0,88.0
364.0,88.0
364.0,88.0
363.0,88.0
362.0,88.0
362.0,89.0
361.0,90.0
358.0,87.0
359.0,89.0
357.0,88.0
357.0,88.0
359.0,88.0
357.0,89.0
355.0,90.0
356.0,89.0
358.0,89.0
357.0,88.0
357.0,88.0
356.0,88.0
357.0,88.0
358.0,90.0
354.0,90.0
357.0,92.0
357.0,91.0
357.0,91.0
358.0,90.0
358.0,90.0
357.0,90.0
356.0,94.0
357.0,93.0
357.0,94.0
356.0,95.0
359.0,90.0
351.0,95.0
359.0,98.0
351.0,99.0
359.0,100.0
360.0,99.0
352.0,99.0
357.0,100.0
352.0,99.0
359.0,98.0
359.0,98.0
352.0,99.0
356.0,101.0
358.0,100.0
358.0,99.0
359.0,99.0
358.0,99.0
357.0,99.0
356.0,99.0
355.0,100.0
354.0,101.0
355.0,100.0
355.0,101.0
353.0,103.0
355.0,104.0
353.0,105.0
353.0,104.0
354.0,106.0
353.0,105.0
354.0,104.0
355.0,105.0
355.0,105.0
354.0,105.0
354.0,105.0
354.0,106.0
354.0,106.0
354.0,106.0
355.0,105.0
354.0,106.0
349.0,95.0
352.0,99.0
353.0,99.0
363.0,121.0
362.0,121.0
363.0,120.0
363.0,119.0
363.0,118.0
363.0,118.0
364.0,120.0
363.0,119.0
364.0,119.0
