x,y
16.0,375.0
85.0,395.0
153.0,423.0
212.0,465.0
280.0,507.0
307.0,545.0
355.0,578.0
407.0,596.0
455.0,609.0
499.0,620.0
535.0,635.0
555.0,663.0
568.0,703.0
591.0,728.0
619.0,742.0
638.0,758.0
648.0,761.0
668.0,755.0
697.0,748.0
679.0,760.0
666.0,790.0
710.0,799.0
702.0,783.0
703.0,786.0
702.0,786.0
703.0,783.0
703.0,780.0
706.0,779.0
703.0,781.0
704.0,779.0
704.0,778.0
704.0,778.0
704.0,778.0
703.0,778.0
704.0,778.0
706.0,778.0
706.0,777.0
707.0,777.0
707.0,777.0
707.0,777.0
707.0,777.0
708.0,776.0
707.0,777.0
707.0,777.0
709.0,777.0
709.0,778.0
711.0,778.0
713.0,780.0
713.0,781.0
713.0,781.0
714.0,781.0
715.0,780.0
716.0,781.0
716.0,781.0
717.0,782.0
717.0,783.0
718.0,784.0
718.0,783.0
720.0,786.0
719.0,784.0
719.0,785.0
719.0,785.0
720.0,785.0
719.0,785.0
719.0,785.0
719.0,785.0
720.0,786.0
720.0,786.0
721.0,788.0
721.0,788.0
722.0,790.0
722.0,791.0
723.0,791.0
724.0,791.0
724.0,792.0
724.0,792.0
724.0,793.0
725.0,792.0
725.0,792.0
726.0,792.0
726.0,793.0
725.0,793.0
725.0,793.0
725.0,794.0
726.0,794.0
727.0,798.0
727.0,799.0
727.0,798.0
727.0,798.0
727.0,798.0
728.0,798.0
727.0,798.0
728.0,799.0
727.0,800.0
728.0,801.0
728.0,805.0
730.0,806.0
728.0,804.0
728.0,804.0
729.0,805.0
