x,y
1512.0,132.0
1515.0,132.0
1515.0,131.0
1514.0,132.0
1514.0,132.0
1514.0,132.0
1514.0,134.0
1514.0,132.0
1513.0,131.0
1514.0,132.0
1515.0,134.0
1515.0,133.0
1515.0,132.0
1516.0,133.0
1515.0,133.0
1516.0,133.0
1516.0,133.0
1516.0,133.0
1516.0,133.0
1516.0,133.0
1516.0,133.0
1516.0,133.0
1515.0,133.0
1512.0,133.0
1509.0,132.0
1507.0,131.0
1506.0,133.0
1492.0,130.0
1485.0,123.0
1473.0,112.0
1468.0,111.0
1456.0,113.0
1434.0,128.0
1424.0,127.0
1416.0,132.0
1404.0,136.0
1395.0,140.0
1393.0,150.0
1394.0,166.0
1395.0,186.0
1385.0,204.0
1375.0,224.0
1362.0,250.0
1345.0,272.0
1324.0,291.0
1305.0,307.0
1283.0,313.0
1284.0,323.0
1288.0,334.0
1288.0,359.0
1276.0,386.0
1245.0,414.0
1206.0,434.0
1167.0,453.0
1129.0,473.0
1112.0,499.0
1098.0,530.0
1097.0,545.0
1103.0,571.0
1113.0,588.0
1128.0,607.0
1154.0,626.0
1182.0,643.0
1198.0,665.0
1196.0,673.0
1188.0,682.0
1181.0,689.0
1174.0,695.0
1164.0,695.0
1163.0,698.0
1163.0,704.0
1163.0,708.0
1163.0,712.0
1159.0,715.0
1153.0,721.0
1154.0,730.0
1156.0,729.0
1159.0,726.0
1162.0,731.0
1160.0,730.0
1161.0,727.0
1160.0,726.0
1160.0,729.0
1160.0,729.0
1160.0,727.0
1162.0,728.0
1163.0,729.0
1164.0,727.0
1162.0,728.0
1164.0,733.0
1166.0,732.0
1165.0,732.0
1166.0,729.0
1166.0,729.0
1164.0,730.0
1165.0,731.0
1164.0,730.0
1164.0,731.0
1166.0,731.0
1167.0,731.0
