x,y
1294.0,1054.0
1297.0,1039.0
1296.0,1037.0
1289.0,1043.0
1256.0,1052.0
1197.0,1058.0
1152.0,1053.0
1103.0,1019.0
1061.0,970.0
1038.0,909.0
1027.0,840.0
1044.0,775.0
1059.0,712.0
1087.0,645.0
1090.0,590.0
1093.0,548.0
1085.0,521.0
1076.0,491.0
1058.0,456.0
1038.0,412.0
1019.0,371.0
995.0,333.0
969.0,292.0
951.0,268.0
943.0,256.0
934.0,246.0
920.0,234.0
911.0,227.0
909.0,215.0
890.0,223.0
889.0,220.0
872.0,210.0
875.0,213.0
871.0,224.0
861.0,219.0
864.0,220.0
858.0,223.0
856.0,218.0
854.0,212.0
854.0,218.0
856.0,218.0
857.0,217.0
857.0,216.0
855.0,216.0
856.0,216.0
856.0,216.0
856.0,219.0
854.0,216.0
850.0,217.0
851.0,219.0
851.0,219.0
851.0,220.0
850.0,219.0
849.0,218.0
844.0,215.0
845.0,218.0
844.0,217.0
843.0,216.0
843.0,218.0
841.0,216.0
842.0,214.0
842.0,216.0
842.0,215.0
842.0,214.0
842.0,215.0
842.0,214.0
842.0,214.0
843.0,213.0
841.0,214.0
841.0,214.0
840.0,214.0
840.0,215.0
840.0,215.0
839.0,214.0
841.0,215.0
839.0,215.0
841.0,215.0
840.0,216.0
841.0,216.0
841.0,216.0
837.0,215.0
841.0,216.0
840.0,216.0
841.0,216.0
841.0,215.0
837.0,210.0
836.0,211.0
835.0,212.0
836.0,211.0
835.0,210.0
835.0,211.0
835.0,210.0
834.0,209.0
834.0,209.0
833.0,208.0
834.0,207.0
835.0,207.0
834.0,208.0
835.0,208.0
835.0,207.0
