x,y
1526.888888888889,314.22222222222223
1527.1666666666667,314.1666666666667
1527.4444444444443,314.1111111111111
1527.7222222222222,314.05555555555554
1528.0,314.0
1528.2777777777778,313.94444444444446
1528.5555555555557,313.8888888888889
1528.8333333333333,313.8333333333333
1529.111111111111,313.77777777777777
1529.388888888889,313.72222222222223
1529.6666666666667,313.6666666666667
1529.9444444444443,313.6111111111111
1530.2222222222222,313.55555555555554
1530.5,313.5
1530.7777777777778,313.44444444444446
1531.0555555555557,313.3888888888889
1531.3333333333333,313.3333333333333
1531.611111111111,313.27777777777777
1531.888888888889,313.22222222222223
1532.1666666666667,313.1666666666667
1532.4444444444443,313.1111111111111
1532.7222222222222,313.05555555555554
1533.0,313.0
1533.2777777777778,312.94444444444446
1533.5555555555557,312.8888888888889
1533.8333333333333,312.8333333333333
1534.111111111111,312.77777777777777
1534.388888888889,312.72222222222223
1534.6666666666667,312.6666666666667
1534.9444444444443,312.6111111111111
1535.2222222222222,312.55555555555554
1535.5,312.5
1535.7777777777778,312.44444444444446
1536.0555555555557,312.3888888888889
1536.3333333333333,312.3333333333333
1536.611111111111,312.27777777777777
1536.888888888889,312.22222222222223
1537.1666666666667,312.1666666666667
1537.4444444444443,312.1111111111111
1537.7222222222222,312.05555555555554
1538.0,312.0
1538.2777777777778,311.94444444444446
1538.5555555555557,311.8888888888889
1538.8333333333333,311.8333333333333
1539.111111111111,311.77777777777777
1539.388888888889,311.72222222222223
1539.6666666666667,311.6666666666667
1539.9444444444443,311.6111111111111
1540.2222222222222,311.55555555555554
1540.5,311.5
1540.7777777777778,311.44444444444446
1541.0555555555557,311.3888888888889
1541.3333333333333,311.3333333333333
1541.611111111111,311.27777777777777
1541.888888888889,311.22222222222223
1542.1666666666667,311.1666666666667
1542.4444444444443,311.1111111111111
1542.7222222222222,311.05555555555554
1543.0,311.0
1541.0,311.0
1524.0,316.0
1504.0,316.0
1525.0,315.0
1525.3809523809523,314.8809523809524
1525.7619047619048,314.76190476190476
1526.142857142857,314.64285714285717
1526.5238095238096,314.5238095238095
1526.904761904762,314.4047619047619
1527.2857142857142,314.2857142857143
1527.6666666666667,314.1666666666667
1528.047619047619,314.04761904761904
1528.4285714285713,313.92857142857144
1528.8095238095239,313.8095238095238
1529.1904761904761,313.6904761904762
1529.5714285714287,313.57142857142856
1529.952380952381,313.45238095238096
1530.3333333333333,313.3333333333333
1530.7142857142858,313.2142857142857
1531.095238095238,313.0952380952381
1531.4761904761904,312.9761904761905
1531.857142857143,312.85714285714283
1532.2380952380952,312.73809523809524
1532.6190476190477,312.6190476190476
1533.0,312.5
1533.3809523809523,312.3809523809524
1533.7619047619048,312.26190476190476
1534.142857142857,312.14285714285717
1534.5238095238096,312.0238095238095
1534.904761904762,311.9047619047619
1535.2857142857142,311.7857142857143
1535.6666666666667,311.6666666666667
1536.047619047619,311.54761904761904
1536.4285714285713,311.42857142857144
1536.8095238095239,311.3095238095238
1537.1904761904761,311.1904761904762
1537.5714285714287,311.07142857142856
1537.952380952381,310.95238095238096
1538.3333333333333,310.8333333333333
1538.7142857142858,310.7142857142857
1539.095238095238,310.5952380952381
