x,y
1285.0,283.0
1285.0,283.0
1285.0,282.0
1285.0,282.0
1285.0,281.0
1285.0,281.0
1285.0,282.0
1285.0,281.0
1284.0,282.0
1284.0,283.0
1283.0,283.0
1284.0,282.0
1285.0,281.0
1285.0,281.0
1284.0,279.0
1284.0,279.0
1284.0,278.0
1283.0,277.0
1284.0,278.0
1283.0,278.0
1283.0,278.0
1285.0,278.0
1286.0,278.0
1286.0,278.0
1286.0,279.0
1285.0,276.0
1280.0,276.0
1280.0,275.0
1280.0,276.0
1280.0,275.0
1286.0,276.0
1286.0,275.0
1286.0,275.0
1285.0,273.0
1286.0,274.0
1286.0,274.0
1283.0,272.0
1284.0,271.0
1286.0,272.0
1284.0,271.0
1285.0,271.0
1285.0,271.0
1285.0,271.0
1285.0,271.0
1285.0,271.0
1284.0,271.0
1285.0,271.0
1286.0,271.0
1287.0,271.0
1286.0,271.0
1286.0,271.0
1286.0,271.0
1286.0,271.0
1286.0,271.0
1286.0,271.0
1286.0,270.0
1285.0,270.0
1284.0,270.0
1284.0,270.0
1285.0,271.0
1285.0,271.0
1285.0,271.0
1286.0,271.0
1286.0,271.0
1286.0,271.0
1285.0,271.0
1285.0,271.0
1285.0,271.0
1285.0,271.0
1285.0,271.0
1285.0,271.0
1286.0,271.0
1286.0,271.0
1286.0,271.0
1286.0,271.0
1286.0,271.0
1286.0,271.0
1286.0,271.0
1286.0,271.0
1289.0,270.0
1288.0,271.0
1288.0,271.0
1289.0,270.0
1288.0,270.0
1290.0,269.0
1289.0,270.0
1291.0,274.0
1291.0,275.0
1292.0,271.0
1291.0,276.0
1292.0,275.0
1293.0,271.0
1293.0,271.0
1294.0,271.0
1294.0,275.0
1295.0,272.0
1295.0,272.0
1295.0,272.0
1295.0,272.0
1295.0,272.0
