x,y
166.0,815.0
164.0,803.0
171.0,796.0
172.0,785.0
170.0,765.0
160.0,745.0
151.0,724.0
139.0,697.0
113.0,666.0
101.0,626.0
78.0,592.0
65.0,552.0
53.0,525.0
53.0,502.0
62.0,486.0
71.0,474.0
79.0,462.0
82.0,448.0
81.0,436.0
90.0,428.0
99.0,416.0
107.0,405.0
112.0,390.0
103.0,379.0
86.0,377.0
78.0,362.0
74.0,367.0
66.0,369.0
59.0,357.0
52.0,353.0
42.0,347.0
39.0,340.0
32.0,328.0
47.0,321.0
52.0,301.0
54.0,286.0
58.0,280.0
62.0,267.0
61.0,259.0
63.0,257.0
64.0,251.0
65.0,249.0
66.0,246.0
67.0,242.0
65.0,238.0
68.0,233.0
71.0,232.0
73.0,235.0
74.0,230.0
75.0,230.0
78.0,222.0
77.0,225.0
77.0,227.0
84.0,222.0
86.0,222.0
87.0,222.0
88.0,222.0
87.0,224.0
85.0,225.0
87.0,224.0
89.0,222.0
88.0,226.0
86.0,232.0
88.0,229.0
88.0,229.0
89.0,228.0
89.0,228.0
88.0,227.0
89.0,227.0
89.0,225.0
93.0,223.0
93.0,221.0
95.0,222.0
98.0,217.0
95.0,221.0
93.0,224.0
92.0,224.0
92.0,225.0
93.0,227.0
93.0,227.0
93.0,227.0
93.0,228.0
93.0,228.0
94.0,228.0
95.0,228.0
96.0,228.0
95.0,228.0
94.0,226.0
94.0,226.0
95.0,225.0
95.0,226.0
95.0,226.0
95.0,225.0
102.0,227.0
104.0,227.0
104.0,227.0
105.0,227.0
106.0,227.0
107.0,230.0
106.0,231.0
