x,y
1222.0,508.0
1224.0,508.0
1224.0,512.0
1224.0,509.0
1221.0,509.0
1219.0,508.0
1220.0,509.0
1221.0,509.0
1220.0,510.0
1220.0,509.0
1218.0,510.0
1219.0,510.0
1221.0,508.0
1223.0,510.0
1222.0,509.0
1222.0,509.0
1222.0,509.0
1223.0,510.0
1223.0,510.0
1223.0,511.0
1223.0,510.0
1222.0,511.0
1223.0,511.0
1221.0,512.0
1222.0,511.0
1222.0,511.0
1221.0,510.0
1222.0,512.0
1222.5,513.0
1223.0,514.0
1223.0,514.0
1221.0,513.0
1222.0,513.0
1222.0,513.0
1222.0,514.0
1222.0,514.0
1222.0,512.0
1222.0,513.0
1222.0,514.0
1223.0,514.0
1228.0,511.0
1223.0,513.0
1222.0,515.0
1224.0,515.0
1226.0,512.0
1227.0,512.0
1226.0,512.0
1224.5,512.5
1223.0,513.0
1228.0,512.0
1229.0,513.0
1230.0,514.0
1227.0,513.0
1226.0,513.0
1226.0,513.0
1225.5,513.0
1225.0,513.0
1230.0,512.0
1230.0,513.0
1227.0,514.0
1226.0,514.0
1225.84,514.72
1225.68,515.44
1225.52,516.16
1225.36,516.88
1225.2,517.6
1225.04,518.32
1224.88,519.04
1224.72,519.76
1224.56,520.48
1224.4,521.2
1224.24,521.92
1224.08,522.64
1223.92,523.36
1223.76,524.08
1223.6,524.8
1223.44,525.52
1223.28,526.24
1223.12,526.96
1222.96,527.68
1222.8,528.4
1222.64,529.12
1222.48,529.84
1222.32,530.56
1222.16,531.28
1222.0,532.0
1222.0,530.0
1222.0,530.0
1221.857142857143,530.2857142857143
1221.7142857142858,530.5714285714286
1221.5714285714287,530.8571428571429
1221.4285714285713,531.1428571428571
1221.2857142857142,531.4285714285714
1221.142857142857,531.7142857142857
1221.0,532.0
1223.0,535.0
1222.9818181818182,534.9454545454546
1222.9636363636364,534.8909090909091
1222.9454545454546,534.8363636363637
1222.9272727272728,534.7818181818182
