x,y
1505.0,130.0
1505.0,129.0
1505.0,129.0
1505.0,129.0
1504.0,129.0
1506.0,129.0
1505.0,129.0
1504.0,128.0
1505.0,126.0
1505.0,127.0
1506.0,127.0
1506.0,125.0
1506.0,125.0
1505.0,124.0
1505.0,123.0
1505.0,123.0
1505.0,124.0
1505.0,123.0
1506.0,123.0
1507.0,123.0
1506.0,124.0
1506.0,123.0
1507.0,123.0
1507.0,123.0
1506.0,123.0
1507.0,123.0
1507.0,123.0
1505.0,121.0
1506.0,122.0
1509.0,119.0
1510.0,115.0
1509.0,115.0
1509.0,118.0
1510.0,116.0
1508.0,116.0
1509.0,117.0
1509.0,116.0
1507.0,114.0
1509.0,115.0
1511.0,116.0
1508.0,115.0
1510.0,115.0
1512.0,117.0
1511.0,116.0
1510.0,118.0
1510.0,119.0
1512.0,118.0
1510.0,120.0
1510.0,120.0
1511.0,120.0
1512.0,121.0
1511.0,120.0
1512.0,119.0
1512.0,119.0
1511.0,118.0
1510.0,118.0
1511.0,118.0
1511.0,117.0
1510.0,118.0
1510.0,119.0
1511.0,117.0
1510.0,118.0
1510.0,118.0
1510.0,117.0
1509.0,118.0
1511.0,116.0
1515.0,118.0
1515.0,118.0
1514.0,118.0
1516.0,117.0
1518.0,116.0
1520.0,119.0
1519.0,119.0
1518.0,120.0
1517.0,120.0
1517.0,121.0
1517.0,122.0
1517.0,121.0
1518.0,120.0
1518.0,121.0
1518.0,121.0
1518.0,121.0
1519.0,121.0
1519.0,121.0
1519.0,121.0
1519.0,121.0
1518.0,120.0
1516.0,118.0
1517.0,120.0
1517.0,122.0
1517.0,120.0
1517.0,120.0
1517.0,120.0
1517.0,120.0
1517.0,120.0
1517.0,120.0
1518.0,121.0
1517.0,120.0
1517.0,118.0
1517.0,120.0
