x,y
164.0,805.0
164.0,797.0
166.0,804.0
166.0,804.0
165.0,804.0
165.0,795.0
165.0,795.0
166.0,794.0
167.0,793.0
167.0,794.0
167.0,793.0
168.0,793.0
167.0,793.0
167.0,794.0
168.0,793.0
166.0,794.0
164.0,800.0
164.0,799.0
164.0,799.0
164.0,799.0
164.0,798.0
165.0,799.0
167.0,801.0
167.0,800.0
167.0,800.0
167.0,800.0
166.0,800.0
166.0,800.0
166.0,801.0
166.0,800.0
167.0,800.0
166.0,801.0
167.0,802.0
167.0,801.0
167.0,801.0
166.0,800.0
165.0,800.0
165.0,800.0
165.0,800.0
165.0,801.0
160.0,807.0
165.0,800.0
165.0,799.0
166.0,800.0
170.0,795.0
168.0,802.0
171.0,802.0
171.0,801.0
171.0,801.0
171.0,802.0
172.0,801.0
171.0,802.0
170.0,803.0
170.0,799.0
170.0,799.0
175.0,797.0
175.0,797.0
175.0,797.0
175.0,798.0
175.0,798.0
175.0,797.0
175.0,797.0
176.0,798.0
173.0,799.0
173.0,801.0
176.0,797.0
170.0,800.0
158.0,803.0
158.0,804.0
157.0,805.0
170.0,800.0
170.0,800.0
177.0,799.0
178.0,799.0
170.0,801.0
160.0,804.0
159.0,804.0
159.0,804.0
168.0,801.0
168.0,800.0
170.0,803.0
170.0,804.0
170.0,803.0
170.0,803.0
169.0,804.0
170.0,804.0
170.0,804.0
169.0,805.0
169.0,805.0
169.0,805.0
169.0,808.0
169.0,807.0
169.0,806.0
169.0,808.0
168.0,807.0
164.0,810.0
169.0,807.0
169.0,806.0
168.0,806.0
168.0,806.0
