x,y
32.0,844.0
73.0,799.0
97.0,774.0
121.0,754.0
136.0,744.0
148.0,736.0
148.0,725.0
149.0,714.0
154.0,708.0
147.0,692.0
145.0,689.0
140.0,683.0
141.0,685.0
140.0,681.0
142.0,664.0
138.0,649.0
151.0,662.0
145.0,662.0
153.0,663.0
157.0,664.0
154.0,657.0
158.0,664.0
156.0,666.0
151.0,662.0
150.0,663.0
152.0,665.0
150.0,656.0
151.0,656.0
152.0,656.0
160.0,660.0
155.0,654.0
156.0,654.0
155.0,653.0
154.0,655.0
156.0,664.0
155.0,655.0
156.0,655.0
157.0,655.0
158.0,664.0
157.0,664.0
158.0,654.0
159.0,654.0
159.0,654.0
162.0,656.0
159.0,654.0
162.0,657.0
162.0,655.0
163.0,653.0
162.0,654.0
156.0,654.0
156.0,664.0
154.0,658.0
158.0,652.0
168.0,630.0
173.0,614.0
199.0,596.0
216.0,593.0
237.0,585.0
263.0,583.0
276.0,575.0
291.0,571.0
304.0,572.0
313.0,565.0
322.0,560.0
328.0,555.0
330.0,553.0
332.0,552.0
331.0,551.0
329.0,559.0
308.0,560.0
337.0,548.0
337.0,548.0
338.0,546.0
338.0,546.0
337.0,545.0
337.0,544.0
333.0,544.0
333.0,544.0
333.0,544.0
334.0,545.0
334.0,545.0
334.0,545.0
334.0,546.0
334.0,546.0
333.0,546.0
334.0,546.0
339.0,547.0
339.0,547.0
339.0,547.0
334.0,547.0
335.0,548.0
334.0,547.0
334.0,547.0
334.0,547.0
334.0,546.0
333.0,541.0
332.0,540.0
332.0,539.0
332.0,537.0
331.0,537.0
