x,y
536.0,930.0
547.0,923.0
551.0,925.0
554.0,918.0
557.0,919.0
559.0,911.0
561.0,910.0
562.0,910.0
562.0,909.0
562.0,911.0
562.0,911.0
561.0,911.0
564.0,917.0
562.0,911.0
562.0,911.0
563.0,911.0
564.0,911.0
567.0,913.0
566.0,913.0
566.0,913.0
566.0,913.0
566.0,913.0
566.0,913.0
566.0,913.0
565.0,913.0
565.0,912.0
564.0,912.0
564.0,912.0
565.0,913.0
568.0,914.0
571.0,914.0
572.0,913.0
573.0,911.0
575.0,917.0
575.0,917.0
573.0,912.0
575.0,912.0
576.0,913.0
577.0,913.0
578.0,918.0
578.0,918.0
577.0,918.0
576.0,913.0
576.0,914.0
579.0,920.0
582.0,918.0
588.0,911.0
586.0,910.0
588.0,909.0
586.0,908.0
589.0,909.0
589.0,909.0
588.0,912.0
588.0,912.0
588.0,912.0
589.0,911.0
589.0,909.0
590.0,909.0
590.0,909.0
590.0,909.0
591.0,908.0
591.0,907.0
591.0,906.0
591.0,906.0
591.0,906.0
591.0,906.0
590.0,907.0
591.0,908.0
593.0,902.0
591.0,898.0
590.0,893.0
591.0,892.0
590.0,890.0
589.0,891.0
589.0,893.0
590.0,892.0
590.0,892.0
587.0,885.0
583.0,884.0
582.0,883.0
581.0,883.0
582.0,883.0
581.0,882.0
581.0,883.0
582.0,883.0
581.0,883.0
579.0,882.0
579.0,882.0
580.0,882.0
580.0,883.0
579.0,883.0
581.0,884.0
579.0,888.0
584.0,891.0
580.0,893.0
583.0,887.0
583.0,886.0
581.0,885.0
580.0,886.0
579.0,886.0
