x,y
8.0,774.0
19.0,777.0
54.0,766.0
82.0,756.0
104.0,734.0
125.0,718.0
140.0,704.0
152.0,695.0
158.0,692.0
161.0,693.0
166.0,688.0
181.0,683.0
203.0,679.0
220.0,673.0
224.0,665.0
230.0,653.0
242.0,642.0
246.0,631.0
252.0,624.0
253.0,619.0
254.0,614.0
253.0,608.0
260.0,602.0
264.0,597.0
262.0,593.0
261.0,591.0
263.0,600.0
265.0,599.0
264.0,598.0
264.0,598.0
264.0,598.0
265.0,599.0
264.0,598.0
265.0,598.0
265.0,598.0
264.0,597.0
264.0,598.0
263.0,598.0
264.0,598.0
263.0,597.0
263.0,598.0
264.0,597.0
262.0,598.0
263.0,598.0
263.0,598.0
263.0,598.0
264.0,599.0
264.0,599.0
263.0,599.0
263.0,599.0
263.0,600.0
264.0,601.0
263.0,601.0
261.0,600.0
262.0,600.0
259.0,596.0
258.0,595.0
260.0,596.0
260.0,595.0
260.0,595.0
260.0,594.0
261.0,594.0
259.0,594.0
259.0,595.0
259.0,594.0
258.0,594.0
259.0,594.0
259.0,594.0
259.0,594.0
253.0,594.0
259.0,593.0
253.0,592.0
258.0,589.0
259.0,588.0
251.0,586.0
257.0,586.0
258.0,586.0
256.0,583.0
259.0,586.0
258.0,581.0
254.0,581.0
254.0,581.0
254.0,580.0
253.0,580.0
253.0,581.0
253.0,581.0
253.0,579.0
255.0,579.0
254.0,580.0
254.0,578.0
256.0,578.0
258.0,580.0
257.0,581.0
257.0,581.0
256.0,582.0
256.0,581.0
253.0,582.0
257.0,576.0
256.0,577.0
252.0,582.0
