x,y
890.0,544.0
886.0,545.0
886.0,543.0
886.0,542.0
887.0,542.0
888.0,542.0
888.0,542.0
888.0,542.0
888.0,541.0
889.0,541.0
888.0,541.0
889.0,541.0
888.0,543.0
888.0,543.0
887.0,541.0
887.0,542.0
887.0,541.0
887.0,540.0
887.0,541.0
887.0,540.0
887.0,539.0
887.0,539.0
886.0,538.0
886.0,539.0
886.0,539.0
886.0,538.0
886.0,538.0
885.0,538.0
885.0,537.0
885.0,537.0
888.0,537.0
887.0,536.0
886.0,535.0
886.0,536.0
886.0,536.0
887.0,536.0
887.0,536.0
887.0,535.0
887.0,536.0
888.0,536.0
884.0,534.0
888.0,535.0
885.0,535.0
885.0,535.0
885.0,535.0
888.0,535.0
885.0,534.0
885.0,535.0
889.0,535.0
888.0,534.0
888.0,535.0
888.0,535.0
888.0,536.0
889.0,537.0
888.0,537.0
889.0,537.0
889.0,537.0
889.0,537.0
889.0,537.0
890.0,537.0
889.0,537.0
890.0,537.0
890.0,537.0
890.0,536.0
890.0,537.0
890.0,537.0
890.0,537.0
892.0,536.0
890.0,538.0
888.0,540.0
887.0,539.0
888.0,540.0
888.0,538.0
891.0,534.0
891.0,525.0
882.0,509.0
883.0,487.0
881.0,477.0
876.0,461.0
868.0,449.0
870.0,442.0
874.0,432.0
870.0,427.0
868.0,423.0
867.0,409.0
877.0,396.0
884.0,396.0
885.0,388.0
885.0,385.0
883.0,381.0
886.0,376.0
889.0,369.0
890.0,361.0
889.0,360.0
888.0,365.0
879.0,361.0
876.0,362.0
878.0,363.0
877.0,363.0
878.0,362.0
