x,y
709.0,150.0
708.0,150.0
708.0,149.0
707.0,149.0
708.0,151.0
708.0,150.0
708.0,150.0
709.0,149.0
708.0,150.0
709.0,149.0
709.0,150.0
709.0,149.0
709.0,149.0
709.0,149.0
710.0,149.0
710.0,152.0
710.0,152.0
710.0,151.0
712.0,151.0
709.0,149.0
708.0,148.0
709.0,148.0
716.0,152.0
716.0,153.0
716.0,152.0
716.0,152.0
716.0,153.0
716.0,153.0
715.0,152.0
715.0,153.0
717.0,154.0
718.0,154.0
718.0,154.0
718.0,154.0
718.0,154.0
718.0,154.0
718.0,154.0
719.0,154.0
718.0,154.0
719.0,154.0
718.0,154.0
717.0,154.0
720.0,155.0
725.0,159.0
725.0,160.0
725.0,161.0
725.0,161.0
724.0,161.0
726.0,161.0
725.0,161.0
726.0,161.0
726.0,161.0
726.0,161.0
726.0,161.0
723.0,162.0
725.0,160.0
725.0,160.0
725.0,160.0
725.0,160.0
726.0,161.0
725.0,162.0
726.0,162.0
725.0,162.0
726.0,161.0
726.0,162.0
726.0,162.0
726.0,162.0
726.0,162.0
726.0,163.0
726.0,164.0
726.0,164.0
726.0,164.0
727.0,165.0
726.0,166.0
726.0,165.0
727.0,166.0
726.0,166.0
726.0,165.0
726.0,167.0
726.0,167.0
727.0,167.0
727.0,167.0
727.0,167.0
727.0,167.0
727.0,167.0
727.0,167.0
727.0,167.0
727.0,166.0
726.0,167.0
727.0,167.0
726.0,167.0
726.0,167.0
726.0,167.0
726.0,167.0
726.0,167.0
726.0,166.0
725.0,167.0
725.0,167.0
726.0,168.0
726.0,170.0
