x,y
1296.0,291.0
1295.0,290.0
1294.0,290.0
1294.0,291.0
1295.0,290.0
1294.0,290.0
1293.0,291.0
1293.0,291.0
1293.0,290.0
1293.0,290.0
1293.0,290.0
1293.0,290.0
1293.0,290.0
1292.0,290.0
1292.0,290.0
1292.0,290.0
1292.0,290.0
1292.0,290.0
1295.0,288.0
1292.0,290.0
1292.0,290.0
1295.0,288.0
1295.0,287.0
1295.0,288.0
1295.0,287.0
1295.0,287.0
1295.0,287.0
1292.0,290.0
1291.0,291.0
1290.0,291.0
1290.0,291.0
1290.0,291.0
1292.0,290.0
1291.0,288.0
1291.0,288.0
1291.0,290.0
1291.0,289.0
1292.0,289.0
1292.0,290.0
1290.0,289.0
1290.0,288.0
1289.0,290.0
1289.0,288.0
1289.0,287.0
1289.0,286.0
1291.0,288.0
1289.0,287.0
1291.0,288.0
1291.0,288.0
1289.0,289.0
1289.0,288.0
1287.0,286.0
1285.0,287.0
1286.0,288.0
1286.0,288.0
1287.0,289.0
1287.0,288.0
1287.0,288.0
1287.0,287.0
1286.0,287.0
1286.0,287.0
1286.0,287.0
1286.0,287.0
1287.0,288.0
1287.0,287.0
1286.0,287.0
1287.0,287.0
1286.0,287.0
1286.0,287.0
1286.0,284.0
1286.0,285.0
1286.0,285.0
1286.0,286.0
1286.0,283.0
1286.0,282.0
1286.0,285.0
1287.0,285.0
1287.0,285.0
1287.0,285.0
1286.0,286.0
1285.0,286.0
1286.0,282.0
1284.0,284.0
1286.0,281.0
1284.0,280.0
1282.0,281.0
1284.0,279.0
1284.0,278.0
1284.0,276.0
1287.0,277.0
1284.0,276.0
1286.0,275.0
1286.0,273.0
1284.0,273.0
1284.0,273.0
1285.0,272.0
1286.0,272.0
1287.0,271.0
1287.0,271.0
1287.0,270.0
