x,y
1634.0,815.0
1635.0,821.0
1631.0,825.0
1632.0,836.0
1641.0,852.0
1646.0,862.0
1651.0,865.0
1662.0,867.0
1668.0,868.0
1673.0,867.0
1686.0,879.0
1704.0,895.0
1712.0,907.0
1706.0,917.0
1697.0,920.0
1695.0,922.0
1694.0,915.0
1699.0,910.0
1705.0,906.0
1726.0,901.0
1739.0,897.0
1748.0,895.0
1747.0,895.0
1740.0,898.0
1728.0,903.0
1714.0,905.0
1696.0,904.0
1674.0,894.0
1655.0,885.0
1649.0,884.0
1642.0,883.0
1613.0,885.0
1605.0,891.0
1593.0,895.0
1568.0,880.0
1560.0,882.0
1534.0,887.0
1493.0,885.0
1474.0,879.0
1444.0,880.0
1413.0,868.0
1391.0,859.0
1376.0,844.0
1376.0,829.0
1375.0,817.0
1365.0,810.0
1351.0,809.0
1350.0,811.0
1341.0,806.0
1336.0,805.0
1342.0,806.0
1346.0,804.0
1322.0,815.0
1316.0,819.0
1307.0,816.0
1301.0,815.0
1292.0,822.0
1287.0,823.0
1270.0,819.0
1257.0,823.0
1251.0,812.0
1246.0,804.0
1242.0,805.0
1239.0,803.0
1238.0,805.0
1237.0,798.0
1234.0,799.0
1186.0,794.0
1176.0,799.0
1178.0,801.0
1179.0,797.0
1184.0,794.0
1186.0,794.0
1191.0,795.0
1181.0,793.0
1160.0,788.0
1154.0,792.0
1151.0,801.0
1156.0,803.0
1152.0,828.0
1137.0,834.0
1130.0,843.0
1132.0,849.0
1140.0,855.0
1140.0,869.0
1145.0,884.0
1150.0,909.0
1159.0,926.0
1164.0,930.0
1170.0,936.0
1188.0,945.0
1191.0,953.0
1194.0,959.0
1197.0,966.0
1215.0,967.0
1221.0,969.0
1213.0,951.0
1224.0,946.0
1233.0,941.0
1250.0,941.0
