x,y
248.0,579.0
249.0,579.0
248.0,578.0
247.0,579.0
249.0,578.0
250.0,578.0
250.0,578.0
250.0,576.0
250.0,575.0
252.0,575.0
252.0,575.0
252.0,574.0
253.0,575.0
253.0,575.0
253.0,575.0
253.0,575.0
253.0,576.0
253.0,575.0
254.0,577.0
255.0,576.0
255.0,576.0
254.0,578.0
257.0,578.0
257.0,581.0
257.0,582.0
258.0,580.0
258.0,584.0
258.0,583.0
257.0,582.0
258.0,583.0
258.0,582.0
257.0,581.0
257.0,582.0
257.0,582.0
257.0,584.0
258.0,582.0
257.0,584.0
258.0,583.0
258.0,583.0
259.0,583.0
259.0,582.0
259.0,584.0
259.0,583.0
260.0,583.0
260.0,583.0
260.0,583.0
260.0,583.0
261.0,583.0
261.0,583.0
260.0,584.0
260.0,584.0
260.0,584.0
260.0,584.0
260.0,584.0
260.0,584.0
261.0,584.0
262.0,585.0
262.0,586.0
262.0,585.0
262.0,587.0
262.0,586.0
262.0,586.0
262.0,587.0
261.0,587.0
261.0,587.0
261.0,587.0
261.0,587.0
260.0,588.0
260.0,588.0
260.0,588.0
260.0,588.0
258.0,588.0
259.0,589.0
260.0,589.0
260.0,589.0
260.0,589.0
261.0,589.0
260.0,589.0
260.0,589.0
260.0,589.0
260.0,589.0
260.0,590.0
263.0,589.0
264.0,589.0
265.0,589.0
267.0,589.0
268.0,588.0
267.0,587.0
267.0,591.0
265.0,593.0
262.0,596.0
250.0,612.0
243.0,634.0
245.0,640.0
260.0,630.0
262.0,633.0
262.0,634.0
273.0,636.0
286.0,643.0
295.0,652.0
