x,y
1066.0,660.0
1067.0,659.0
1066.0,659.0
1068.0,662.0
1068.0,662.0
1067.0,661.0
1067.0,662.0
1068.0,662.0
1067.0,662.0
1068.0,662.0
1068.0,661.0
1068.0,662.0
1067.0,662.0
1068.0,662.0
1068.0,661.0
1068.0,662.0
1068.0,662.0
1068.0,662.0
1068.0,662.0
1068.0,662.0
1068.0,662.0
1068.0,661.0
1068.0,660.0
1068.0,660.0
1068.0,660.0
1068.0,659.0
1067.0,659.0
1068.0,661.0
1068.0,661.0
1068.0,661.0
1069.0,661.0
1069.0,661.5
1069.0,662.0
1069.0,662.0
1068.0,661.0
1069.0,661.0
1068.0,661.0
1068.0,661.0
1067.0,661.0
1068.0,662.0
1068.0,662.0
1067.0,666.0
1067.5,664.0
1068.0,662.0
1069.0,661.0
1070.0,661.0
1070.0,661.0
1071.0,660.0
1071.0,661.0
1071.0,660.0
1071.0,661.0
1071.0,661.0
1070.0,661.0
1070.0,661.0
1070.0,661.0
1070.0,661.0
1070.0,661.0
1070.0,661.0
1070.0,661.0
1069.0,663.0
1070.0,665.0
1070.0,666.0
1070.0,667.0
1071.0,668.0
1076.0,679.0
1093.0,690.0
1068.0,673.0
1063.0,659.0
1080.0,613.5
1097.0,568.0
1175.0,658.0
1210.0,667.0
1241.0,694.0
1268.0,720.0
1293.0,767.0
1304.0,821.0
1325.0,813.0
1327.0,841.0
1338.0,844.0
1344.0,832.0
1352.6666666666667,846.6666666666666
1361.3333333333333,861.3333333333334
1370.0,876.0
1371.0,871.0
1373.0,871.0
1459.0,901.0
1556.0,897.0
1583.0,909.0
1597.0,892.0
1605.0,854.0
1637.3333333333333,853.3333333333334
1669.6666666666667,852.6666666666666
1702.0,852.0
1752.0,862.5
1802.0,873.0
1807.2666666666667,867.7333333333333
1812.5333333333333,862.4666666666667
1817.8,857.2
1823.0666666666666,851.9333333333333
1828.3333333333333,846.6666666666666
