x,y
1612.0,1021.0
1613.0,1020.0
1613.0,1020.0
1614.0,1020.0
1614.0,1019.0
1615.0,1019.0
1613.0,1016.0
1608.0,1024.0
1614.0,1023.0
1616.0,1020.0
1615.0,1020.0
1615.0,1020.0
1609.0,1018.0
1608.0,1016.0
1614.0,1021.0
1614.0,1020.0
1613.0,1021.0
1608.0,1025.0
1614.0,1019.0
1607.0,1025.0
1607.0,1026.0
1613.0,1020.0
1607.0,1026.0
1607.0,1027.0
1606.0,1027.0
1609.0,1018.0
1606.0,1009.0
1606.0,1017.0
1605.0,1026.0
1603.0,1026.0
1600.0,1023.0
1604.0,1029.0
1599.0,1030.0
1597.0,1022.0
1602.0,1030.0
1602.0,1030.0
1596.0,1030.0
1601.0,1030.0
1603.0,1030.0
1602.0,1030.0
1600.0,1030.0
1599.0,1029.0
1603.0,1029.0
1604.0,1029.0
1597.0,1030.0
1598.0,1031.0
1598.0,1031.0
1598.0,1032.0
1596.0,1031.0
1596.0,1031.0
1598.0,1031.0
1601.0,1031.0
1602.0,1030.0
1603.0,1034.0
1606.0,1033.0
1595.0,1029.0
1592.0,1026.0
1594.0,1016.0
1595.0,1015.0
1595.0,1016.0
1594.0,1014.0
1593.0,1014.0
1594.0,1014.0
1596.0,1016.0
1597.0,1011.0
1599.0,1006.0
1599.0,1007.0
1600.0,1008.0
1598.0,1011.0
1597.0,1009.0
1599.0,1013.0
1596.0,1010.0
1596.0,1010.0
1596.0,1009.0
1600.0,1009.0
1595.0,1008.0
1595.0,1009.0
1597.0,1010.0
1599.0,1009.0
1599.0,1008.0
1599.0,1009.0
1599.0,1008.0
1599.0,1007.0
1598.0,1006.0
1602.0,1003.0
1602.0,999.0
1603.0,1000.0
1605.0,1002.0
1605.0,1003.0
1603.0,1001.0
1603.0,1001.0
1604.0,1003.0
1605.0,1005.0
1603.0,1008.0
1601.0,1005.0
1600.0,1004.0
1595.0,999.0
1593.0,1003.0
1593.0,1003.0
1593.0,1003.0
