x,y
508.0,968.0
494.0,968.0
496.0,958.0
498.0,945.0
486.5,930.5
475.0,916.0
492.0,907.5
509.0,899.0
527.0,894.0
547.0,905.0
570.0,933.0
593.0,951.0
609.0,973.0
641.0,985.0
667.0,977.0
699.0,966.0
721.0,951.0
752.0,944.0
788.0,944.0
836.0,945.0
877.0,954.0
927.0,957.0
986.0,964.0
1040.0,970.0
1086.0,979.0
1129.0,985.0
1160.0,989.0
1173.0,987.0
1179.0,980.0
1179.0,968.0
1183.0,961.0
1189.0,959.0
1187.0,961.0
1188.0,957.0
1189.0,963.0
1195.0,963.0
1196.0,965.0
1205.0,962.0
1211.0,958.0
1210.0,963.0
1213.0,957.0
1213.0,960.0
1213.0,959.0
1209.0,956.0
1212.0,959.0
1213.0,967.0
1207.0,986.0
1208.0,961.0
1206.0,960.0
1206.0,959.0
1204.0,955.0
1203.0,956.0
1203.0,956.0
1202.0,956.0
1203.0,958.0
1203.0,958.0
1203.0,958.0
1203.0,960.0
1204.0,959.0
1208.0,955.0
1203.0,959.0
1188.0,958.0
1205.0,959.0
1204.0,959.0
1204.0,959.0
1205.0,960.0
1210.0,954.0
1205.0,960.0
1187.0,960.0
1188.0,960.0
1186.0,958.0
1204.0,959.0
1203.0,959.0
1203.0,959.0
1210.0,958.0
1202.0,957.0
1201.0,955.0
1201.0,953.0
1208.0,953.0
1209.0,953.0
1208.0,957.0
1208.0,956.0
1207.0,956.0
1203.0,958.0
1202.0,958.0
1203.0,958.0
1203.0,958.0
1203.0,959.0
1207.0,954.0
1202.0,958.0
1186.0,958.0
1202.0,961.0
1201.0,960.0
1204.0,962.0
1208.0,962.0
1210.0,962.0
1213.0,961.0
1211.0,960.0
1211.0,959.0
1216.0,954.0
