x,y
1400.0,638.0
1400.0,638.0
1402.0,635.0
1401.0,635.0
1401.0,635.0
1400.0,637.0
1400.0,636.0
1400.0,635.0
1399.0,638.0
1398.0,638.0
1398.0,638.0
1398.0,638.0
1398.0,638.0
1399.0,637.0
1398.0,638.0
1398.0,636.0
1398.0,637.0
1397.0,637.0
1397.0,638.0
1397.0,638.0
1396.0,638.0
1395.0,638.0
1396.0,637.0
1396.0,637.0
1396.0,637.0
1398.0,637.0
1400.0,637.0
1399.0,638.0
1400.0,638.0
1401.0,638.0
1400.0,637.0
1399.0,637.0
1390.0,631.0
1388.0,627.0
1385.0,624.0
1384.0,624.0
1385.0,624.0
1385.0,623.0
1387.0,624.0
1388.0,624.0
1388.0,622.0
1388.0,623.0
1388.0,623.0
1390.0,623.0
1391.0,629.0
1397.0,634.0
1399.0,632.0
1402.0,634.0
1401.0,632.0
1401.0,622.0
1402.0,619.0
1399.0,615.0
1398.0,608.0
1394.0,606.0
1400.0,595.0
1405.0,591.0
1413.0,584.0
1423.0,590.0
1425.0,596.0
1421.0,584.0
1419.0,585.0
1431.0,592.0
1430.0,584.0
1421.0,572.0
1430.0,560.0
1435.0,553.0
1442.0,540.0
1443.0,544.0
1440.0,544.0
1440.0,541.0
1441.0,545.0
1447.0,555.0
1446.0,559.0
1446.0,566.0
1456.0,576.0
1455.0,577.0
1457.0,580.0
1458.0,584.0
1461.0,583.0
1459.0,584.0
1452.0,584.0
1451.0,583.0
1456.0,583.0
1457.0,582.0
1458.0,581.0
1461.0,582.0
1461.0,582.0
1461.0,582.0
1459.0,580.0
1457.0,581.0
1457.0,581.0
1457.0,580.0
1457.0,581.0
1457.0,581.0
1457.0,581.0
1457.0,581.0
1462.0,580.0
1463.0,579.0
1463.0,580.0
1463.0,580.0
