x,y
1209.0,958.0
1216.0,954.0
1216.0,953.0
1211.0,958.0
1215.0,953.0
1215.0,953.0
1214.0,953.0
1214.0,953.0
1213.0,953.0
1214.0,953.0
1214.0,953.0
1214.0,953.0
1213.0,953.0
1214.0,953.0
1214.0,953.0
1214.0,953.0
1215.0,952.0
1216.0,953.0
1211.0,957.0
1213.0,957.0
1213.0,956.0
1213.0,957.0
1221.0,964.0
1214.0,957.0
1206.0,945.0
1213.0,957.0
1214.0,957.0
1221.0,964.0
1221.0,964.0
1221.0,964.0
1221.0,964.0
1220.0,964.0
1220.0,964.0
1220.0,964.0
1220.0,964.0
1221.0,964.0
1221.0,965.0
1222.0,966.0
1223.0,965.0
1222.0,966.0
1218.0,960.0
1207.0,945.0
1216.0,957.0
1216.0,957.0
1216.0,957.0
1215.0,957.0
1216.0,957.0
1216.0,957.0
1215.0,957.0
1215.0,957.0
1214.0,957.0
1207.0,945.0
1207.0,945.0
1216.0,958.0
1216.0,958.0
1216.0,957.0
1216.0,957.0
1216.0,958.0
1217.0,958.0
1216.0,958.0
1223.0,964.0
1222.0,964.0
1222.0,963.0
1222.0,963.0
1222.0,964.0
1223.0,963.0
1222.0,965.0
1224.0,965.0
1217.0,959.0
1207.0,947.0
1207.0,947.0
1207.0,948.0
1206.0,948.0
1206.0,948.0
1207.0,949.0
1204.0,945.0
1205.0,951.0
1205.0,955.0
1224.0,964.0
1226.0,964.0
1226.0,964.0
1228.0,962.0
1230.0,961.0
1231.0,960.0
1231.0,959.0
1232.0,958.0
1232.0,958.0
1233.0,958.0
1234.0,958.0
1234.0,957.0
1233.0,957.0
1233.0,957.0
1233.0,957.0
1233.0,957.0
1233.0,957.0
1233.0,957.0
1233.0,957.0
1233.0,956.0
1234.0,956.0
1233.0,957.0
