x,y
589.0,437.0
591.0,438.0
591.0,438.0
592.0,437.0
594.0,436.0
594.0,438.0
594.0,439.0
595.0,438.0
596.0,439.0
596.0,438.0
597.0,433.0
595.0,431.0
597.0,436.0
595.0,435.0
588.0,417.0
589.0,420.0
591.0,419.0
592.0,418.0
591.0,418.0
589.0,415.0
591.0,418.0
591.0,416.0
589.0,416.0
590.0,418.0
590.0,417.0
589.0,414.0
589.0,410.0
588.0,410.0
588.0,410.0
591.0,411.0
590.0,411.0
591.0,411.0
592.0,411.0
592.0,411.0
591.0,411.0
590.0,411.0
590.0,411.0
590.0,410.0
590.0,410.0
590.0,410.0
592.0,410.0
591.0,410.0
589.0,410.0
587.0,410.0
586.0,410.0
586.0,410.0
586.0,410.0
586.0,410.0
585.0,410.0
586.0,409.0
585.0,409.0
585.0,408.0
584.0,408.0
584.0,408.0
585.0,408.0
585.0,409.0
585.0,408.0
585.0,408.0
584.0,407.0
582.0,406.0
581.0,406.0
579.0,406.0
582.0,406.0
580.0,406.0
580.0,405.0
579.0,406.0
579.0,406.0
579.0,405.0
580.0,404.0
578.0,405.0
576.0,405.0
578.0,402.0
576.0,404.0
574.0,400.0
574.0,399.0
572.0,400.0
572.0,399.0
572.0,399.0
572.0,398.0
572.0,398.0
571.0,398.0
571.0,397.0
570.0,397.0
570.0,398.0
570.0,397.0
569.0,399.0
570.0,398.0
570.0,398.0
570.0,399.0
570.0,398.0
570.0,399.0
570.0,398.0
570.0,397.0
570.0,397.0
567.0,396.0
568.0,394.0
568.0,389.0
574.0,377.0
588.0,356.0
603.0,346.0
