x,y
1441.0,221.0
1442.0,222.0
1441.0,221.0
1442.0,221.0
1442.0,221.0
1442.0,221.0
1442.0,221.0
1442.0,221.0
1443.0,221.0
1442.0,220.0
1442.0,221.0
1442.0,221.0
1440.0,223.0
1440.0,225.0
1442.0,222.0
1446.0,219.0
1447.0,220.0
1448.0,220.0
1449.0,220.0
1449.0,220.0
1450.0,219.0
1451.0,219.0
1451.0,220.0
1452.0,219.0
1452.0,219.0
1453.0,217.0
1454.0,217.0
1453.0,219.0
1454.0,217.0
1454.0,217.0
1454.0,217.0
1454.0,216.0
1454.0,216.0
1455.0,216.0
1455.0,216.0
1454.0,216.0
1454.0,216.0
1453.0,217.0
1452.0,218.0
1451.0,219.0
1452.0,218.0
1452.0,219.0
1452.0,219.0
1454.0,218.0
1454.0,217.0
1452.0,219.0
1454.0,218.0
1454.0,218.0
1453.0,218.0
1454.0,217.0
1454.0,217.0
1454.0,218.0
1454.0,218.0
1452.0,218.0
1452.0,218.0
1454.0,217.0
1453.0,216.0
1453.0,217.0
1454.0,217.0
1454.0,217.0
1453.0,217.0
1454.0,215.0
1456.0,214.0
1456.0,214.0
1456.0,213.0
1456.0,212.0
1457.0,212.0
1456.0,213.0
1456.0,212.0
1456.0,213.0
1456.0,213.0
1457.0,213.0
1456.0,214.0
1456.0,213.0
1456.0,212.0
1455.0,212.0
1454.0,212.0
1454.0,213.0
1454.0,213.0
1453.0,214.0
1454.0,214.0
1454.0,213.0
1453.0,213.0
1455.0,213.0
1453.0,214.0
1453.0,214.0
1454.0,214.0
1454.0,213.0
1453.0,214.0
1454.0,214.0
1455.0,213.0
1454.0,214.0
1455.0,213.0
1453.0,213.0
1453.0,213.0
1454.0,212.0
1454.0,211.0
1454.0,211.0
1453.0,211.0
1453.0,211.0
