x,y
1100.0,740.0
1101.0,739.0
1100.0,740.0
1102.0,739.0
1102.0,739.0
1103.0,739.0
1102.0,739.0
1106.0,744.0
1108.0,739.0
1113.0,740.0
1115.0,738.0
1112.0,734.0
1113.0,735.0
1115.0,734.0
1114.0,732.0
1115.0,732.0
1117.0,731.0
1116.0,731.0
1117.0,731.0
1116.0,731.0
1118.0,733.0
1117.0,731.0
1118.0,730.0
1118.0,730.0
1119.0,730.0
1117.0,730.0
1117.0,730.0
1117.0,730.0
1119.0,729.0
1118.0,729.0
1119.0,734.0
1119.0,734.0
1119.0,734.0
1121.0,733.0
1126.0,730.0
1125.0,730.0
1125.0,729.0
1119.0,734.0
1124.0,734.0
1124.0,732.0
1118.0,736.0
1119.0,735.0
1125.0,732.0
1119.0,735.0
1121.0,733.0
1122.0,734.0
1121.0,734.0
1121.0,734.0
1121.0,734.0
1123.0,735.0
1126.0,738.0
1125.0,736.0
1126.0,736.0
1125.0,734.0
1127.0,734.0
1127.0,735.0
1127.0,735.0
1125.0,734.0
1126.0,735.0
1126.0,733.0
1126.0,735.0
1126.0,735.0
1126.0,734.0
1127.0,735.0
1129.0,738.0
1129.0,738.0
1129.0,738.0
1129.0,739.0
1129.0,739.0
1129.0,739.0
1129.0,741.0
1129.0,741.0
1125.0,742.0
1129.0,741.0
1129.0,742.0
1126.0,742.0
1129.0,743.0
1128.0,741.0
1127.0,742.0
1127.0,742.0
1127.0,741.0
1127.0,740.0
1127.0,741.0
1126.0,741.0
1127.0,741.0
1127.0,741.0
1126.0,742.0
1126.0,742.0
1126.0,742.0
1125.0,742.0
1125.0,743.0
1125.0,743.0
1125.0,743.0
1125.0,742.0
1126.0,743.0
1126.0,742.0
1126.0,742.0
1127.0,743.0
1125.0,743.0
1125.0,743.0
