x,y
1113.0,160.0
1112.0,160.0
1107.0,163.0
1106.0,163.0
1109.0,160.0
1109.0,161.0
1109.0,161.0
1109.0,161.0
1104.0,159.0
1105.0,158.0
1109.0,146.0
1110.0,147.0
1110.0,147.0
1111.0,151.0
1111.0,157.0
1109.0,166.0
1112.0,157.0
1112.0,156.0
1111.0,156.0
1111.0,156.0
1111.0,156.0
1111.0,157.0
1109.0,156.0
1110.0,156.0
1109.0,157.0
1111.0,156.0
1110.0,157.0
1114.0,152.0
1111.0,156.0
1111.0,156.0
1113.0,156.0
1113.0,157.0
1112.0,156.0
1113.0,156.0
1113.0,155.0
1113.0,155.0
1114.0,155.0
1115.0,154.0
1118.0,154.0
1117.0,155.0
1118.0,156.0
1117.0,155.0
1118.0,155.0
1119.0,155.0
1120.0,155.0
1119.0,154.0
1118.0,154.0
1119.0,154.0
1120.0,154.0
1120.0,155.0
1117.0,155.0
1116.0,155.0
1119.0,157.0
1118.0,156.0
1119.0,156.0
1120.0,155.0
1118.0,151.0
1116.0,144.0
1115.0,143.0
1133.0,125.0
1137.0,115.0
1139.0,117.0
1162.0,107.0
1180.0,104.0
1188.0,108.0
1200.0,115.0
1208.0,129.0
1217.0,144.0
1214.0,150.0
1214.0,170.0
1206.0,182.0
1205.0,182.0
1205.0,190.0
1196.0,200.0
1204.0,209.0
1198.0,211.0
1198.0,211.0
1197.0,210.0
1196.0,209.0
1196.0,210.0
1196.0,208.0
1195.0,207.0
1196.0,208.0
1197.0,208.0
1197.0,209.0
1196.0,209.0
1196.0,210.0
1196.0,210.0
1196.0,210.0
1197.0,211.0
1195.0,212.0
1196.0,213.0
1196.0,213.0
1196.0,214.0
1196.0,213.0
1196.0,214.0
1196.0,214.0
1196.0,214.0
1195.0,214.0
1195.0,214.0
