x,y
916.0,570.0
916.0,565.0
912.0,566.0
912.0,564.0
914.0,566.0
916.0,562.0
914.0,564.0
918.0,567.0
916.0,569.0
915.0,575.0
917.0,573.0
917.0,572.0
920.0,563.0
920.0,564.0
918.0,563.0
921.0,564.0
921.0,564.0
916.0,567.0
915.0,567.0
920.0,562.0
913.0,572.0
913.0,567.0
913.0,567.0
914.0,565.0
912.0,573.0
915.0,565.0
913.0,565.0
911.0,571.0
910.0,563.0
909.0,564.0
908.0,564.0
908.0,564.0
909.0,563.0
908.0,563.0
908.0,564.0
909.0,565.0
909.0,565.0
908.0,565.0
906.0,560.0
906.0,559.0
906.0,557.0
907.0,558.0
905.0,559.0
907.0,559.0
907.0,556.0
906.0,556.0
907.0,556.0
906.0,556.0
898.0,551.0
891.0,539.0
882.0,526.0
871.0,504.0
854.0,482.0
847.0,456.0
843.0,438.0
815.0,424.0
802.0,409.0
791.0,398.0
786.0,387.0
782.0,370.0
791.0,348.0
811.0,324.0
856.0,310.0
888.0,312.0
928.0,321.0
958.0,336.0
981.0,350.0
1019.0,420.0
1052.0,450.0
1098.0,462.0
1145.0,475.0
1202.0,475.0
1268.0,470.0
1331.0,471.0
1393.0,454.0
1452.0,439.0
1516.0,424.0
1584.0,413.0
1659.0,394.0
1733.0,375.0
1816.0,361.0
1909.0,347.0
