x,y
1774.0,542.0
1666.0,593.0
1569.0,658.0
1484.0,724.0
1393.0,778.0
1286.0,827.0
1187.0,860.0
1078.0,888.0
975.0,899.0
878.0,899.0
791.0,894.0
710.0,910.0
649.0,938.0
590.0,985.0
545.0,1013.0
511.0,1019.0
479.0,1020.0
450.0,1011.0
422.0,988.0
398.0,981.0
365.0,971.0
336.0,967.0
298.0,977.0
267.0,983.0
239.5,992.5
212.0,1002.0
193.0,998.0
178.0,989.0
169.0,976.0
156.0,966.0
145.0,956.0
127.0,947.0
111.0,944.0
105.0,939.0
94.0,924.0
80.0,921.6666666666666
66.0,919.3333333333334
52.0,917.0
24.0,927.0
16.0,919.0
6.0,897.0
