x,y
967.0,586.0
963.0,581.0
951.0,564.0
963.0,614.0
962.0,632.0
964.0,627.0
965.0,629.0
967.0,631.0
966.0,631.0
966.0,631.0
959.0,629.0
959.0,629.0
959.0,630.0
959.0,629.0
959.0,629.0
959.0,627.0
958.0,604.0
960.0,584.0
962.0,584.0
961.0,587.0
964.0,586.0
962.0,587.0
963.0,589.0
968.0,582.0
968.0,582.0
968.0,581.0
969.0,581.0
969.0,588.0
971.0,582.0
971.0,582.0
971.0,588.0
972.0,587.0
974.0,582.0
974.0,586.0
974.0,582.0
974.0,587.0
975.0,583.0
975.0,588.0
974.0,583.0
975.0,582.0
974.0,585.0
974.0,581.0
975.0,582.0
974.0,581.0
975.0,582.0
975.0,582.0
976.0,581.0
977.0,582.0
978.0,582.0
978.0,581.0
980.0,580.0
980.0,579.0
980.0,579.0
981.0,579.0
981.0,579.0
981.0,580.0
982.0,579.0
981.0,580.0
981.0,580.0
980.0,580.0
980.0,581.0
980.0,581.0
980.0,582.0
979.0,583.0
979.0,583.0
980.0,583.0
980.0,583.0
980.0,583.0
980.0,583.0
980.0,585.0
982.0,581.0
985.0,582.0
988.0,581.0
990.0,582.0
994.0,579.0
994.0,580.0
992.0,580.0
991.0,577.0
993.0,579.0
992.0,577.0
994.0,579.0
994.0,579.0
994.0,579.0
993.0,578.0
993.0,578.0
993.0,578.0
993.0,579.0
993.0,579.0
993.0,578.0
994.0,576.0
994.0,577.0
995.0,576.0
994.0,576.0
994.0,576.0
995.0,575.0
995.0,573.0
995.0,573.0
994.0,574.0
994.0,573.0
994.0,573.0
