x,y
1438.0,843.0
1437.0,843.0
1438.0,843.0
1437.0,843.0
1436.0,842.0
1435.0,842.0
1436.0,841.0
1437.0,841.0
1436.0,841.0
1435.0,841.0
1434.0,839.0
1434.0,839.0
1433.0,840.0
1433.0,840.0
1433.0,839.0
1437.0,833.0
1437.0,833.0
1434.0,837.0
1433.0,839.0
1430.0,839.0
1436.0,834.0
1432.0,837.0
1433.0,837.0
1433.0,839.0
1434.0,840.0
1434.0,840.0
1434.0,840.0
1433.0,841.0
1434.0,842.0
1430.0,843.0
1429.0,843.0
1427.0,843.0
1425.0,841.0
1424.0,840.0
1424.0,841.0
1431.0,846.0
1432.0,846.0
1432.0,846.0
1432.0,846.0
1432.0,846.0
1432.0,846.0
1432.0,846.0
1432.0,845.0
1432.0,846.0
1432.0,845.0
1432.0,845.0
1431.0,846.0
1430.0,846.0
1430.0,846.0
1432.0,846.0
1430.0,846.0
1430.0,846.0
1430.0,847.0
1429.0,847.0
1428.0,847.0
1428.0,847.0
1428.0,847.0
1430.0,848.0
1428.0,848.0
1426.0,846.0
1426.0,848.0
1426.0,848.0
1428.0,849.0
1431.0,848.0
1430.0,848.0
1428.0,848.0
1428.0,847.0
1427.9166666666667,846.9166666666666
1427.8333333333333,846.8333333333334
1427.75,846.75
1427.6666666666667,846.6666666666666
1427.5833333333333,846.5833333333334
1427.5,846.5
1427.4166666666667,846.4166666666666
1427.3333333333333,846.3333333333334
1427.25,846.25
1427.1666666666667,846.1666666666666
1427.0833333333333,846.0833333333334
1427.0,846.0
1428.0,847.0
1425.6,848.6
1423.2,850.2
1420.8,851.8
1418.4,853.4
1416.0,855.0
1420.0,855.0
1423.0,854.0
1425.0,855.0
1425.0,855.0
1427.0,854.0
1427.0,855.0
1428.0,855.0
1427.0,855.0
1428.0,856.0
1426.0,855.0
1425.0,856.0
1425.0,856.0
1426.0,855.0
1426.0,857.0
1427.0,858.0
