x,y
1206.0,842.0
1206.0,842.0
1204.0,842.0
1204.0,842.0
1204.0,842.0
1206.0,842.0
1204.0,842.0
1205.0,842.0
1203.0,843.0
1206.0,844.0
1206.0,843.0
1208.0,841.0
1208.0,841.0
1209.0,840.0
1209.0,839.0
1208.0,840.0
1208.0,839.0
1207.0,838.0
1211.0,840.0
1214.0,838.0
1214.0,836.0
1210.0,838.0
1201.0,836.0
1193.0,838.0
1181.0,837.0
1173.0,838.0
1155.0,835.0
1131.0,838.0
1124.0,849.0
1099.0,851.0
1072.0,852.0
1050.0,856.0
1021.0,856.0
992.0,863.0
962.0,879.0
928.0,883.0
904.0,884.0
873.0,891.0
861.0,890.0
851.0,879.0
835.0,879.0
834.0,870.0
836.0,857.0
837.0,857.0
833.0,852.0
831.0,853.0
832.0,853.0
832.0,854.0
836.0,860.0
833.0,870.0
826.0,873.0
819.0,885.0
812.0,887.0
809.0,885.0
808.0,876.0
824.0,875.0
835.0,862.0
832.0,840.0
835.0,817.0
814.0,799.0
796.0,769.0
767.0,734.0
741.0,711.0
712.0,678.0
697.0,643.0
686.0,614.0
683.0,591.0
674.0,558.0
670.0,538.0
659.0,519.0
645.0,511.0
642.0,506.0
640.0,507.0
638.0,504.0
635.0,501.0
633.0,499.0
637.0,495.0
639.0,492.0
637.0,490.0
631.0,494.0
633.0,495.0
631.0,496.0
631.0,496.0
631.0,497.0
629.0,498.0
628.0,497.0
629.0,497.0
629.0,497.0
630.0,491.0
628.0,497.0
630.0,495.0
632.0,494.0
631.0,495.0
632.0,491.0
632.0,491.0
632.0,490.0
631.0,490.0
629.0,493.0
630.0,491.0
627.0,492.0
