x,y
644.0,127.0
684.0,177.0
729.0,205.0
770.0,234.0
798.0,252.0
820.0,255.0
840.0,255.0
858.0,267.0
889.0,283.0
919.0,294.0
947.0,299.0
971.0,294.0
986.0,288.0
1002.0,280.0
1008.0,273.0
1007.0,268.0
1020.0,273.0
1020.0,272.0
1028.0,267.0
1027.0,262.0
1031.0,254.0
1033.0,254.0
1037.0,249.0
1050.0,232.0
1040.0,220.0
1059.0,238.0
1065.0,233.0
1070.0,232.0
1071.0,230.0
1070.0,230.0
1069.0,230.0
1069.0,231.0
1069.0,231.0
1070.0,233.0
1070.0,230.0
1071.0,232.0
1071.0,230.0
1070.0,228.0
1070.0,229.0
1070.0,229.0
1070.0,229.0
1071.0,229.0
1071.0,229.0
1071.0,227.0
1071.0,229.0
1070.0,227.0
1077.0,229.0
1080.0,227.0
1080.0,233.0
1082.0,232.0
1084.0,232.0
1084.0,232.0
1084.0,232.0
1084.0,233.0
1085.0,233.0
1085.0,233.0
1085.0,233.0
1085.0,232.0
1088.0,231.0
1091.0,232.0
1093.0,231.0
1093.0,231.0
1093.0,233.0
1094.0,233.0
1093.0,234.0
1093.0,232.0
1092.0,231.0
1098.0,232.0
1101.0,231.0
1102.0,230.0
1103.0,229.0
1103.0,230.0
1102.0,230.0
1103.0,230.0
1105.0,230.0
1105.0,230.0
1106.0,231.0
1106.0,231.0
1106.0,231.0
1106.0,231.0
1106.0,231.0
1106.0,231.0
1106.0,231.0
1106.0,230.0
1106.0,231.0
1106.0,230.0
1106.0,230.0
1106.0,230.0
1107.0,230.0
1107.0,230.0
1107.0,230.0
1107.0,229.0
1107.0,230.0
1108.0,229.0
1108.0,229.0
1108.0,229.0
1108.0,229.0
1108.0,229.0
1108.0,229.0
1109.0,229.0
