x,y
124.0,1066.0
128.0,1065.0
134.0,1068.0
147.0,1067.0
157.0,1065.0
168.0,1040.0
171.0,1017.0
171.0,1001.0
177.0,975.0
191.0,967.0
196.0,963.0
188.0,952.0
201.0,958.0
217.0,941.0
235.0,931.0
266.0,924.0
296.0,932.0
345.0,956.0
398.0,986.0
453.0,1010.0
511.0,1025.0
572.0,1034.0
631.0,1036.0
694.0,1053.0
751.0,1064.0
795.0,1069.0
836.0,1074.0
852.0,1071.0
833.0,1066.0
794.0,1066.0
765.0,1045.0
745.0,1028.0
731.0,1022.0
741.0,1009.0
750.0,982.0
762.0,978.0
755.0,960.0
731.0,945.0
697.0,914.0
681.0,903.0
670.0,898.0
678.0,894.0
686.0,901.0
699.0,903.0
705.0,912.0
714.0,916.0
731.0,912.0
732.0,911.0
734.0,910.0
733.0,910.0
729.0,902.0
734.0,906.0
733.0,909.0
734.0,909.0
735.0,892.0
738.0,882.0
740.0,871.0
743.0,869.0
748.0,876.0
756.0,895.0
770.0,911.0
782.0,916.0
793.0,917.0
791.0,907.0
790.0,890.0
793.0,877.0
802.0,869.0
795.0,874.0
803.0,869.0
795.0,878.0
797.0,880.0
796.0,876.0
801.0,878.0
804.0,879.0
807.0,875.0
811.0,875.0
811.0,874.0
811.0,875.0
813.0,874.0
812.0,874.0
808.0,874.0
809.0,874.0
803.0,878.0
795.0,859.0
804.0,831.0
787.0,802.0
772.0,774.0
753.0,750.0
726.0,729.0
704.0,723.0
688.0,711.0
685.0,706.0
698.0,684.0
712.0,677.0
720.0,660.0
720.0,636.0
722.0,630.0
714.0,619.0
728.0,612.0
734.0,607.0
