x,y
1667.0,809.0
1666.0,808.0
1666.0,807.0
1666.0,806.0
1665.0,805.0
1665.0,805.0
1665.0,805.0
1665.0,805.0
1665.0,805.0
1664.0,806.0
1663.0,807.0
1663.0,807.0
1662.0,807.0
1664.0,807.0
1663.0,807.0
1663.0,806.0
1662.0,807.0
1661.0,808.0
1660.0,807.0
1659.0,808.0
1658.0,804.0
1659.0,804.0
1658.0,804.0
1658.0,805.0
1657.0,806.0
1658.0,806.0
1658.0,806.0
1658.0,806.0
1659.0,807.0
1658.0,806.0
1658.0,806.0
1658.0,806.0
1657.0,806.0
1657.0,807.0
1656.0,810.0
1654.0,811.0
1654.0,811.0
1653.0,812.0
1655.0,810.0
1654.0,811.0
1655.0,810.0
1654.0,810.0
1654.0,810.0
1655.0,811.0
1655.0,811.0
1655.0,810.0
1654.0,809.0
1654.0,811.0
1653.0,811.0
1655.0,810.0
1655.0,812.0
1653.0,810.0
1653.0,810.0
1654.0,811.0
1653.0,810.0
1651.0,812.0
1650.0,812.0
1656.0,812.0
1651.0,812.0
1651.0,812.0
1651.0,811.0
1651.0,812.0
1651.0,812.0
1651.0,812.0
1656.0,813.0
1652.0,813.0
1652.0,814.0
1657.0,812.0
1653.0,815.0
1659.0,814.0
1658.0,815.0
1657.0,815.0
1655.0,815.0
1655.0,814.0
1655.0,813.0
1654.0,813.0
1654.0,813.0
1654.0,814.0
1654.0,813.0
1654.0,814.0
1654.0,813.0
1654.0,813.0
1654.0,813.0
1655.0,813.0
1657.0,814.0
1657.0,814.0
1660.0,813.0
1659.0,812.0
1659.0,813.0
1658.0,813.0
1658.0,813.0
1659.0,813.0
1658.0,813.0
1660.0,814.0
1660.0,814.0
1660.0,813.0
1659.0,814.0
1659.0,815.0
1661.0,815.0
1661.0,816.0
