x,y
469.0,703.0
468.0,704.0
469.0,703.0
470.0,703.0
469.0,702.0
467.0,699.0
463.0,703.0
463.0,704.0
463.0,704.0
459.0,703.0
460.0,703.0
463.0,703.0
468.0,702.0
468.0,702.0
468.0,702.0
469.0,702.0
469.0,702.0
469.0,701.0
470.0,700.0
471.0,701.0
470.0,701.0
471.0,700.0
470.0,700.0
469.0,700.0
469.0,700.0
468.0,701.0
469.0,701.0
470.0,701.0
470.0,700.0
471.0,700.0
471.0,701.0
472.0,697.0
475.0,698.0
476.0,697.0
478.0,697.0
477.0,697.0
477.0,697.0
477.0,697.0
478.0,697.0
477.0,698.0
478.0,698.0
476.0,698.0
478.0,698.0
478.0,698.0
477.0,697.0
477.0,697.0
477.0,697.0
477.0,697.0
477.0,699.0
480.0,701.0
479.0,699.0
473.0,698.0
467.0,700.0
471.0,702.0
475.0,698.0
466.0,688.0
435.0,698.0
423.0,702.0
389.0,707.0
358.0,726.0
316.0,736.0
265.0,738.0
193.0,742.0
97.0,741.0
15.0,767.0
