x,y
10.0,30.0
163.0,88.0
334.0,109.0
502.0,111.0
672.0,105.0
847.0,90.0
1022.0,70.0
1184.0,73.0
1301.0,107.0
1394.0,130.0
1439.0,175.0
1435.0,202.0
1432.0,197.0
1471.0,200.0
1556.0,237.0
1666.0,319.0
1828.0,424.0
1834.357142857143,430.0
1840.7142857142858,436.0
1847.0714285714287,442.0
1853.4285714285713,448.0
1859.7857142857142,454.0
1866.142857142857,460.0
1872.5,466.0
1878.857142857143,472.0
1885.2142857142858,478.0
1891.5714285714287,484.0
1897.9285714285713,490.0
1904.2857142857142,496.0
1910.642857142857,502.0
1917.0,508.0
1895.0,411.0
1869.0,283.0
1844.0,151.0
1830.0,23.0
