x,y
1777.0,295.0
1777.0,294.0
1777.0,295.0
1776.0,295.0
1776.0,295.0
1776.0,295.0
1775.0,295.0
1776.0,295.0
1776.0,294.0
1777.0,294.0
1776.0,295.0
1776.0,295.0
1776.0,295.0
1776.0,294.0
1777.0,294.0
1777.0,295.0
1777.0,294.0
1777.0,295.0
1778.0,294.0
1777.0,294.0
1779.0,293.0
1779.0,293.0
1780.0,291.0
1780.0,291.0
1781.0,291.0
1781.0,293.0
1781.0,293.0
1781.0,292.0
1781.0,293.0
1781.0,293.0
1782.0,292.0
1782.0,292.0
1781.0,292.0
1781.0,292.0
1781.0,292.0
1781.0,292.0
1781.0,292.0
1781.0,292.0
1782.0,292.0
1783.0,293.0
1784.0,292.0
1784.0,292.0
1783.0,292.0
1783.0,292.0
1785.0,292.0
1786.0,292.0
1786.0,292.0
1786.0,292.0
1785.0,292.0
1785.0,292.0
1786.0,293.0
1786.0,293.0
1786.0,293.0
1787.0,293.0
1787.0,294.0
1788.0,294.0
1787.0,294.0
1788.0,294.0
1788.0,294.0
1788.0,294.0
1788.0,294.0
1788.0,294.0
1789.0,295.0
1788.0,294.0
1789.0,294.0
1789.0,294.0
1789.0,295.0
1789.0,295.0
1789.0,294.0
1789.0,294.0
1789.0,294.0
1789.0,294.0
1789.0,294.0
1789.0,294.0
1789.0,294.0
1793.0,293.0
1792.0,293.0
1793.0,292.0
1793.0,292.0
1793.0,292.0
1793.0,292.0
1793.0,292.0
1793.0,292.0
1793.0,292.0
1793.0,292.0
1793.0,292.0
1794.0,292.0
1791.0,293.0
1793.0,291.0
1793.0,291.0
1794.0,291.0
1793.0,291.0
1793.0,292.0
1793.0,292.0
1792.0,293.0
1791.0,293.0
1791.0,293.0
1791.0,294.0
1791.0,294.0
1792.0,292.0
