x,y
851.0,771.0
851.0,771.0
852.0,771.0
852.0,771.0
853.0,775.0
852.0,772.0
852.0,772.0
852.0,773.0
852.0,772.0
851.0,772.0
851.0,772.0
851.0,773.0
852.0,773.0
850.0,772.0
851.0,774.0
850.0,773.0
848.0,772.0
847.0,772.0
844.0,773.0
842.0,773.0
830.0,778.0
821.0,788.0
819.0,794.0
808.0,792.0
809.0,790.0
792.0,792.0
773.0,790.0
756.0,789.0
750.0,784.0
754.0,764.0
753.0,753.0
757.0,735.0
747.0,718.0
731.0,691.0
696.0,695.0
658.0,670.0
612.0,654.0
562.0,634.0
502.0,626.0
453.0,594.0
399.0,565.0
341.0,531.0
292.0,502.0
255.0,465.0
225.0,412.0
217.0,344.0
208.0,296.0
197.0,248.0
193.0,203.0
192.0,189.0
196.0,177.0
193.0,175.0
198.0,185.0
192.0,184.0
190.0,189.0
188.0,193.0
181.0,191.0
176.0,187.0
175.0,197.0
173.0,204.0
171.0,201.0
176.0,211.0
179.0,202.0
175.0,196.0
166.0,185.0
158.0,175.0
148.0,167.0
139.0,144.0
131.0,113.0
118.0,76.0
108.0,34.0
105.0,1.0
108.13636363636364,1.1818181818181819
111.27272727272727,1.3636363636363638
114.4090909090909,1.5454545454545454
117.54545454545455,1.7272727272727273
120.68181818181819,1.9090909090909092
123.81818181818181,2.090909090909091
126.95454545454545,2.2727272727272725
130.0909090909091,2.4545454545454546
133.22727272727272,2.6363636363636367
136.36363636363637,2.8181818181818183
139.5,3.0
142.63636363636363,3.1818181818181817
145.77272727272728,3.3636363636363638
148.9090909090909,3.5454545454545454
152.04545454545456,3.7272727272727275
155.1818181818182,3.909090909090909
158.3181818181818,4.090909090909091
161.45454545454544,4.272727272727273
164.5909090909091,4.454545454545455
167.72727272727272,4.636363636363637
170.86363636363637,4.818181818181818
174.0,5.0
175.0,9.0
185.0,22.0
188.0,29.0
182.64285714285714,32.92857142857143
177.28571428571428,36.857142857142854
171.92857142857144,40.785714285714285
