x,y
1007.0,929.0
998.0,937.0
969.0,954.0
937.0,976.0
900.0,990.0
863.0,1005.0
840.0,1006.0
817.0,992.0
789.0,976.0
742.0,945.0
694.0,940.0
645.0,920.0
585.0,900.0
544.0,865.0
511.0,831.0
495.0,799.0
488.0,780.0
489.0,775.0
492.0,768.0
485.0,759.0
486.0,748.0
487.0,739.0
487.0,736.0
483.0,741.0
480.0,737.0
486.0,729.0
489.0,728.0
489.0,727.0
488.0,728.0
489.0,728.0
487.0,728.0
489.0,727.0
491.0,726.0
489.0,727.0
490.0,727.0
490.0,727.0
488.0,727.0
486.0,736.0
488.0,727.0
492.0,730.0
489.0,730.0
481.0,729.0
489.0,729.0
480.0,729.0
481.0,729.0
490.0,728.0
482.0,729.0
482.0,728.0
480.0,727.0
480.0,726.0
481.0,726.0
479.0,724.0
481.0,725.0
478.0,726.0
475.0,726.0
475.0,726.0
475.0,724.0
475.0,724.0
474.0,724.0
475.0,723.0
474.0,724.0
473.0,724.0
473.0,723.0
472.0,723.0
472.0,724.0
472.0,724.0
470.0,723.0
473.0,715.0
467.0,722.0
448.0,737.0
445.0,735.0
443.0,734.0
442.0,734.0
443.0,734.0
443.0,734.0
441.0,732.0
440.0,732.0
441.0,732.0
439.0,730.0
438.0,728.0
437.0,726.0
435.0,720.0
435.0,719.0
435.0,719.0
434.0,719.0
434.0,718.0
435.0,718.0
435.0,719.0
435.0,718.0
433.0,716.0
434.0,717.0
434.0,716.0
434.0,716.0
434.0,716.0
435.0,710.0
436.0,705.0
453.0,703.0
465.0,700.0
457.0,702.0
467.0,702.0
