x,y
1831.0,552.0
1779.0,543.0
1729.0,537.0
1704.0,517.0
1698.0,499.0
1700.0,482.0
1695.0,470.0
1694.0,472.0
1691.0,473.0
1688.0,473.0
1680.0,470.0
1675.0,468.0
1667.0,458.0
1664.0,450.0
1664.0,449.0
1663.0,450.0
1662.0,453.0
1659.0,450.0
1660.0,450.0
1659.0,450.0
1658.0,452.0
1659.0,450.0
1658.0,451.0
1658.0,451.0
1659.0,451.0
1662.0,450.0
1663.0,449.0
1664.0,447.0
1662.0,447.0
1662.0,448.0
1663.0,447.0
1662.0,446.0
1662.0,446.0
1661.0,446.0
1663.0,446.0
1661.0,445.0
1661.0,445.0
1661.0,444.0
1660.0,444.0
1660.0,444.0
1660.0,444.0
1659.0,444.0
1660.0,444.0
1660.0,444.0
1660.0,444.0
1659.0,443.0
1659.0,443.0
1659.0,443.0
1660.0,442.0
1663.0,441.0
1664.0,440.0
1664.0,441.0
1665.0,441.0
1664.0,441.0
1664.0,440.0
1665.0,440.0
1665.0,439.0
1665.0,439.0
1665.0,439.0
1665.0,440.0
1666.0,441.0
1665.0,440.0
1665.0,441.0
1666.0,441.0
1665.0,442.0
1665.0,443.0
1664.0,442.0
1666.0,441.0
1667.0,441.0
1668.0,440.0
1669.0,440.0
1671.0,440.0
1671.0,441.0
1670.0,440.0
1671.0,440.0
1670.0,439.0
1670.0,439.0
1670.0,438.0
1669.0,436.0
1670.0,438.0
1671.0,437.0
1671.0,437.0
1671.0,437.0
1672.0,436.0
1669.0,433.0
1669.0,432.0
1668.0,431.0
1670.0,432.0
1671.0,431.0
1671.0,431.0
1672.0,431.0
1672.0,431.0
1672.0,431.0
1669.0,431.0
1672.0,430.0
1668.0,430.0
1668.0,430.0
1671.0,430.0
1672.0,429.0
1672.0,429.0
