x,y
1792.0,292.0
1792.0,292.0
1792.0,292.0
1792.0,294.0
1792.0,293.0
1792.0,292.0
1792.0,292.0
1792.0,292.0
1793.0,292.0
1794.0,293.0
1793.0,293.0
1793.0,293.0
1794.0,292.0
1792.0,293.0
1793.0,294.0
1792.0,293.0
1794.0,292.0
1794.0,292.0
1792.0,292.0
1792.0,292.0
1794.0,292.0
1794.0,292.0
1794.0,292.0
1793.0,293.0
1795.0,293.0
1793.0,292.0
1793.0,294.0
1792.0,295.0
1793.0,295.0
1792.0,296.0
1792.0,296.0
1791.0,296.0
1794.0,297.0
1793.0,298.0
1791.0,299.0
1790.0,299.0
1790.0,299.0
1790.0,299.0
1789.0,299.0
1788.0,299.0
1788.0,299.0
1788.0,299.0
1788.0,299.0
1788.0,299.0
1788.0,299.0
1788.0,299.0
1788.0,299.0
1788.0,299.0
1788.0,299.0
1787.0,299.0
1787.0,297.0
1787.0,298.0
1788.0,299.0
1787.0,299.0
1786.0,299.0
1787.0,299.0
1785.0,299.0
1785.0,299.0
1785.0,297.0
1785.0,299.0
1785.0,297.0
1785.0,297.0
1786.0,299.0
1786.0,299.0
1786.0,299.0
1787.0,299.0
1786.0,298.0
1785.0,299.0
1783.0,298.0
1783.0,298.0
1782.0,298.0
1782.0,298.0
1782.0,295.0
1782.0,296.0
1782.0,295.0
1783.0,296.0
1782.0,296.0
1782.0,296.0
1782.0,296.0
1782.0,295.0
1782.0,295.0
1782.0,295.0
1781.0,296.0
1781.0,296.0
1782.0,296.0
1781.0,296.0
1780.0,295.0
1778.0,295.0
1777.0,294.0
1777.0,294.0
1776.0,294.0
1776.0,293.0
1776.0,293.0
1776.0,294.0
1776.0,294.0
1776.0,294.0
1776.0,294.0
1776.0,294.0
1776.0,294.0
1777.0,295.0
