x,y
1057.0,962.0
1057.0,961.0
1057.0,962.0
1057.0,960.0
1056.0,961.0
1056.0,965.0
1061.0,957.0
1008.0,975.0
984.0,970.0
961.0,956.0
938.0,947.0
916.0,955.0
889.0,962.0
854.0,963.0
803.0,961.0
759.0,940.0
716.0,897.0
689.0,846.0
666.0,797.0
638.0,768.0
606.0,746.0
574.0,738.0
549.0,747.0
525.0,746.0
510.0,741.0
505.0,748.0
495.0,744.0
483.0,744.0
490.0,728.0
484.0,728.0
484.0,727.0
475.0,731.0
477.0,731.0
489.0,730.0
487.0,730.0
490.0,730.0
480.0,726.0
487.0,729.0
486.0,728.0
486.0,728.0
486.0,728.0
485.0,728.0
484.0,728.0
485.0,728.0
483.0,725.0
479.0,724.0
480.0,724.0
479.0,723.0
482.0,721.0
478.0,723.0
476.0,723.0
477.0,724.0
480.0,721.0
477.0,721.0
479.0,721.0
476.0,721.0
476.0,721.0
478.0,721.0
477.0,722.0
476.0,722.0
476.0,722.0
476.0,722.0
477.0,722.0
477.0,722.0
476.0,723.0
476.0,723.0
476.0,722.0
476.0,722.0
476.0,721.0
475.0,722.0
475.0,722.0
473.0,722.0
472.0,720.0
473.0,720.0
471.0,720.0
472.0,720.0
473.0,720.0
472.0,721.0
472.0,720.0
472.0,720.0
473.0,722.0
473.0,721.0
475.0,721.0
474.0,721.0
474.0,721.0
474.0,721.0
474.0,720.0
474.0,721.0
472.0,721.0
469.0,716.0
467.0,716.0
469.0,712.0
468.0,711.0
469.0,711.0
468.0,710.0
468.0,709.0
469.0,709.0
468.0,707.0
466.0,706.0
464.0,705.0
