x,y
972.0,649.0
972.0,649.0
972.0,649.0
973.0,649.0
973.0,649.0
973.0,649.0
972.0,649.0
972.0,649.0
972.0,649.0
972.0,649.0
973.0,649.0
973.0,649.0
972.0,648.0
972.0,649.0
972.0,649.0
972.0,649.0
972.0,649.0
972.0,649.0
972.0,649.0
972.0,649.0
970.0,649.0
972.0,649.0
972.0,650.0
972.0,650.0
972.0,649.0
972.0,649.0
972.0,650.0
973.0,650.0
972.0,649.0
972.0,648.0
972.0,650.0
972.0,649.0
972.0,650.0
970.0,649.0
969.0,649.0
970.0,650.0
970.0,649.0
968.0,650.0
968.0,650.0
969.0,649.0
968.0,649.0
968.0,650.0
968.0,650.0
968.0,649.0
968.0,649.0
955.0,639.0
956.0,639.0
955.0,638.0
954.0,637.0
954.0,636.0
954.0,635.0
953.0,634.0
953.0,633.0
953.0,633.0
956.0,635.0
955.0,634.0
956.0,634.0
957.0,633.0
956.0,633.0
958.0,633.0
958.0,633.0
959.0,633.0
960.0,636.0
960.0,633.0
959.0,632.0
961.0,633.0
962.0,632.0
961.0,629.0
963.0,630.0
964.0,630.0
965.0,630.0
965.0,630.0
965.0,629.0
964.0,629.0
967.0,628.0
969.0,629.0
968.0,629.0
970.0,628.0
971.0,628.0
971.0,628.0
971.0,628.0
972.0,627.0
973.0,627.0
973.0,627.0
973.0,627.0
973.0,627.0
974.0,627.0
974.0,627.0
974.0,627.0
974.0,628.0
974.0,628.0
974.0,628.0
974.0,628.0
974.0,628.0
974.0,628.0
975.0,629.0
975.0,628.0
975.0,628.0
976.0,629.0
978.0,630.0
