x,y
1548.0,951.0
1538.0,966.0
1510.0,953.0
1512.0,954.0
1512.0,954.0
1513.0,957.0
1513.0,955.0
1513.0,954.0
1513.0,954.0
1512.0,954.0
1513.0,954.0
1561.0,934.0
1608.0,945.0
1613.0,973.0
1610.0,1017.0
1562.0,974.0
1512.0,954.0
1512.0,955.0
1517.0,956.0
1513.0,955.0
1513.0,956.0
1513.0,955.0
1514.0,955.0
1513.0,955.0
1513.0,954.0
1512.0,954.0
1513.0,954.0
1513.0,954.0
1514.0,955.0
1514.0,955.0
1514.0,956.0
1514.0,956.0
1515.0,956.0
1547.0,966.0
1583.0,970.0
1586.0,970.0
1573.0,973.0
1573.0,971.0
1572.0,972.0
1575.0,961.0
1565.0,934.0
1562.0,933.0
1544.0,951.0
1516.0,957.0
1516.0,957.0
1515.0,957.0
1514.0,956.0
1514.0,956.0
1515.0,957.0
1542.0,959.0
1545.0,953.0
1544.0,952.0
1544.0,954.0
1546.0,954.0
1545.0,952.0
1545.0,953.0
1545.0,952.0
1547.0,953.0
1545.0,953.0
1545.0,954.0
1545.0,954.0
1545.0,952.0
1546.0,952.0
1547.0,953.0
1548.0,953.0
1546.0,952.0
1546.0,955.0
1568.0,972.0
1606.0,972.0
1606.0,979.0
1604.0,982.0
1605.0,981.0
1605.0,982.0
1606.0,979.0
1605.0,980.0
1605.0,980.0
1606.0,980.0
1606.0,980.0
1612.0,979.0
1605.0,978.0
1604.0,979.0
1608.0,986.0
1610.0,987.0
1609.0,987.0
1609.0,988.0
1609.0,988.0
1607.0,988.0
1608.0,988.0
1608.0,988.0
1607.0,988.0
1606.0,988.0
1606.0,988.0
1606.0,989.0
1607.0,990.0
1607.0,993.0
1597.0,998.0
1598.0,1001.0
1597.0,998.0
1600.0,991.0
1601.0,998.0
