x,y
1554.0,431.0
1562.0,474.0
1551.0,512.0
1552.0,558.0
1547.0,602.0
1551.0,638.0
1538.0,665.0
1537.0,687.0
1530.0,711.0
1519.0,723.0
1513.0,728.0
1513.0,731.0
1510.0,740.0
1505.0,746.0
1504.0,748.0
1504.0,754.0
1502.0,758.0
1495.0,770.0
1493.0,772.0
1493.0,769.0
1495.0,763.0
1495.0,764.0
1495.0,766.0
1495.0,767.0
1496.0,768.0
1496.0,768.0
1498.0,769.0
1498.0,768.0
1498.0,771.0
1498.0,770.0
1498.0,771.0
1498.0,770.0
1498.0,770.0
1498.0,771.0
1499.0,772.0
1499.0,772.0
1498.0,770.0
1498.0,770.0
1500.0,769.0
1500.0,768.0
1493.0,759.0
1500.0,757.0
1489.0,743.0
1486.0,732.0
1485.0,726.0
1488.0,710.0
1494.0,683.0
1467.0,653.0
1448.0,619.0
1424.0,577.0
1397.0,522.0
1356.0,490.0
1311.0,467.0
1267.0,456.0
1231.0,440.0
1201.0,420.0
1183.0,405.0
1170.0,384.0
1166.0,380.0
1165.0,371.0
1168.0,366.0
1185.0,351.0
1190.0,337.0
1189.0,331.0
1181.0,325.0
1168.0,318.0
1168.0,319.0
1169.0,319.0
1176.0,326.0
1174.0,325.0
1175.0,330.0
1170.0,331.0
1180.0,332.0
1172.0,332.0
1181.0,333.0
1182.0,332.0
1181.0,334.0
1172.0,330.0
1181.0,337.0
1182.0,332.0
1182.0,332.0
1181.0,332.0
1182.0,332.0
1182.0,332.0
1182.0,332.0
1182.0,332.0
1182.0,332.0
1182.0,332.0
1182.0,331.0
1183.0,333.0
1183.0,332.0
1184.0,333.0
1173.0,326.0
1180.0,330.0
1167.0,327.0
1166.0,326.0
1165.0,325.0
1168.0,328.0
1168.0,328.0
1168.0,330.0
