x,y
1881.625,932.375
1881.6875,932.3125
1881.75,932.25
1881.8125,932.1875
1881.875,932.125
1881.9375,932.0625
1882.0,932.0
1881.0,931.0
1880.0,930.0
1881.0,931.0
1882.0,930.0
1881.0,930.0
1881.0,930.0
1882.0,931.0
1882.0,931.0
1881.0,930.0
1881.0,930.0
1882.0,930.0
1881.0,930.0
1882.0,931.0
1881.0,931.0
1881.25,931.0
1881.5,931.0
1881.75,931.0
1882.0,931.0
1882.0,930.0
1882.0,929.0
1882.0,929.0
1881.0,930.0
1882.0,931.0
1881.0,931.0
1881.3333333333333,931.0
1881.6666666666667,931.0
1882.0,931.0
1881.0,930.0
1881.0,930.0
1882.0,929.0
1881.0,930.0
1882.0,931.0
1882.0,929.0
1882.0,928.6666666666666
1882.0,928.3333333333334
1882.0,928.0
1881.8333333333333,928.1666666666666
1881.6666666666667,928.3333333333334
1881.5,928.5
1881.3333333333333,928.6666666666666
1881.1666666666667,928.8333333333334
1881.0,929.0
1880.8333333333333,929.1666666666666
1880.6666666666667,929.3333333333334
1880.5,929.5
1880.3333333333333,929.6666666666666
1880.1666666666667,929.8333333333334
1880.0,930.0
1880.017857142857,929.9464285714286
1880.0357142857142,929.8928571428571
1880.0535714285713,929.8392857142857
1880.0714285714287,929.7857142857143
1880.0892857142858,929.7321428571429
1880.107142857143,929.6785714285714
1880.125,929.625
1880.142857142857,929.5714285714286
1880.1607142857142,929.5178571428571
1880.1785714285713,929.4642857142857
1880.1964285714287,929.4107142857143
1880.2142857142858,929.3571428571429
1880.232142857143,929.3035714285714
1880.25,929.25
1880.267857142857,929.1964285714286
1880.2857142857142,929.1428571428571
1880.3035714285713,929.0892857142857
1880.3214285714287,929.0357142857143
1880.3392857142858,928.9821428571429
1880.357142857143,928.9285714285714
1880.375,928.875
1880.392857142857,928.8214285714286
1880.4107142857142,928.7678571428571
1880.4285714285713,928.7142857142857
1880.4464285714287,928.6607142857143
1880.4642857142858,928.6071428571429
1880.482142857143,928.5535714285714
1880.5,928.5
1880.517857142857,928.4464285714286
1880.5357142857142,928.3928571428571
1880.5535714285713,928.3392857142857
1880.5714285714287,928.2857142857143
1880.5892857142858,928.2321428571429
1880.607142857143,928.1785714285714
1880.625,928.125
1880.642857142857,928.0714285714286
1880.6607142857142,928.0178571428571
1880.6785714285713,927.9642857142857
1880.6964285714287,927.9107142857143
1880.7142857142858,927.8571428571429
1880.732142857143,927.8035714285714
1880.75,927.75
1880.767857142857,927.6964285714286
1880.7857142857142,927.6428571428571
1880.8035714285713,927.5892857142857
