x,y
622.0,132.0
684.0,217.0
730.0,303.0
759.0,379.0
777.0,445.0
794.0,492.0
814.0,524.0
821.0,551.0
848.0,542.0
863.0,544.0
885.0,534.0
899.0,533.0
907.0,534.0
911.0,538.0
926.0,545.0
927.0,554.0
949.0,567.0
955.0,576.0
960.0,586.0
972.0,589.0
975.0,596.0
974.0,601.0
978.0,613.0
974.0,616.0
977.0,624.0
978.0,629.0
975.0,627.0
980.0,627.0
979.0,628.0
972.0,621.0
978.0,626.0
972.0,624.0
973.0,625.0
972.0,624.0
970.0,622.0
971.0,623.0
969.0,623.0
970.0,622.0
969.0,623.0
970.0,623.0
969.0,623.0
970.0,623.0
969.0,623.0
969.0,623.0
969.0,623.0
969.0,623.0
969.0,623.0
968.0,623.0
969.0,623.0
968.0,623.0
968.0,622.0
968.0,623.0
969.0,623.0
969.0,623.0
968.0,623.0
968.0,622.0
967.0,622.0
968.0,622.0
967.0,622.0
967.0,622.0
967.0,622.0
967.0,623.0
967.0,622.0
968.0,622.0
967.0,622.0
967.0,622.0
968.0,623.0
968.0,624.0
968.0,624.0
965.0,631.0
967.0,628.0
967.0,632.0
967.0,633.0
965.0,634.0
966.0,634.0
965.0,634.0
967.0,633.0
968.0,633.0
968.0,632.0
967.0,633.0
967.0,633.0
967.0,634.0
967.0,633.0
966.0,634.0
967.0,633.0
967.0,632.0
968.0,632.0
968.0,633.0
968.0,632.0
968.0,632.0
968.0,632.0
968.0,632.0
968.0,633.0
969.0,633.0
967.0,634.0
967.0,636.0
966.0,636.0
966.0,637.0
966.0,636.0
966.0,635.0
