x,y
1343.0,408.0
1344.0,407.0
1345.0,406.0
1345.0,406.0
1346.0,404.0
1346.0,404.0
1346.0,405.0
1345.0,406.0
1345.0,406.0
1345.0,406.0
1344.0,407.0
1344.0,407.0
1345.0,407.0
1344.0,407.0
1344.0,407.0
1344.0,407.0
1342.0,407.0
1343.0,407.0
1343.0,406.0
1343.0,406.0
1343.0,406.0
1343.0,407.0
1342.0,407.0
1342.0,408.0
1340.0,407.0
1340.0,406.0
1340.0,406.0
1340.0,406.0
1339.0,406.0
1338.0,406.0
1339.0,404.0
1340.0,404.0
1345.0,408.0
1346.0,408.0
1346.0,408.0
1344.0,408.0
1339.0,403.0
1335.0,399.0
1334.0,399.0
1333.0,397.0
1334.0,397.0
1333.0,396.0
1334.0,395.0
1334.0,394.0
1333.0,394.0
1333.0,394.0
1333.0,394.0
1333.0,394.0
1334.0,394.0
1333.0,394.0
1333.0,394.0
1333.0,394.0
1334.0,394.0
1334.0,394.0
1334.0,393.0
1333.0,394.0
1333.0,394.0
1337.0,399.0
1338.0,398.0
1342.0,398.0
1343.0,399.0
1342.0,399.0
1345.0,400.0
1347.0,399.0
1348.0,398.0
1348.0,398.0
1347.0,399.0
1347.0,399.0
1347.0,398.0
1347.0,400.0
1346.0,400.0
1346.0,400.0
1347.0,400.0
1347.0,399.0
1347.0,400.0
1346.0,398.0
1347.0,397.0
1347.0,396.0
1348.0,397.0
1348.0,398.0
1347.0,398.0
1342.0,396.0
1340.0,395.0
1338.0,395.0
1341.0,395.0
1348.0,390.0
1356.0,386.0
1383.0,376.0
1397.0,377.0
1407.0,383.0
1402.0,402.0
1396.0,433.0
1385.0,461.0
1382.0,484.0
1381.0,494.0
1386.0,501.0
1385.0,505.0
1390.0,513.0
1405.0,521.0
1422.0,532.0
