x,y
570.0,831.0
570.0,830.0
571.0,829.0
572.0,828.0
572.0,829.0
573.0,828.0
572.0,828.0
572.0,828.0
573.0,828.0
573.0,829.0
572.0,830.0
572.0,830.0
572.0,831.0
573.0,831.0
573.0,829.0
573.0,828.0
576.0,827.0
577.0,827.0
578.0,826.0
580.0,828.0
580.0,826.0
581.0,827.0
581.0,827.0
582.0,827.0
581.0,827.0
581.0,828.0
581.0,828.0
583.0,825.0
584.0,826.0
582.0,827.0
582.0,828.0
582.0,827.0
581.0,828.0
582.0,828.0
582.0,828.0
581.0,831.0
579.0,829.0
579.0,829.0
578.0,828.0
578.0,826.0
586.0,826.0
598.0,835.0
608.0,851.0
618.0,867.0
631.0,895.0
651.0,906.0
674.0,906.0
702.0,899.0
733.0,886.0
768.0,867.0
798.0,847.0
831.0,827.0
867.0,812.0
905.0,815.0
943.0,834.0
988.0,859.0
1034.0,889.0
1086.0,912.0
1129.0,922.0
1164.0,916.0
1189.0,889.0
1190.0,866.0
1178.0,832.0
1188.0,818.0
1198.0,798.0
1211.0,785.0
1217.0,778.0
1220.0,764.0
1223.0,747.0
1227.0,728.0
1240.0,706.0
1249.0,701.0
1259.0,698.0
1268.0,707.0
1280.0,698.0
1283.0,695.0
1294.0,688.0
1300.0,681.0
1309.0,674.0
1314.0,669.0
1317.0,669.0
1318.0,671.0
1319.0,671.0
1321.0,672.0
1320.0,673.0
1319.0,673.0
1320.0,674.0
1319.0,674.0
1320.0,674.0
1320.0,674.0
1320.0,675.0
1320.0,675.0
1320.0,676.0
1320.0,674.0
1318.0,675.0
1319.0,674.0
1319.0,674.0
1320.0,675.0
1321.0,674.0
1321.0,674.0
