x,y
362.0,856.0
376.0,873.0
391.0,890.0
412.0,897.0
424.0,904.0
431.0,904.0
434.0,903.0
434.0,890.0
440.0,882.0
439.0,884.0
446.0,885.0
447.0,884.0
448.0,888.0
458.0,894.0
463.0,888.0
458.0,887.0
462.0,888.0
461.0,886.0
462.0,886.0
462.0,888.0
462.0,888.0
463.0,887.0
463.0,886.0
462.0,888.0
454.0,889.0
457.0,887.0
462.0,886.0
462.0,886.0
461.0,887.0
464.0,886.0
464.0,886.0
468.0,882.0
468.0,883.0
468.0,885.0
468.0,883.0
469.0,882.0
468.0,883.0
468.0,884.0
468.0,883.0
468.0,884.0
468.0,886.0
468.0,885.0
469.0,883.0
469.0,883.0
469.0,883.0
469.0,883.0
469.0,884.0
468.0,886.0
469.0,884.0
469.0,884.0
468.0,884.0
468.0,883.0
468.0,883.0
470.0,885.0
470.0,885.0
470.0,884.0
472.0,883.0
474.0,883.0
473.0,881.0
476.0,885.0
475.0,884.0
474.0,882.0
474.0,882.0
474.0,877.0
474.0,877.0
477.0,876.0
480.0,876.0
484.0,873.0
486.0,870.0
485.0,871.0
486.0,872.0
485.0,871.0
486.0,871.0
489.0,868.0
489.0,869.0
490.0,870.0
488.0,871.0
490.0,870.0
487.0,871.0
489.0,869.0
489.0,870.0
490.0,871.0
489.0,871.0
491.0,869.0
488.0,870.0
489.0,870.0
486.0,873.0
485.0,874.0
484.0,874.0
480.0,875.0
480.0,875.0
484.0,875.0
485.0,878.0
492.0,875.0
504.0,864.0
517.0,842.0
542.0,822.0
561.0,803.0
593.0,803.0
606.0,801.0
