x,y
995.0,601.0
995.0,596.0
993.0,595.0
993.0,595.0
993.0,596.0
993.0,595.0
993.0,595.0
993.0,595.0
999.0,597.0
994.0,596.0
999.0,595.0
998.0,595.0
1000.0,596.0
1000.0,596.0
994.0,596.0
994.0,596.0
993.0,597.0
994.0,596.0
994.0,596.0
994.0,596.0
994.0,596.0
1001.0,595.0
1001.0,595.0
1001.0,596.0
994.0,597.0
1001.0,596.0
1001.0,596.0
994.0,596.0
993.0,597.0
1001.0,599.0
994.0,597.0
1000.0,599.0
1000.0,598.0
1001.0,598.0
995.0,597.0
994.0,596.0
993.0,597.0
999.0,598.0
999.0,596.0
995.0,596.0
999.0,597.0
999.0,597.0
1000.0,597.0
999.0,597.0
997.0,595.0
998.0,594.0
998.0,594.0
996.0,594.0
998.0,593.0
997.0,593.0
997.0,596.0
996.0,595.0
995.0,595.0
991.0,595.0
992.0,595.0
993.0,595.0
991.0,595.0
991.0,595.0
995.0,596.0
991.0,596.0
992.0,595.0
996.0,597.0
996.0,596.0
995.0,596.0
992.0,595.0
993.0,595.0
990.0,596.0
990.0,596.0
989.0,594.0
989.0,594.0
989.0,594.0
989.0,593.0
987.0,592.0
986.0,592.0
985.0,592.0
985.0,592.0
985.0,592.0
986.0,592.0
986.0,593.0
985.0,593.0
986.0,593.0
984.0,592.0
984.0,592.0
984.0,592.0
984.0,591.0
986.0,592.0
982.0,590.0
982.0,586.0
982.0,589.0
981.0,587.0
981.0,586.0
981.0,585.0
981.0,585.0
981.0,585.0
980.0,585.0
981.0,585.0
981.0,585.0
981.0,585.0
980.0,585.0
981.0,585.0
