x,y
1429.0,718.0
1419.0,721.0
1397.0,722.0
1380.0,717.0
1372.0,716.0
1362.0,712.0
1349.0,710.0
1336.0,716.0
1328.0,727.0
1324.0,743.0
1324.0,759.0
1333.0,774.0
1349.0,788.0
1352.0,786.0
1358.0,792.0
1351.0,791.0
1343.0,793.0
1329.0,800.0
1323.0,805.0
1317.0,812.0
1305.0,816.0
1282.0,820.0
1252.0,814.0
1212.0,797.0
1170.0,788.0
1120.0,770.0
1068.0,759.0
1013.0,738.0
950.0,718.0
896.0,688.0
845.0,655.0
798.0,621.0
756.0,590.0
727.0,557.0
705.0,525.0
706.0,497.0
703.0,461.0
704.0,450.0
716.0,445.0
722.0,451.0
726.0,455.0
727.0,463.0
723.0,469.0
715.0,469.0
703.0,469.0
699.0,469.0
697.0,469.0
699.0,473.0
701.0,475.0
700.0,478.0
703.0,484.0
698.0,483.0
690.0,487.0
690.0,486.0
685.0,495.0
686.0,496.0
685.0,496.0
685.0,495.0
688.0,492.0
691.0,490.0
691.0,490.0
687.0,492.0
684.0,493.0
686.0,490.0
679.0,493.0
667.0,493.0
655.0,486.0
646.0,493.0
638.0,480.0
627.0,465.0
617.0,443.0
606.0,420.0
597.0,406.0
590.0,401.0
587.0,401.0
582.0,397.0
579.0,386.0
570.0,374.0
563.0,354.0
577.0,337.0
584.0,312.0
585.0,295.0
581.0,274.0
578.0,254.0
575.0,234.0
566.0,227.0
557.0,222.0
554.0,212.0
551.0,209.0
546.0,203.0
545.0,199.0
538.0,190.0
535.0,190.0
529.0,193.0
525.0,202.0
522.0,201.0
523.0,205.0
521.0,206.0
521.0,206.0
521.0,206.0
