x,y
163.0,804.0
161.0,804.0
160.0,804.0
160.0,803.0
161.0,803.0
161.0,804.0
161.0,804.0
158.0,804.0
158.0,804.0
160.0,804.0
157.0,804.0
160.0,803.0
158.0,804.0
160.0,804.0
160.0,804.0
160.0,804.0
161.0,804.0
161.0,804.0
161.0,804.0
161.0,804.0
161.0,804.0
161.0,803.0
161.0,802.0
161.0,802.0
161.0,802.0
161.0,802.0
160.0,802.0
161.0,802.0
160.0,802.0
159.0,802.0
160.0,802.0
160.0,801.0
162.0,800.0
163.0,801.0
162.0,801.0
163.0,801.0
163.0,801.0
163.0,800.0
165.0,800.0
165.0,801.0
165.0,801.0
165.0,801.0
165.0,802.0
165.0,801.0
165.0,801.0
164.0,801.0
165.0,802.0
165.0,802.0
165.0,802.0
165.0,801.0
165.0,800.0
167.0,803.0
168.0,801.0
168.0,803.0
168.0,803.0
168.0,803.0
168.0,803.0
168.0,803.0
167.0,803.0
167.0,802.0
168.0,803.0
168.0,803.0
167.0,802.0
167.0,802.0
167.0,802.0
167.0,802.0
167.0,802.0
165.0,799.0
165.0,800.0
165.0,801.0
165.0,800.0
163.0,800.0
163.0,801.0
162.0,801.0
162.0,801.0
162.0,799.0
164.0,797.0
161.0,795.0
158.0,787.0
141.0,782.0
131.0,801.0
119.0,828.0
104.0,856.0
92.0,886.0
68.0,909.0
51.0,931.0
19.0,926.0
5.0,936.0
