x,y
1595.0,1005.0
1591.0,1006.0
1585.0,999.0
1585.0,997.0
1585.0,996.0
1585.0,996.0
1585.0,996.0
1586.0,996.0
1586.0,996.0
1584.0,997.0
1590.0,999.0
1584.0,997.0
1589.0,999.0
1589.0,999.0
1590.0,998.0
1589.0,999.0
1586.0,1001.0
1584.0,1004.0
1585.0,1003.0
1583.0,1003.0
1586.0,1002.0
1584.0,997.0
1584.0,997.0
1587.0,995.0
1585.0,996.0
1582.0,995.0
1575.0,984.0
1571.0,992.0
1569.0,996.0
1568.0,995.0
1566.0,994.0
1568.0,988.0
1559.0,984.0
1554.0,984.0
1551.0,978.0
1537.0,971.0
1521.0,961.0
1498.0,945.0
1487.0,919.0
1483.0,912.0
1477.0,915.0
1477.0,909.0
1471.0,898.0
1467.0,894.0
1457.0,892.0
1455.0,894.0
1457.0,894.0
1457.0,896.0
1455.0,895.0
1453.0,896.0
1453.0,897.0
1450.0,896.0
1450.0,895.0
1452.0,894.0
1449.0,895.0
1449.0,896.0
1449.0,895.0
1447.0,895.0
1449.0,895.0
1448.0,895.0
1447.0,894.0
1449.0,894.0
1451.0,895.0
1450.0,893.0
1447.0,898.0
1447.0,898.0
1446.0,898.0
1447.0,890.0
1445.0,896.0
1443.0,895.0
1436.0,885.0
1434.0,884.0
1427.0,875.0
1403.0,865.0
1390.0,859.0
1356.0,865.0
1340.0,858.0
1330.0,902.0
1317.0,920.0
1294.0,927.0
1290.0,926.0
1291.0,913.0
1287.0,908.0
1289.0,911.0
1290.0,906.0
1290.0,912.0
1288.0,913.0
1289.0,910.0
1286.0,900.0
1287.0,903.0
1286.0,901.0
1294.0,900.0
1292.0,900.0
1291.0,899.0
1291.0,900.0
1291.0,899.0
1290.0,899.0
1288.0,900.0
1291.0,898.0
1291.0,899.0
