x,y
981.0,586.0
981.0,586.0
981.0,586.0
981.0,586.0
981.0,586.0
981.0,586.0
981.0,587.0
982.0,586.0
979.0,583.0
979.0,583.0
980.0,582.0
980.0,584.0
980.0,584.0
981.0,583.0
980.0,584.0
981.0,584.0
980.0,583.0
981.0,584.0
980.0,585.0
981.0,584.0
981.0,585.0
981.0,585.0
981.0,585.0
983.0,585.0
981.0,579.0
981.0,577.0
981.0,577.0
982.0,573.0
982.0,573.0
981.0,574.0
983.0,572.0
982.0,573.0
982.0,574.0
982.0,574.0
982.0,574.0
982.0,574.0
982.0,574.0
982.0,574.0
981.0,574.0
981.0,575.0
981.0,575.0
982.0,573.0
983.0,574.0
983.0,574.0
984.0,572.0
983.0,572.0
983.0,572.0
983.0,571.0
983.0,571.0
984.0,571.0
982.0,568.0
985.0,570.0
989.0,569.0
990.0,569.0
989.0,569.0
991.0,569.0
991.0,570.0
992.0,570.0
992.0,571.0
990.0,570.0
994.0,570.0
993.0,569.0
992.0,570.0
994.0,570.0
992.0,570.0
992.0,569.0
992.0,569.0
991.0,571.0
991.0,570.0
991.0,570.0
988.0,571.0
991.0,570.0
992.0,570.0
992.0,572.0
993.0,572.0
993.0,571.0
992.0,570.0
993.0,568.0
993.0,569.0
993.0,569.0
994.0,570.0
995.0,571.0
997.0,569.0
995.0,571.0
995.0,572.0
998.0,569.0
997.0,573.0
997.0,574.0
998.0,573.0
997.0,575.0
998.0,573.0
997.0,574.0
997.0,575.0
998.0,574.0
997.0,575.0
997.0,574.0
997.0,574.0
996.0,575.0
997.0,575.0
997.0,575.0
