x,y
1338.0,693.0
1335.0,696.0
1334.0,696.0
1334.0,695.0
1333.0,695.0
1334.0,696.0
1335.0,696.0
1337.0,697.0
1347.0,698.0
1348.0,697.0
1346.0,695.0
1349.0,688.0
1348.0,686.0
1345.0,677.0
1343.0,676.0
1341.0,665.0
1326.0,646.0
1328.0,647.0
1340.0,645.0
1391.0,673.0
1408.0,674.0
1415.0,675.0
1427.0,680.0
1435.0,685.0
1444.0,687.0
1449.0,684.0
1455.0,684.0
1466.0,676.0
1473.0,680.0
1485.0,686.0
1507.0,699.0
1523.0,706.0
1536.0,701.0
1545.0,687.0
1545.0,672.0
1536.0,659.0
1521.0,652.0
1501.0,654.0
1468.0,662.0
1437.0,675.0
1397.0,682.0
1352.0,690.0
1304.0,699.0
1245.0,702.0
1196.0,694.0
1152.0,695.0
1110.0,683.0
1069.0,687.0
1035.0,686.0
995.0,695.0
959.0,687.0
929.0,699.0
905.0,701.0
879.0,692.0
870.0,688.0
849.0,685.0
832.0,686.0
814.0,675.0
804.0,664.0
794.0,645.0
791.0,623.0
790.0,604.0
787.0,583.0
787.0,577.0
782.0,580.0
776.0,593.0
755.0,626.0
723.0,673.0
695.0,703.0
659.0,720.0
630.0,722.0
621.0,711.0
622.0,683.0
639.0,654.0
684.0,642.0
713.0,630.0
762.0,629.0
802.0,630.0
854.0,644.0
909.0,659.0
964.0,689.0
1028.0,715.0
1087.0,753.0
1143.0,784.0
1186.0,827.0
1217.0,869.0
1276.0,889.0
1282.0,894.0
1282.0,894.0
1284.0,884.0
1283.0,876.0
1267.0,888.0
1268.0,887.0
1285.0,886.0
1312.0,883.0
1312.0,883.0
1312.0,883.0
1289.0,886.0
1288.0,886.0
1271.0,885.0
