x,y
224.0,836.0
214.0,830.0
203.0,826.0
199.0,828.0
202.0,830.0
198.0,838.0
198.0,838.0
186.0,843.0
183.0,845.0
184.0,841.0
186.0,842.0
189.0,823.0
192.0,804.0
187.0,803.0
186.0,801.0
186.0,801.0
188.0,801.0
189.0,800.0
189.0,800.0
189.0,801.0
189.0,800.0
192.0,800.0
192.0,801.0
192.0,800.0
194.0,798.0
191.0,800.0
188.0,800.0
185.0,801.0
184.0,799.0
175.0,808.0
175.0,810.0
174.0,809.0
175.0,809.0
175.0,809.0
175.0,808.0
177.0,804.0
177.0,803.0
177.0,803.0
177.0,802.0
177.0,802.0
179.0,804.0
178.0,807.0
178.0,810.0
175.0,811.0
174.0,813.0
174.0,814.0
177.0,812.0
175.0,812.0
174.0,812.0
174.0,811.0
174.0,812.0
177.0,812.0
177.0,813.0
178.0,814.0
178.0,813.0
179.0,812.0
179.0,812.0
180.0,812.0
176.0,815.0
174.0,817.0
172.0,817.0
171.0,816.0
168.0,816.0
168.0,815.0
168.0,815.0
168.0,815.0
169.0,815.0
170.0,816.0
170.0,817.0
171.0,817.0
170.0,817.0
170.0,817.0
167.0,815.0
166.0,816.0
166.0,815.0
166.0,815.0
165.0,814.0
165.0,814.0
165.0,815.0
165.0,813.0
165.0,814.0
165.0,814.0
164.0,813.0
164.0,813.0
163.0,813.0
159.0,811.0
158.0,809.0
158.0,808.0
157.0,807.0
158.0,805.0
159.0,805.0
159.0,806.0
158.0,805.0
161.0,803.0
162.0,803.0
160.0,804.0
162.0,804.0
162.0,804.0
162.0,804.0
162.0,804.0
