x,y
727.0,913.0
721.0,912.0
720.0,912.0
720.0,913.0
718.0,915.0
713.0,918.0
715.0,912.0
717.0,912.0
717.0,912.0
717.0,912.0
716.0,911.0
716.0,911.0
714.0,912.0
714.0,912.0
714.0,912.0
715.0,911.0
715.0,911.0
715.0,911.0
715.0,911.0
716.0,911.0
716.0,910.0
716.0,911.0
715.0,911.0
715.0,910.0
715.0,910.0
716.0,910.0
716.0,911.0
715.0,910.0
715.0,910.0
714.0,910.0
714.0,909.0
713.0,909.0
714.0,909.0
714.0,909.0
714.0,909.0
714.0,909.0
714.0,908.0
713.0,908.0
714.0,909.0
714.0,909.0
713.0,908.0
713.0,909.0
713.0,909.0
714.0,909.0
713.0,909.0
714.0,909.0
714.0,909.0
714.0,909.0
714.0,909.0
713.0,909.0
713.0,909.0
713.0,909.0
713.0,910.0
714.0,909.0
714.0,909.0
714.0,909.0
714.0,909.0
714.0,909.0
713.0,908.0
713.0,908.0
714.0,908.0
714.0,908.0
714.0,908.0
714.0,908.0
713.0,908.0
714.0,908.0
714.0,908.0
713.0,908.0
713.0,908.0
713.0,908.0
713.0,908.0
714.0,908.0
714.0,908.0
714.0,908.0
713.0,908.0
714.0,908.0
714.0,909.0
715.0,908.0
715.0,907.0
717.0,912.0
716.0,908.0
717.0,908.0
718.0,912.0
717.0,912.0
718.0,911.0
718.0,912.0
719.0,912.0
718.0,912.0
718.0,912.0
719.0,911.0
720.0,911.0
720.0,911.0
720.0,911.0
719.0,911.0
719.0,911.0
720.0,910.0
719.0,910.0
718.0,910.0
720.0,910.0
720.0,908.0
