x,y
999.0,436.0
1011.0,455.0
1034.0,463.0
1048.0,460.0
1068.0,468.0
1085.0,465.0
1091.0,468.0
1096.0,484.0
1097.0,487.0
1100.0,484.0
1106.0,484.0
1105.0,479.0
1109.0,482.0
1112.0,479.0
1113.0,481.0
1114.0,479.0
1114.0,481.0
1123.0,475.0
1131.0,476.0
1134.0,476.0
1136.0,476.0
1135.0,475.0
1135.0,474.0
1135.0,471.0
1135.0,472.0
1136.0,473.0
1137.0,474.0
1136.0,474.0
1135.0,474.0
1137.0,474.0
1136.0,474.0
1136.0,474.0
1136.0,475.0
1136.0,475.0
1136.0,474.0
1136.0,474.0
1137.0,473.0
1137.0,473.0
1137.0,473.0
1136.0,473.0
1136.0,473.0
1137.0,473.0
1137.0,475.0
1137.0,474.0
1138.0,474.0
1138.0,474.0
1138.0,474.0
1138.0,474.0
1137.0,473.0
1138.0,473.0
1138.0,473.0
1138.0,472.0
1138.0,472.0
1137.0,471.0
1136.0,471.0
1138.0,467.0
1138.0,467.0
1139.0,466.0
1139.0,465.0
1140.0,464.0
1140.0,462.0
1141.0,462.0
1140.0,461.0
1139.0,459.0
1138.0,461.0
1139.0,459.0
1138.0,459.0
1138.0,460.0
1137.0,459.0
1138.0,459.0
1140.0,459.0
1141.0,459.0
1140.0,458.0
1140.0,458.0
1141.0,459.0
1139.0,457.0
1138.0,457.0
1140.0,457.0
1140.0,455.0
1143.0,456.0
1144.0,454.0
1145.0,453.0
1145.0,453.0
1145.0,452.0
1145.0,450.0
1145.0,450.0
1146.0,450.0
1146.0,450.0
1147.0,451.0
1147.0,451.0
1147.0,452.0
1147.0,451.0
1148.0,451.0
1148.0,452.0
1147.0,452.0
1148.0,453.0
1147.0,453.0
1147.0,453.0
1147.0,453.0
1147.0,453.0
