x,y
1121.2222222222222,897.1111111111111
1123.5,897.0
1125.7777777777778,896.8888888888889
1128.0555555555557,896.7777777777778
1130.3333333333333,896.6666666666666
1132.611111111111,896.5555555555555
1134.888888888889,896.4444444444445
1137.1666666666667,896.3333333333334
1139.4444444444443,896.2222222222222
1141.7222222222222,896.1111111111111
1144.0,896.0
1151.0,907.0
1167.0,938.0
1185.0,964.0
1207.0,991.0
1229.0,1025.0
1262.0,1042.0
1294.0,1063.0
1325.0,1069.0
1359.0,1065.0
1392.0,1066.0
1409.0,1053.0
1434.0,1037.0
1465.0,1025.0
1492.0,1015.0
1526.0,1014.0
1544.0,993.0
1553.0,952.0
1617.0,1003.0
1667.0,1011.0
1705.0,1011.0
1731.0,990.0
1746.0,969.0
1740.0,940.0
1742.0,931.0
1735.0,895.0
1720.0,865.0
1733.0,869.0
1735.0,860.0
1735.0,854.0
1736.0,847.0
1737.0,836.0
1749.0,841.0
1752.0,831.0
1755.0,825.0
1766.0,826.0
1783.0,829.0
1792.0,829.0
1811.0,836.0
1818.0,857.0
1832.0,860.0
1842.0,856.0
1859.0,861.0
1880.0,890.0
1901.0,917.0
1911.0,931.0
