x,y
1278.0,197.0
1278.0,197.0
1278.0,197.0
1278.0,197.0
1277.0,196.0
1279.0,196.0
1279.0,196.0
1279.0,196.0
1279.0,196.0
1277.0,196.0
1278.0,197.0
1278.0,197.0
1278.0,197.0
1278.0,196.0
1277.0,196.0
1277.0,196.0
1278.0,196.0
1277.0,196.0
1278.0,195.0
1279.0,196.0
1279.0,195.0
1279.0,196.0
1279.0,196.0
1279.0,196.0
1279.0,196.0
1278.0,196.0
1279.0,195.0
1278.0,195.0
1277.0,195.0
1278.0,195.0
1278.0,195.0
1278.0,195.0
1278.0,195.0
1278.0,195.0
1278.0,194.0
1277.0,195.0
1277.0,195.0
1277.0,194.0
1277.0,194.0
1277.0,194.0
1277.0,194.0
1277.0,194.0
1277.0,194.0
1277.0,194.0
1278.0,195.0
1278.0,195.0
1278.0,195.0
1276.0,194.0
1279.0,195.0
1278.0,194.0
1278.0,194.0
1278.0,194.0
1278.0,194.0
1277.0,191.0
1278.0,193.0
1278.0,192.0
1278.0,196.0
1278.0,196.0
1277.0,196.0
1276.0,197.0
1276.0,196.0
1276.0,196.0
1276.0,196.0
1276.0,196.0
1275.0,196.0
1275.0,197.0
1275.0,197.0
1275.0,197.0
1275.0,197.0
1274.0,196.0
1274.0,196.0
1274.0,196.0
1274.0,196.0
1274.0,196.0
1275.0,196.0
1274.0,196.0
1274.0,196.0
1275.0,195.0
1275.0,196.0
1275.0,196.0
1276.0,196.0
1276.0,196.0
1275.0,196.0
1276.0,196.0
1278.0,197.0
1279.0,203.0
1280.0,197.0
1283.0,188.0
1284.0,187.0
1284.0,187.0
1282.0,194.0
1281.0,198.0
1282.0,197.0
1285.0,193.0
1289.0,194.0
1292.0,194.0
1289.0,193.0
1292.0,195.0
1292.0,195.0
1292.0,195.0
