x,y
1693.0,562.0
1698.0,573.0
1712.0,594.0
1736.0,606.0
1737.0,629.0
1751.0,649.0
1754.0,669.0
1757.0,694.0
1773.0,722.0
1781.0,743.0
1787.0,761.0
1789.0,773.0
1795.0,780.0
1803.0,791.0
1808.0,797.0
1808.0,791.0
1796.0,799.0
1797.0,804.0
1793.0,820.0
1799.0,829.0
1801.0,837.0
1809.0,832.0
1805.0,850.0
1817.0,847.0
1816.0,862.0
1829.0,877.0
1832.0,880.0
1839.0,881.0
1846.0,881.0
1865.0,879.0
1866.0,877.0
1871.0,874.0
1870.0,870.0
1865.0,868.0
1872.0,867.0
1871.0,867.0
1872.0,867.0
1872.0,866.0
1870.0,866.0
1871.0,866.0
1871.0,867.0
1871.0,868.0
1871.0,868.0
1871.0,868.0
1871.0,868.0
1872.0,867.0
1872.0,868.0
1871.0,868.0
1872.0,868.0
1872.0,867.0
1871.0,868.0
1873.0,868.0
1872.0,868.0
1872.0,868.0
1869.0,871.0
1870.0,870.0
1872.0,869.0
1871.0,870.0
1871.0,870.0
1871.0,869.0
1871.0,869.0
1872.0,868.0
1872.0,868.0
1872.0,869.0
1872.0,868.0
1872.0,868.0
1871.0,868.0
1872.0,869.0
1872.0,868.0
1872.0,867.0
1872.0,867.0
1872.0,867.0
1869.0,867.0
1869.0,867.0
1869.0,866.0
1869.0,866.0
1869.0,866.0
1868.0,866.0
1868.0,866.0
1868.0,866.0
1868.0,866.0
1869.0,866.0
1869.0,866.0
1868.0,867.0
1869.0,866.0
1866.0,864.0
1868.0,862.0
1869.0,861.0
1869.0,861.0
1870.0,861.0
1889.0,845.0
1890.0,846.0
1891.0,846.0
1891.0,846.0
1890.0,845.0
1891.0,845.0
1891.0,845.0
1890.0,845.0
1891.0,845.0
1890.0,845.0
