x,y
1776.0,286.0
1777.0,284.0
1777.0,282.0
1776.0,282.0
1777.0,286.0
1777.0,285.0
1776.0,282.0
1776.0,285.0
1777.0,282.0
1778.0,282.0
1778.0,282.0
1777.0,282.0
1777.0,281.0
1777.0,282.0
1777.0,281.0
1778.0,280.0
1778.0,281.0
1778.0,281.0
1778.0,281.0
1778.0,280.0
1778.0,281.0
1777.0,281.0
1777.0,281.0
1777.0,281.0
1777.0,281.0
1777.0,281.0
1777.0,281.0
1777.0,281.0
1777.0,281.0
1777.0,281.0
1777.0,281.0
1777.0,281.0
1778.0,281.0
1777.0,281.0
1778.0,281.0
1779.0,280.0
1779.0,280.0
1779.0,280.0
1779.0,280.0
1779.0,280.0
1778.0,280.0
1777.0,281.0
1777.0,281.0
1777.0,282.0
1777.0,282.0
1777.0,282.0
1777.0,282.0
1776.0,281.0
1777.0,281.0
1777.0,281.0
1777.0,281.0
1777.0,281.0
1777.0,281.0
1776.0,281.0
1776.0,281.0
1776.0,281.0
1775.0,281.0
1775.0,281.0
1775.0,281.0
1775.0,281.0
1775.0,281.0
1774.0,281.0
1774.0,281.0
1774.0,281.0
1775.0,281.0
1775.0,280.0
1775.0,280.0
1775.0,280.0
1776.0,279.0
1775.0,279.0
1775.0,279.0
1775.0,279.0
1775.0,279.0
1775.0,279.0
1777.0,279.0
1775.0,279.0
1775.0,279.0
1776.0,279.0
1776.0,279.0
1776.0,279.0
1776.0,279.0
1775.0,279.0
1775.0,279.0
1776.0,279.0
1777.0,279.0
1775.0,278.0
1775.0,277.0
1775.0,277.0
1776.0,278.0
1774.0,277.0
1775.0,276.0
1774.0,276.0
1774.0,276.0
1774.0,276.0
1774.0,276.0
1774.0,276.0
1774.0,276.0
1774.0,275.0
1774.0,276.0
1774.0,275.0
