x,y
522.0,313.0
524.0,310.0
524.0,310.0
522.0,308.0
523.0,308.0
523.0,309.0
523.0,307.0
523.0,309.0
523.0,309.0
524.0,309.0
524.0,309.0
523.0,309.0
523.0,308.0
523.0,308.0
523.0,307.0
524.0,307.0
523.0,307.0
524.0,308.0
525.0,307.0
524.0,307.0
524.0,307.0
524.0,307.0
524.0,307.0
523.0,307.0
522.0,306.0
523.0,307.0
523.0,307.0
523.0,306.0
524.0,306.0
524.0,306.0
523.0,306.0
524.0,306.0
524.0,306.0
525.0,306.0
524.0,305.0
523.0,305.0
524.0,305.0
525.0,306.0
525.0,306.0
525.0,306.0
525.0,306.0
524.0,306.0
524.0,306.0
525.0,306.0
526.0,305.0
526.0,298.0
526.0,298.0
525.0,304.0
525.0,304.0
521.0,303.0
521.0,301.0
520.0,301.0
520.0,301.0
520.0,301.0
519.0,300.0
514.0,293.0
517.0,298.0
517.0,300.0
518.0,299.0
517.0,299.0
517.0,300.0
518.0,299.0
518.0,299.0
517.0,299.0
518.0,300.0
517.0,299.0
518.0,300.0
517.0,300.0
518.0,299.0
518.0,299.0
518.0,299.0
518.0,298.0
517.0,299.0
517.0,299.0
516.0,299.0
516.0,300.0
516.0,301.0
516.0,300.0
516.0,299.0
517.0,298.0
518.0,299.0
517.0,299.0
517.0,301.0
516.0,301.0
517.0,300.0
515.0,301.0
513.0,300.0
514.0,300.0
514.0,301.0
513.0,301.0
512.0,301.0
511.0,303.0
512.0,302.0
512.0,303.0
512.0,301.0
512.0,301.0
513.0,300.0
512.0,300.0
512.0,302.0
513.0,301.0
