x,y
567.0,942.0
567.0,942.0
567.0,943.0
568.0,944.0
567.0,943.0
566.0,944.0
566.0,945.0
564.0,943.0
562.0,944.0
563.0,944.0
565.0,942.0
567.0,941.0
569.0,939.0
565.0,939.0
555.0,936.0
535.0,931.0
526.0,926.0
520.0,919.0
501.0,902.0
495.0,900.0
485.0,892.0
477.0,881.0
457.0,865.0
449.0,851.0
440.0,843.0
430.0,827.0
418.0,822.0
407.0,816.0
397.0,809.0
387.0,793.0
375.0,776.0
367.0,768.0
357.0,753.0
362.0,754.0
364.0,757.0
360.0,756.0
356.0,752.0
351.0,747.0
339.0,745.0
358.0,734.0
362.0,730.0
371.0,716.0
368.0,718.0
365.0,717.0
366.0,708.0
365.0,708.0
364.0,709.0
364.0,715.0
362.0,716.0
363.0,715.0
363.0,715.0
362.0,715.0
363.0,715.0
363.0,716.0
362.0,716.0
363.0,715.0
362.0,715.0
364.0,714.0
364.0,713.0
362.0,714.0
363.0,713.0
359.0,713.0
359.0,713.0
358.0,714.0
357.0,713.0
356.0,714.0
356.0,714.0
355.0,715.0
355.0,716.0
353.0,717.0
352.0,718.0
351.0,719.0
352.0,717.0
351.0,718.0
352.0,718.0
351.0,718.0
351.0,717.0
350.0,717.0
348.0,714.0
347.0,715.0
347.0,715.0
346.0,714.0
347.0,714.0
345.0,718.0
343.0,717.0
341.0,718.0
342.0,716.0
341.0,716.0
342.0,715.0
341.0,718.0
339.0,717.0
337.0,717.0
336.0,717.0
335.0,717.0
336.0,717.0
335.0,717.0
333.0,717.0
335.0,715.0
335.0,715.0
335.0,716.0
