x,y
721.0,154.0
721.0,154.0
721.0,154.0
720.0,154.0
719.0,155.0
719.0,155.0
719.0,155.0
719.0,155.0
719.0,156.0
719.0,155.0
719.0,155.0
719.0,155.0
719.0,155.0
719.0,155.0
719.0,155.0
719.0,155.0
719.0,155.0
719.0,155.0
719.0,154.0
718.0,155.0
719.0,154.0
719.0,154.0
718.0,155.0
717.0,156.0
718.0,155.0
717.0,155.0
717.0,155.0
717.0,155.0
717.0,155.0
717.0,156.0
717.0,156.0
717.0,156.0
717.0,156.0
717.0,155.0
716.0,155.0
716.0,155.0
717.0,155.0
717.0,155.0
716.0,155.0
716.0,155.0
716.0,155.0
717.0,155.0
717.0,155.0
717.0,155.0
716.0,155.0
716.0,155.0
718.0,155.0
716.0,157.0
718.0,155.0
718.0,155.0
718.0,156.0
717.0,156.0
718.0,156.0
718.0,156.0
718.0,156.0
718.0,157.0
718.0,156.0
717.0,157.0
718.0,156.0
718.0,156.0
718.0,156.0
718.0,156.0
718.0,156.0
718.0,156.0
718.0,156.0
718.0,156.0
718.0,157.0
718.0,156.0
719.0,155.0
718.0,155.0
717.0,154.0
722.0,158.0
688.0,138.0
681.0,136.0
690.0,129.0
697.0,120.0
703.0,115.0
704.0,87.0
695.0,76.0
693.0,59.0
701.0,55.0
705.0,53.0
706.0,51.0
713.0,41.0
720.0,30.0
731.0,19.0
749.0,10.0
753.0,7.0
753.0,6.0
747.0,7.0
738.0,15.0
726.0,13.0
718.0,7.0
717.0,5.0
722.0,2.0
727.0,1.75
732.0,1.5
737.0,1.25
742.0,1.0
752.0,1.0
