x,y
334.0,714.0
333.0,714.0
332.0,714.0
331.0,714.0
331.0,713.0
330.0,713.0
330.0,713.0
329.0,714.0
328.0,714.0
328.0,714.0
328.0,713.0
328.0,712.0
328.0,712.0
326.0,711.0
325.0,711.0
326.0,711.0
328.0,709.0
329.0,710.0
328.0,709.0
328.0,708.0
327.0,706.0
327.0,705.0
327.0,704.0
327.0,704.0
329.0,703.0
333.0,705.0
334.0,704.0
334.0,704.0
334.0,704.0
334.0,704.0
334.0,704.0
334.0,704.0
333.0,704.0
334.0,704.0
334.0,704.0
335.0,704.0
334.0,704.0
334.0,704.0
331.0,704.0
334.0,703.0
334.0,704.0
334.0,704.0
333.0,704.0
333.0,703.0
332.0,704.0
332.0,704.0
332.0,703.0
330.0,702.0
332.0,704.0
331.0,703.0
332.0,703.0
333.0,703.0
332.0,703.0
333.0,703.0
335.0,704.0
335.0,703.0
335.0,703.0
335.0,702.0
336.0,701.0
337.0,701.0
338.0,701.0
338.0,701.0
337.0,702.0
338.0,700.0
338.0,701.0
338.0,701.0
338.0,701.0
338.0,700.0
337.0,701.0
338.0,701.0
339.0,701.0
339.0,701.0
340.0,703.0
339.0,702.0
339.0,703.0
341.0,705.0
340.0,704.0
341.0,704.0
339.0,705.0
340.0,705.0
341.0,704.0
341.0,706.0
343.0,706.0
342.0,707.0
343.0,706.0
342.0,707.0
342.0,708.0
342.0,710.0
342.0,711.0
344.0,710.0
348.0,708.0
346.0,709.0
345.0,707.0
342.0,710.0
343.0,712.0
341.0,713.0
342.0,711.0
343.0,712.0
342.0,712.0
341.0,712.0
