x,y
1621.0,94.0
1621.0,146.0
1619.0,197.0
1619.0,245.0
1619.0,299.0
1635.0,378.0
1643.0,454.0
1656.0,532.0
1654.0,607.0
1635.0,660.0
1607.0,692.0
1586.0,710.0
1564.0,737.0
1555.0,743.0
1533.0,752.0
1525.0,765.0
1516.0,767.0
1500.0,771.0
1482.0,789.0
1469.0,823.0
1458.0,852.0
1439.0,897.0
1417.0,937.0
1392.0,964.0
1371.0,971.0
1346.0,971.0
1335.0,960.0
1341.0,939.0
1352.0,911.0
1353.0,891.0
1363.0,879.0
1373.0,864.0
1387.0,846.0
1411.0,819.0
1433.0,796.0
1464.0,775.0
1487.0,748.0
1506.0,727.0
1519.0,706.0
1533.0,683.0
1540.0,668.0
1545.0,666.0
1553.0,672.0
1564.0,702.0
1572.0,742.0
1594.0,781.0
1603.0,816.0
1619.0,851.0
1659.0,896.0
1703.0,943.0
1772.0,985.0
1852.0,1044.0
1913.0,1075.0
