x,y
755.0,508.0
755.0,508.0
755.0,508.0
755.0,508.0
755.0,508.0
753.0,507.0
753.0,506.0
752.0,505.0
753.0,506.0
752.0,506.0
751.0,505.0
751.0,506.0
751.0,505.0
751.0,504.0
752.0,501.0
754.0,501.0
754.0,503.0
754.0,503.0
755.0,502.0
755.0,501.0
755.0,502.0
754.0,502.0
755.0,502.0
756.0,499.0
757.0,502.0
758.0,502.0
754.0,510.0
758.0,501.0
757.0,502.0
754.0,511.0
754.0,510.0
754.0,510.0
758.0,502.0
764.0,492.0
758.0,500.0
758.0,500.0
758.0,499.0
758.0,500.0
753.0,507.0
759.0,499.0
759.0,499.0
754.0,507.0
754.0,506.0
753.0,506.0
754.0,507.0
754.0,507.0
753.0,507.0
753.0,507.0
754.0,506.0
753.0,505.0
762.0,497.0
768.0,491.0
770.0,491.0
765.0,494.0
753.0,495.0
751.0,498.0
752.0,497.0
753.0,495.0
774.0,494.0
773.0,498.0
773.0,497.0
773.0,498.0
770.0,497.0
770.0,497.0
770.0,497.0
766.0,496.0
768.0,497.0
768.0,497.0
767.0,497.0
767.0,496.0
770.0,496.0
770.0,496.0
770.0,495.0
769.0,494.0
768.0,495.0
768.0,495.0
768.0,495.0
768.0,497.0
768.0,495.0
767.0,495.0
768.0,495.0
768.0,496.0
768.0,496.0
769.0,496.0
769.0,496.0
769.0,496.0
769.0,497.0
769.0,497.0
770.0,497.0
770.0,497.0
770.0,497.0
770.0,497.0
769.0,498.0
770.0,498.0
771.0,500.0
771.0,502.0
769.0,505.0
769.0,505.0
768.0,507.0
768.0,506.0
