x,y
154.0,1072.0
162.0,1061.0
173.0,1068.0
195.0,1060.0
228.0,1059.0
258.0,1064.0
292.0,1069.0
324.0,1072.0
334.0,1070.0
362.0,1059.0
394.0,1029.0
436.0,1002.0
473.0,982.0
508.0,960.0
539.0,939.0
556.0,926.0
562.0,915.0
566.0,902.0
573.0,888.0
574.0,874.0
580.0,857.0
592.0,858.0
594.0,859.0
603.0,851.0
606.0,854.0
603.0,844.0
604.0,849.0
606.0,839.0
608.0,838.0
611.0,839.0
615.0,836.0
617.0,829.0
619.0,829.0
618.0,826.0
613.5,824.0
609.0,822.0
622.0,823.0
607.0,821.0
603.0,809.0
601.0,802.0
603.0,808.0
604.0,806.0
603.0,808.0
603.0,808.0
606.0,808.0
603.0,814.0
589.0,831.0
568.0,841.0
565.0,845.0
562.0,849.0
569.0,847.0
578.0,851.0
594.0,862.0
611.0,871.0
620.0,876.0
634.0,883.0
645.0,884.0
645.0,894.0
646.0,891.0
650.0,889.0
656.0,889.0
665.0,891.0
668.0,889.0
671.0,889.0
670.0,878.0
678.0,873.0
679.0,872.0
679.0,873.0
679.0,873.0
681.0,875.0
679.0,873.0
678.0,873.0
679.0,873.0
678.0,870.0
679.0,869.0
679.0,869.0
679.0,869.0
679.0,868.0
678.0,868.0
679.0,868.0
679.0,868.0
680.0,867.0
682.0,867.0
682.0,867.0
682.0,867.0
682.0,867.0
682.0,867.0
682.0,866.0
682.0,867.0
682.0,867.0
681.0,866.0
681.0,866.0
681.0,866.0
681.0,865.0
681.0,866.0
680.0,857.0
661.0,841.0
653.0,818.0
656.0,793.0
655.0,769.0
