x,y
787.0,383.0
786.0,384.0
791.0,375.0
791.0,373.0
796.0,372.0
790.0,374.0
793.0,372.0
799.0,375.0
798.0,374.0
799.0,374.0
804.0,372.0
803.0,370.0
805.0,372.0
804.0,372.0
804.0,372.0
804.0,372.0
804.0,373.0
805.0,373.0
805.0,373.0
807.0,374.0
805.0,375.0
804.0,375.0
804.0,375.0
806.0,376.0
807.0,375.0
804.0,378.0
807.0,374.0
805.0,374.0
805.0,374.0
803.0,374.0
805.0,375.0
808.0,377.0
807.0,378.0
808.0,377.0
809.0,376.0
808.0,377.0
809.0,375.0
809.0,376.0
810.0,375.0
809.0,378.0
811.0,377.0
809.0,379.0
809.0,379.0
809.0,379.0
810.0,377.0
812.0,376.0
814.0,377.0
812.0,376.0
814.0,375.0
814.0,374.0
815.0,374.0
815.0,375.0
814.0,374.0
816.0,376.0
816.0,375.0
816.0,375.0
817.0,376.0
818.0,375.0
819.0,377.0
819.0,378.0
820.0,378.0
821.0,377.0
825.0,379.0
825.0,376.0
826.0,376.0
826.0,378.0
827.0,377.0
828.0,377.0
827.0,377.0
828.0,377.0
829.0,377.0
830.0,377.0
830.0,377.0
830.0,377.0
831.0,377.0
832.0,377.0
831.0,377.0
831.0,376.0
830.0,375.0
829.0,373.0
828.0,373.0
830.0,373.0
830.0,373.0
830.0,373.0
830.0,374.0
831.0,374.0
830.0,373.0
830.0,373.0
830.0,373.0
831.0,374.0
831.0,374.0
831.0,373.0
830.0,373.0
831.0,373.0
830.0,373.0
831.0,374.0
831.0,373.0
831.0,373.0
831.0,373.0
831.0,374.0
