x,y
588.0,453.0
586.0,454.0
585.0,453.0
584.0,453.0
584.0,453.0
584.0,454.0
584.0,453.0
584.0,453.0
584.0,453.0
584.0,453.0
583.0,453.0
583.0,453.0
583.0,453.0
584.0,454.0
585.0,454.0
584.0,454.0
584.0,454.0
583.0,455.0
585.0,453.0
587.0,454.0
585.0,454.0
583.0,454.0
582.0,452.0
580.0,452.0
580.0,450.0
580.0,450.0
579.0,446.0
581.0,443.0
579.0,444.0
581.0,444.0
581.0,444.0
580.0,443.0
580.0,443.0
580.0,444.0
580.0,444.0
581.0,446.0
582.0,446.0
581.0,445.0
581.0,445.0
581.0,445.0
582.0,444.0
582.0,444.0
582.0,444.0
582.0,444.0
582.0,444.0
582.0,442.0
582.0,443.0
582.0,443.0
582.0,444.0
579.0,444.0
579.0,444.0
579.0,443.0
582.0,444.0
579.0,443.0
581.0,443.0
581.0,443.0
580.0,442.0
581.0,442.0
582.0,439.0
583.0,438.0
583.0,438.0
583.0,437.0
583.0,437.0
583.0,437.0
583.0,437.0
583.0,438.0
583.0,438.0
584.0,438.0
584.0,438.0
585.0,438.0
586.0,439.0
587.0,438.0
588.0,438.0
588.0,437.0
589.0,440.0
589.0,440.0
590.0,437.0
589.0,440.0
588.0,438.0
587.0,438.0
587.0,438.0
588.0,437.0
589.0,436.0
590.0,436.0
591.0,435.0
593.0,439.0
602.0,449.0
608.0,452.0
615.0,443.0
613.0,429.0
629.0,428.0
638.0,440.0
654.0,439.0
681.0,438.0
696.0,428.0
720.0,416.0
740.0,406.0
762.0,400.0
774.0,392.0
785.0,392.0
