x,y
983.0,575.0
1016.0,580.0
1052.0,588.0
1101.0,614.0
1146.0,631.0
1216.0,652.0
1261.0,690.0
1319.0,731.0
1359.0,773.0
1391.0,825.0
1406.0,856.0
1431.0,885.0
1418.0,940.0
1418.0,968.0
1419.0,989.0
1415.0,998.0
1412.0,1007.0
1405.0,1022.0
1405.0,1032.0
1412.0,1043.0
1424.0,1071.0
1431.0,1069.625
1438.0,1068.25
1445.0,1066.875
1452.0,1065.5
1459.0,1064.125
1466.0,1062.75
1473.0,1061.375
1480.0,1060.0
1489.0,1057.0
1489.0,1055.0
1498.0,1056.0
1502.0,1058.0
1505.0,1059.0
1513.0,1055.0
1520.0,1056.0
1564.0,1078.0
1564.0,1075.0
1567.0,1065.0
1567.0,1069.0
1564.0,1059.0
1566.0,1047.0
1565.0,1050.0
1563.0,1054.0
1560.0,1051.0
1559.0,1048.0
1550.0,1045.0
1545.0,1047.0
1547.0,1040.0
1533.0,1031.0
1536.0,1031.0
1533.0,1026.0
1530.0,1029.0
1535.0,1029.0
1536.0,1030.0
1536.0,1031.0
1536.0,1029.0
1535.0,1029.0
1536.0,1028.0
1536.0,1027.0
1536.0,1027.0
1536.0,1026.0
1536.0,1026.0
1536.0,1026.0
1536.0,1026.0
1535.0,1025.0
1535.0,1025.0
1533.0,1027.0
1534.0,1025.0
1534.0,1024.0
1533.0,1024.0
1533.0,1021.0
1533.0,1021.0
1533.0,1019.0
1533.0,1018.0
1533.0,1017.0
1532.0,1018.0
1530.0,1020.0
1532.0,1018.0
1532.0,1017.0
1532.0,1016.0
1532.0,1015.0
1532.0,1014.0
1527.0,1015.0
1529.0,1015.0
1528.0,1016.0
1529.0,1015.0
1529.0,1015.0
1528.0,1015.0
1528.0,1015.0
1529.0,1015.0
1528.0,1013.0
1529.0,1014.0
1528.0,1014.0
1528.0,1013.0
1528.0,1013.0
1529.0,1013.0
1528.0,1013.0
1529.0,1013.0
1528.0,1013.0
