x,y
972.0,338.0
972.0,336.0
971.0,337.0
971.0,338.0
971.0,339.0
971.0,339.0
971.0,339.0
970.0,338.0
970.0,338.0
968.0,340.0
968.0,340.0
967.0,340.0
968.0,339.0
968.0,339.0
967.0,341.0
967.0,341.0
967.0,341.0
967.0,341.0
968.0,339.0
968.0,339.0
967.0,339.0
966.0,338.0
969.0,334.0
965.0,333.0
959.0,332.0
963.0,337.0
975.0,344.0
986.0,348.0
994.0,353.0
1010.0,347.0
1030.0,343.0
1059.0,342.0
1088.0,339.0
1117.0,339.0
1148.0,334.0
1190.0,340.0
1235.0,341.0
1284.0,346.0
1330.0,356.0
1377.0,366.0
1425.0,383.0
1472.0,395.0
1510.0,419.0
1545.0,430.0
1584.0,448.0
1608.0,457.0
1629.0,463.0
1646.0,467.0
1651.0,467.0
1650.0,465.0
1646.0,464.0
1643.0,463.0
1649.0,457.0
1651.0,458.0
1651.0,462.0
1650.0,463.0
1654.0,459.0
1655.0,445.0
1649.0,420.0
1650.0,399.0
1666.0,399.0
1670.0,387.0
1672.0,388.0
1646.0,366.0
1610.0,360.0
1572.0,331.0
1529.0,314.0
1480.0,284.0
1431.0,249.0
1381.0,205.0
1338.0,152.0
1290.0,98.0
1254.0,34.0
