x,y
881.0,565.0
881.0,565.0
881.0,565.0
881.0,565.0
880.0,571.0
881.0,571.0
881.0,571.0
880.0,570.0
879.0,570.0
880.0,570.0
880.0,570.0
880.0,570.0
880.0,570.0
881.0,570.0
881.0,570.0
881.0,570.0
880.0,570.0
881.0,570.0
880.0,569.0
880.0,569.0
879.0,566.0
880.0,569.0
877.0,567.0
880.0,562.0
880.0,562.0
880.0,569.0
880.0,569.0
880.0,569.0
880.0,569.0
880.0,569.0
880.0,569.0
880.0,568.0
880.0,569.0
880.0,569.0
880.0,569.0
879.0,569.0
880.0,569.0
879.0,569.0
879.0,569.0
879.0,569.0
879.0,568.0
879.0,568.0
878.0,568.0
878.0,568.0
878.0,569.0
878.0,569.0
878.0,569.0
878.0,569.0
878.0,570.0
877.0,570.0
878.0,570.0
877.0,570.0
878.0,570.0
878.0,570.0
877.0,570.0
878.0,571.0
875.0,569.0
876.0,570.0
875.0,569.0
879.0,563.0
881.0,560.0
879.0,561.0
881.0,561.0
879.0,562.0
881.0,560.0
880.0,561.0
880.0,561.0
880.0,561.0
880.0,560.0
880.0,560.0
880.0,560.0
881.0,560.0
880.0,560.0
880.0,561.0
880.0,561.0
882.0,560.0
881.0,560.0
880.0,562.0
881.0,561.0
880.0,561.0
881.0,561.0
879.0,561.0
879.0,561.0
880.0,560.0
880.0,560.0
880.0,560.0
880.0,560.0
880.0,559.0
882.0,560.0
882.0,560.0
882.0,560.0
880.0,560.0
878.0,571.0
878.0,571.0
878.0,571.0
877.0,571.0
872.0,580.0
872.0,580.0
872.0,578.0
874.0,579.0
