x,y
1139.0,402.0
1158.0,419.0
1171.0,433.0
1185.0,431.0
1210.0,480.0
1229.0,488.0
1251.0,495.0
1274.0,504.0
1296.0,509.0
1308.0,507.0
1318.0,495.0
1324.0,476.0
1333.0,455.0
1338.0,446.0
1338.0,433.0
1340.0,431.0
1335.0,429.0
1343.0,427.0
1344.0,417.0
1347.0,406.0
1351.0,400.0
1362.0,390.0
1366.0,395.0
1382.0,405.0
1399.0,417.0
1415.0,433.0
1431.0,450.0
1433.0,444.0
1435.0,440.0
1436.0,434.0
1437.0,442.0
1439.0,445.0
1444.0,450.0
1447.0,454.0
1450.0,451.0
1446.0,441.0
1431.0,426.0
1428.0,416.0
1425.0,420.0
1432.0,424.0
1434.0,424.0
1433.0,426.0
1432.0,431.0
1423.0,438.0
1420.0,440.0
1417.0,444.0
1417.0,442.0
1424.0,458.0
1433.0,456.0
1428.0,444.0
1435.0,437.0
1437.0,453.0
1435.0,459.0
1431.0,458.0
1423.0,444.0
1424.0,443.0
1422.0,436.0
1415.0,431.0
1408.0,424.0
1402.0,412.0
1393.0,407.0
1383.0,389.0
1383.0,383.0
1386.0,381.0
1389.0,380.0
1392.0,386.0
1396.0,399.0
1393.0,421.0
1410.0,428.0
1427.0,424.0
1435.0,429.0
1457.0,430.0
1465.0,431.0
1465.0,445.0
1466.0,451.0
1471.0,451.0
1466.0,448.0
1465.0,449.0
1463.0,445.0
1456.0,437.0
1433.0,426.0
1422.0,419.0
1417.0,407.0
1418.0,405.0
1424.0,406.0
1435.0,404.0
1436.0,406.0
1437.0,407.0
1440.0,409.0
1442.0,409.0
1450.0,412.0
1455.0,411.0
1455.0,412.0
1453.0,412.0
1456.0,416.0
1457.0,419.0
1446.0,413.0
1417.0,404.0
1450.0,417.0
1453.0,410.0
