x,y
251.0,813.0
250.0,814.0
249.0,813.0
256.0,811.0
256.0,810.0
255.0,810.0
248.0,812.0
250.0,813.0
251.0,815.0
236.0,818.0
222.0,823.0
209.0,829.0
197.0,838.0
195.0,841.0
194.0,833.0
206.0,832.0
207.0,827.0
206.0,825.0
210.0,816.0
217.0,818.0
229.0,819.0
246.0,825.0
266.0,830.0
288.0,832.0
306.0,828.0
319.0,819.0
317.0,803.0
324.0,794.0
318.0,790.0
319.0,774.0
319.0,773.0
329.0,764.0
326.0,754.0
332.0,753.0
335.0,750.0
340.0,746.0
336.0,746.0
342.0,741.0
342.0,743.0
341.0,738.0
341.0,740.0
345.0,734.0
347.0,734.0
353.0,732.0
356.0,728.0
352.0,727.0
354.0,731.0
353.0,733.0
355.0,735.0
354.0,733.0
358.0,735.0
361.0,733.0
359.0,735.0
362.0,732.0
363.0,732.0
363.0,732.0
363.0,732.0
363.0,733.0
363.0,733.0
360.0,735.0
363.0,732.0
360.0,735.0
360.0,735.0
359.0,735.0
360.0,735.0
360.0,735.0
360.0,734.0
362.0,732.0
361.0,735.0
361.0,734.0
360.0,734.0
360.0,734.0
361.0,732.0
360.0,732.0
361.0,732.0
360.0,732.0
361.0,732.0
360.0,732.0
360.0,731.0
360.0,731.0
356.0,728.0
356.0,724.0
355.0,723.0
356.0,723.0
356.0,723.0
355.0,723.0
355.0,723.0
354.0,723.0
354.0,724.0
354.0,723.0
354.0,723.0
354.0,722.0
354.0,721.0
355.0,720.0
356.0,717.0
356.0,718.0
356.0,718.0
355.0,718.0
356.0,717.0
356.0,716.0
