x,y
1108.0,209.0
1110.0,212.0
1111.0,212.0
1110.0,212.0
1111.0,211.0
1111.0,211.0
1111.0,212.0
1112.0,210.0
1114.0,213.0
1116.0,216.0
1115.0,216.0
1114.0,212.5
1113.0,209.0
1113.0,209.0
1114.0,208.0
1115.0,208.0
1115.0,208.0
1115.0,209.0
1116.0,209.0
1116.0,209.0
1116.0,209.0
1116.0,209.0
1117.0,208.0
1117.0,208.0
1116.75,208.25
1116.5,208.5
1116.25,208.75
1116.0,209.0
1118.0,210.0
1118.0,209.0
1118.0,209.0
1114.0,218.0
1114.0,218.0
1114.0,218.0
1114.0,218.0
1114.0,218.0
1114.0,218.0
1119.0,207.0
1120.0,209.0
1121.0,209.0
1118.5,213.0
1116.0,217.0
1116.0,216.0
1118.0,214.0
1117.0,216.0
1123.0,208.0
1120.0,214.0
1122.0,216.0
1124.0,216.0
1125.0,214.0
1125.0,215.0
1125.0,216.0
1116.0,221.0
1117.0,222.0
1117.0,220.0
1121.0,214.0
1118.0,222.0
1118.0,223.0
1122.0,218.0
1119.0,221.0
1122.0,220.0
1122.0,220.0
1122.0,221.0
1123.0,221.0
1123.0,222.0
1123.0,222.0
1123.0,223.0
1125.0,222.0
1124.0,223.0
1123.0,225.0
1123.0,225.0
1124.0,225.0
1124.0,224.0
1124.0,224.0
1122.0,225.0
1123.0,225.0
1123.0,225.0
1124.0,224.0
1123.0,225.0
1123.0,224.0
1123.0,225.0
1123.0,225.0
1123.0,225.0
1124.0,224.0
1122.0,226.0
1123.0,225.0
1122.0,225.0
1118.0,225.0
1117.0,224.0
1117.0,224.0
1120.0,222.0
1120.0,221.0
1120.0,221.0
1120.0,222.0
1120.0,222.0
1119.0,222.0
1119.0,223.0
1119.0,222.0
1119.0,222.0
1119.0,221.0
