x,y
361.0,717.0
362.0,719.0
362.0,718.0
355.0,716.0
354.0,716.0
354.0,716.0
356.0,715.0
358.0,713.0
359.0,714.0
363.0,718.0
360.0,712.0
360.0,711.0
360.0,711.0
359.0,712.0
358.0,711.0
358.0,711.0
359.0,711.0
359.0,711.0
360.0,710.0
359.0,709.0
358.0,708.0
358.0,708.0
357.0,707.0
355.0,707.0
354.0,707.0
362.0,709.0
360.0,704.0
362.0,704.0
356.0,703.0
358.0,703.0
360.0,703.0
359.0,703.0
358.0,702.0
358.0,702.0
365.0,703.0
366.0,702.0
360.0,701.0
360.0,702.0
360.0,702.0
361.0,702.0
361.0,702.0
360.0,702.0
364.0,703.0
360.0,701.0
361.0,701.0
361.0,701.0
360.0,701.0
360.0,701.0
361.0,701.0
361.0,702.0
361.0,702.0
361.0,702.0
361.0,702.0
361.0,701.0
361.0,703.0
361.0,703.0
362.0,704.0
362.0,704.0
363.0,704.0
363.0,703.0
363.0,703.0
364.0,704.0
365.0,704.0
364.0,703.0
365.0,703.0
366.0,704.0
365.0,703.0
365.0,703.0
365.0,704.0
365.0,704.0
364.0,704.0
365.0,704.0
363.0,704.0
363.0,704.0
363.0,705.0
363.0,704.0
363.0,705.0
363.0,705.0
363.0,704.0
362.0,705.0
362.0,705.0
362.0,706.0
366.0,704.0
366.0,704.0
364.0,706.0
364.0,708.0
366.0,708.0
367.0,707.0
365.0,710.0
367.0,708.5
369.0,707.0
368.0,707.0
369.0,707.0
371.0,709.0
371.0,709.0
371.0,707.0
371.0,706.0
370.0,704.0
369.0,703.0
369.0,704.0
