x,y
540.0,944.0
551.0,921.0
563.0,904.0
586.0,874.0
590.0,868.0
587.0,867.0
576.0,867.0
574.0,844.0
575.0,839.0
584.0,841.0
585.0,854.0
591.0,850.0
596.0,846.0
602.0,841.0
610.0,837.0
607.0,833.0
607.0,822.5
607.0,812.0
606.0,804.0
609.0,801.0
616.0,795.0
615.0,790.0
613.0,790.0
616.0,788.0
617.0,785.0
616.0,785.0
615.0,785.0
616.0,785.0
617.0,785.0
617.0,785.0
617.0,785.0
617.0,784.0
617.0,785.0
616.0,785.0
614.0,784.0
615.0,784.0
614.0,783.0
615.0,784.0
615.0,783.0
614.0,783.0
614.0,783.0
615.0,783.0
614.0,783.0
614.0,782.0
613.0,781.0
612.0,779.0
613.0,778.0
613.0,777.0
614.0,774.0
613.0,774.0
612.0,773.0
612.0,773.0
612.0,774.0
612.0,774.0
612.0,774.0
613.0,774.0
613.0,773.0
613.0,774.0
613.0,769.0
615.0,766.0
612.0,763.0
612.0,763.0
613.0,763.0
611.0,762.0
610.0,760.0
608.0,758.0
606.0,756.0
608.0,756.0
609.0,757.0
610.0,755.0
609.0,755.0
609.0,755.0
610.0,755.0
610.0,756.0
610.0,756.0
609.0,755.0
609.0,754.0
608.0,754.0
609.0,753.0
608.0,754.0
609.0,754.0
610.0,753.0
610.0,752.0
612.0,750.0
613.0,750.0
615.0,753.0
613.0,751.0
613.0,751.0
613.0,751.0
612.0,751.0
612.0,751.0
612.0,752.0
612.0,754.0
611.0,753.0
612.0,753.0
611.0,753.0
611.0,754.0
616.0,759.0
611.0,754.0
611.0,754.0
