x,y
956.0,212.0
971.0,206.0
982.0,200.0
984.0,194.0
992.0,188.0
1004.0,183.0
1014.0,176.0
1034.0,179.0
1032.0,190.0
1040.0,194.0
1050.0,197.0
1054.0,204.0
1055.0,202.0
1058.0,214.0
1064.0,216.0
1064.0,216.0
1064.0,216.0
1064.0,216.0
1068.0,213.0
1069.0,214.0
1064.0,218.0
1064.0,218.0
1068.4,218.6
1072.8,219.2
1077.2,219.8
1081.6,220.4
1086.0,221.0
1087.0,222.0
1087.0,220.0
1085.3333333333333,220.33333333333334
1083.6666666666667,220.66666666666666
1082.0,221.0
1080.3333333333333,221.33333333333334
1078.6666666666667,221.66666666666666
1077.0,222.0
1077.0,222.0
1077.0,222.0
1077.0,223.0
1077.0,222.0
1078.0,221.0
1078.0,221.0
1086.0,220.0
1088.0,220.0
1088.0,220.0
1089.5,219.0
1091.0,218.0
1092.0,218.0
1094.0,218.0
1093.0,217.0
1092.0,217.0
1093.0,216.5
1094.0,216.0
1093.0,215.0
1086.0,215.0
1084.0,215.0
1085.0,216.0
1086.0,215.0
1088.0,215.0
1090.0,216.0
1092.0,217.0
1095.0,218.0
1094.0,218.0
1096.0,218.0
1096.0,218.0
1096.0,218.0
1093.0,214.0
1093.0,219.0
1094.0,219.0
1096.0,219.0
1097.0,215.0
1096.0,215.0
1096.0,216.0
1101.0,218.0
1100.0,218.0
1097.0,215.0
1100.0,217.0
1102.0,216.0
1102.0,216.0
1101.0,216.0
1102.0,216.0
1101.0,216.0
1098.0,214.0
1099.0,214.0
1099.0,214.0
1099.0,213.0
1098.0,213.0
1099.0,214.0
1101.0,214.0
1101.0,213.0
1102.0,213.0
1103.0,213.0
1103.0,213.0
1102.0,219.0
1103.0,217.5
1104.0,216.0
1105.0,214.5
1106.0,213.0
1105.0,212.0
1106.0,212.0
1108.0,210.0
