x,y
1603.8333333333333,290.6666666666667
1608.0,292.0
1612.1666666666667,293.3333333333333
1616.3333333333333,294.6666666666667
1620.5,296.0
1624.6666666666667,297.3333333333333
1628.8333333333333,298.6666666666667
1633.0,300.0
1633.0,300.0
1633.0,300.0
1630.0,302.0
1630.5,299.5
1631.0,297.0
1631.0,297.0
1631.0,297.0
1632.0,300.0
1631.8333333333333,300.3333333333333
1631.6666666666667,300.6666666666667
1631.5,301.0
1631.3333333333333,301.3333333333333
1631.1666666666667,301.6666666666667
1631.0,302.0
1630.0,304.0
1584.0,285.0
1584.0,286.0
1592.0,288.5
1600.0,291.0
1608.0,293.5
1616.0,296.0
1624.0,298.5
1632.0,301.0
1630.0,301.0
1629.0,302.0
1630.0,302.0
1632.0,301.0
1632.3333333333333,300.6666666666667
1632.6666666666667,300.3333333333333
1633.0,300.0
1633.3333333333333,299.6666666666667
1633.6666666666667,299.3333333333333
1634.0,299.0
1632.0,299.0
1630.0,303.0
1631.030303030303,304.030303030303
1632.060606060606,305.06060606060606
1633.090909090909,306.09090909090907
1634.121212121212,307.1212121212121
1635.1515151515152,308.1515151515151
1636.1818181818182,309.1818181818182
1637.2121212121212,310.2121212121212
1638.2424242424242,311.24242424242425
1639.2727272727273,312.27272727272725
1640.3030303030303,313.3030303030303
1641.3333333333333,314.3333333333333
1642.3636363636363,315.3636363636364
1643.3939393939395,316.3939393939394
1644.4242424242425,317.42424242424244
1645.4545454545455,318.45454545454544
1646.4848484848485,319.4848484848485
1647.5151515151515,320.5151515151515
1648.5454545454545,321.54545454545456
1649.5757575757575,322.57575757575756
1650.6060606060605,323.6060606060606
1651.6363636363637,324.6363636363636
1652.6666666666667,325.6666666666667
1653.6969696969697,326.6969696969697
1654.7272727272727,327.72727272727275
1655.7575757575758,328.75757575757575
1656.7878787878788,329.7878787878788
1657.8181818181818,330.8181818181818
1658.8484848484848,331.8484848484849
1659.878787878788,332.8787878787879
1660.909090909091,333.9090909090909
1661.939393939394,334.93939393939394
1662.969696969697,335.969696969697
1664.0,337.0
1665.2368421052631,338.8157894736842
1666.4736842105262,340.63157894736844
1667.7105263157894,342.44736842105266
1668.9473684210527,344.2631578947368
1670.1842105263158,346.07894736842104
1671.421052631579,347.89473684210526
1672.657894736842,349.7105263157895
1673.8947368421052,351.5263157894737
1675.1315789473683,353.3421052631579
1676.3684210526317,355.1578947368421
1677.6052631578948,356.9736842105263
1678.842105263158,358.7894736842105
1680.078947368421,360.60526315789474
1681.3157894736842,362.42105263157896
1682.5526315789473,364.2368421052632
1683.7894736842106,366.0526315789474
1685.0263157894738,367.86842105263156
1686.2631578947369,369.6842105263158
1687.5,371.5
1688.7368421052631,373.3157894736842
1689.9736842105262,375.13157894736844
1691.2105263157894,376.9473684210526
1692.4473684210527,378.7631578947368
1693.6842105263158,380.57894736842104
