x,y
1694.921052631579,382.39473684210526
1696.157894736842,384.2105263157895
1697.3947368421052,386.0263157894737
1698.6315789473683,387.8421052631579
1699.8684210526317,389.6578947368421
1701.1052631578948,391.4736842105263
1702.342105263158,393.2894736842105
1703.578947368421,395.10526315789474
1704.8157894736842,396.92105263157896
1706.0526315789473,398.7368421052632
1707.2894736842106,400.5526315789474
1708.5263157894738,402.36842105263156
1709.7631578947369,404.1842105263158
1711.0,406.0
1711.0,406.0
1687.5,369.0
1664.0,332.0
1646.5,318.0
1629.0,304.0
1629.2727272727273,303.54545454545456
1629.5454545454545,303.09090909090907
1629.8181818181818,302.6363636363636
1630.090909090909,302.1818181818182
1630.3636363636363,301.72727272727275
1630.6363636363637,301.27272727272725
1630.909090909091,300.8181818181818
1631.1818181818182,300.3636363636364
1631.4545454545455,299.90909090909093
1631.7272727272727,299.45454545454544
1632.0,299.0
1628.0,303.0
1627.0,304.0
1630.0,300.0
1630.0,301.0
1630.0,302.0
1630.0,302.0
1627.0,305.0
1628.0,304.0
1645.5,320.0
1663.0,336.0
1658.0,329.8333333333333
1653.0,323.6666666666667
1648.0,317.5
1643.0,311.3333333333333
1638.0,305.1666666666667
1633.0,299.0
