x,y
1854.0,348.0
1786.0,378.0
1735.0,410.0
1706.0,439.0
1679.0,483.0
1639.0,530.0
1590.0,583.0
1532.0,634.0
1494.0,675.0
1451.0,696.0
1435.0,708.0
1428.0,698.0
1412.0,702.0
1403.0,703.0
1400.0,709.0
1398.0,697.0
1388.0,669.0
1385.0,651.0
1385.0,634.0
1391.0,619.0
1391.0,605.0
1392.0,603.0
1389.0,592.0
1383.0,588.0
1380.0,578.0
1381.0,575.0
1382.0,577.0
1383.0,578.0
1383.0,577.0
1384.0,577.0
1384.0,577.0
1385.0,577.0
1387.0,574.0
1385.0,577.0
1385.0,578.0
1385.0,578.0
1385.0,578.0
1385.0,577.0
1385.0,578.0
1385.0,579.0
1386.0,578.0
1389.0,574.0
1390.0,572.0
1391.0,571.0
1389.0,570.0
1391.0,576.0
1389.0,579.0
1389.0,575.0
1382.0,576.0
1369.0,581.0
1351.0,575.0
1324.0,567.0
1300.0,564.0
1276.0,570.0
1262.0,586.0
1248.0,612.0
1228.0,648.0
1205.0,686.0
1186.0,729.0
1159.0,773.0
1123.0,799.0
1085.0,827.0
1054.0,841.0
1029.0,854.0
1004.0,845.0
975.0,840.0
952.0,838.0
945.0,837.0
935.0,836.0
929.0,829.0
928.0,821.0
928.0,813.0
930.0,808.0
931.0,811.0
932.0,809.0
930.0,807.0
933.0,810.0
934.0,806.0
934.0,803.0
934.0,803.0
934.0,803.0
934.0,802.0
935.0,803.0
935.0,803.0
935.0,803.0
935.0,802.0
935.0,803.0
935.0,802.0
935.0,802.0
935.0,803.0
935.0,802.0
935.0,803.0
935.0,802.0
935.0,803.0
935.0,802.0
933.0,803.0
934.0,805.0
935.0,805.0
934.0,798.0
938.0,803.0
