x,y
24.0,163.0
35.0,235.0
38.0,315.0
38.0,400.0
37.0,485.0
39.0,572.0
60.0,638.0
74.0,687.0
78.0,728.0
98.0,758.0
107.0,793.0
114.0,804.0
136.0,803.0
166.0,797.0
163.0,840.0
173.0,831.0
178.0,808.0
178.0,777.0
178.0,745.0
162.0,716.0
165.0,672.0
169.0,640.0
183.0,602.0
198.0,553.0
222.0,513.0
256.0,470.0
293.0,423.0
319.0,362.0
352.0,325.0
395.0,287.0
440.0,253.0
517.0,238.0
592.0,250.0
676.0,278.0
751.0,323.0
821.0,361.0
893.0,402.0
964.0,444.0
1019.0,468.0
1056.0,486.0
1070.0,482.0
1066.0,467.0
1060.0,452.0
1053.0,434.0
1051.0,422.0
1040.0,413.0
1030.0,400.0
1019.0,387.0
1018.0,375.0
1016.0,364.0
1017.0,358.0
1018.0,361.0
1024.0,362.0
1021.0,363.0
1022.0,374.0
1030.0,389.0
1044.0,396.0
1054.0,398.0
1047.0,393.0
1045.0,391.0
1042.0,388.0
1037.0,383.0
1035.0,386.0
1032.0,380.0
1033.0,375.0
1029.0,373.0
1027.0,375.0
1026.0,371.0
1026.0,372.0
1028.0,373.0
1029.0,364.0
1023.0,355.0
1022.0,348.0
1019.0,346.0
1028.0,340.0
1045.0,322.0
1046.0,341.0
1045.0,332.0
1062.0,324.0
1090.0,309.0
1109.0,304.0
1141.0,310.0
1162.0,319.0
1185.0,325.0
1209.0,336.0
1226.0,343.0
1245.0,349.0
1251.0,352.0
1258.0,345.0
1257.0,340.0
1264.0,328.0
1264.0,326.0
1274.0,327.0
1280.0,326.0
1280.0,329.0
1279.0,329.0
1278.0,328.0
1285.0,332.0
1285.0,333.0
1288.0,327.0
