x,y
1839.0,920.0
1836.0,929.0
1836.0,931.0
1835.0,930.0
1835.0,930.0
1833.0,929.0
1834.0,928.0
1835.0,929.0
1834.0,929.0
1834.0,928.0
1834.0,928.0
1834.0,928.0
1834.0,928.0
1833.0,928.0
1828.0,928.0
1834.0,927.0
1834.0,928.0
1833.0,927.0
1833.0,927.0
1833.0,926.0
1835.0,927.0
1834.0,927.0
1831.0,925.0
1831.0,926.0
1831.0,926.0
1831.0,925.0
1831.0,925.0
1831.0,925.0
1831.0,926.0
1831.0,926.0
1831.0,925.0
1831.0,926.0
1831.0,925.0
1830.0,926.0
1831.0,926.0
1830.0,926.0
1830.0,925.0
1830.0,925.0
1830.0,924.0
1830.0,925.0
1830.0,925.0
1834.0,922.0
1831.0,921.0
1831.0,921.0
1830.0,923.0
1830.0,922.0
1830.0,922.0
1830.0,921.0
1831.0,921.0
1830.0,921.0
1830.0,921.0
1833.0,921.0
1832.0,921.0
1833.0,922.0
1833.0,922.0
1833.0,920.0
1833.0,919.0
1833.0,918.0
1829.0,918.0
1829.0,918.0
1830.0,918.0
1831.0,917.0
1831.0,917.0
1831.0,917.0
1832.0,917.0
1832.0,916.0
1832.0,917.0
1832.0,916.0
1833.0,916.0
1832.0,916.0
1832.0,916.0
1833.0,917.0
1833.0,916.0
1833.0,917.0
1832.0,916.0
1833.0,916.0
1833.0,917.0
1833.0,916.0
1833.0,916.0
1833.0,916.0
1832.0,916.0
1832.0,915.0
1832.0,914.0
1832.0,913.0
1834.0,913.0
1833.0,911.0
1832.0,912.0
1833.0,911.0
1834.0,912.0
1834.0,913.0
1834.0,911.0
1841.0,911.0
1840.0,911.0
1840.0,912.0
1838.0,916.0
1838.0,916.0
1838.0,916.0
1843.0,910.0
1838.0,916.0
1839.142857142857,915.7142857142857
