x,y
868.0,760.0
868.0,760.0
867.0,760.0
868.0,760.0
868.0,760.0
867.0,761.0
867.0,761.0
866.0,761.0
867.0,761.0
866.0,761.0
866.0,761.0
866.0,761.0
865.0,761.0
864.0,762.0
864.0,761.0
864.0,762.0
864.0,761.0
863.0,760.0
863.0,760.0
861.0,760.0
861.0,760.0
861.0,760.0
859.0,759.0
857.0,760.0
858.0,759.0
858.0,760.0
858.0,760.0
857.0,760.0
857.0,760.0
856.0,760.0
857.0,760.0
856.0,761.0
857.0,761.0
857.0,759.0
858.0,761.0
857.0,762.0
857.0,762.0
857.0,760.0
857.0,761.0
857.0,761.0
857.0,759.0
857.0,760.0
857.0,761.0
857.0,761.0
856.0,760.0
857.0,760.0
857.0,760.0
857.0,760.0
857.0,760.0
857.0,760.0
857.0,760.0
857.0,759.0
857.0,760.0
858.0,760.0
858.0,761.0
858.0,761.0
858.0,760.0
857.0,760.0
858.0,761.0
858.0,761.0
857.0,761.0
857.0,761.0
858.0,760.0
858.0,761.0
858.0,760.0
857.0,761.0
857.0,760.0
859.0,761.0
859.0,761.0
857.0,760.0
854.0,760.0
851.0,760.0
844.0,761.0
850.0,760.0
844.0,762.0
843.0,763.0
844.0,762.0
846.0,761.0
846.0,761.0
846.0,761.0
843.0,762.0
844.0,766.0
845.0,766.0
845.0,767.0
844.0,767.0
846.0,766.0
843.0,769.0
845.0,769.0
845.0,768.0
843.0,768.0
843.0,768.0
843.0,767.0
843.0,767.0
844.0,767.0
843.0,766.0
844.0,766.0
844.0,766.0
845.0,766.0
846.0,767.0
846.0,767.0
