x,y
1801.0,106.0
1786.0,107.0
1770.0,108.0
1767.0,109.0
1770.0,112.0
1744.0,115.0
1734.0,116.0
1741.0,124.0
1734.0,126.0
1735.0,117.0
1734.0,127.0
1734.0,126.0
1734.0,125.0
1734.0,125.0
1734.0,125.0
1733.0,124.0
1733.0,124.0
1734.0,124.0
1734.0,124.0
1733.0,124.0
1734.0,124.0
1734.0,123.0
1735.0,124.0
1735.0,125.0
1736.0,124.0
1737.0,121.0
1737.0,121.0
1737.0,120.0
1736.0,120.0
1736.0,120.0
1737.0,122.0
1738.0,123.0
1739.0,125.0
1740.0,126.0
1740.0,125.0
1741.0,125.0
1741.0,124.0
1739.0,122.0
1740.0,123.0
1737.0,120.0
1737.0,120.0
1738.0,124.0
1737.0,124.0
1738.0,125.0
1737.0,124.0
1737.0,124.0
1737.0,124.0
1737.0,125.0
1737.0,125.0
1737.0,124.0
1735.0,122.0
1732.0,130.0
1736.0,123.0
1728.0,125.0
1725.0,125.0
1724.0,127.0
1722.0,126.0
1720.0,126.0
1719.0,127.0
1718.0,128.0
1717.0,129.0
1717.0,127.0
1716.0,129.0
1717.0,128.0
1719.0,127.0
1720.0,126.0
1719.0,126.0
1719.0,127.0
1719.0,127.0
1712.0,129.0
1712.0,130.0
1712.0,130.0
1710.0,131.0
1710.0,132.0
1708.0,133.0
1708.0,134.0
1708.0,132.0
1708.0,133.0
1708.0,133.0
1707.0,133.0
1707.0,134.0
1707.0,133.0
1707.0,134.0
1706.0,135.0
1704.0,134.0
1705.0,135.0
1702.0,134.0
1705.0,134.0
1705.0,135.0
1705.0,135.0
1706.0,134.0
1706.0,134.0
1705.0,134.0
1705.0,134.0
1706.0,136.0
1705.0,136.0
1704.0,137.0
1704.0,137.0
1704.0,137.0
1704.0,137.0
