x,y
1374.0,487.0
1374.0,488.0
1375.0,486.0
1374.0,486.0
1374.0,485.0
1375.0,484.0
1372.0,479.0
1374.0,478.0
1373.0,478.0
1373.0,478.0
1373.0,477.0
1373.0,476.0
1378.0,476.0
1378.0,477.0
1373.0,476.0
1373.0,476.0
1373.0,476.0
1373.0,476.0
1377.0,476.0
1377.0,475.0
1372.0,476.0
1372.0,476.0
1376.0,475.0
1376.0,475.0
1377.0,476.0
1377.0,476.0
1376.0,475.0
1375.0,475.0
1375.0,474.0
1375.0,474.0
1375.0,473.0
1374.0,473.0
1374.0,473.0
1372.0,473.0
1373.0,473.0
1370.0,476.0
1370.0,475.0
1368.0,477.0
1369.0,474.0
1369.0,475.0
1369.0,474.0
1369.0,475.0
1369.0,475.0
1369.0,475.0
1368.0,475.0
1369.0,474.0
1370.0,475.0
1371.0,479.0
1371.0,479.0
1372.0,477.0
1383.0,471.0
1395.0,455.0
1396.0,450.0
1397.0,446.0
1395.0,439.0
1386.0,416.0
1397.0,412.0
1400.0,400.0
1394.0,383.0
1389.0,377.0
1379.0,367.0
1376.0,357.0
1370.0,342.0
1361.0,323.0
1363.0,320.0
1352.0,303.0
1334.0,282.0
1340.0,256.0
1337.0,233.0
1322.0,205.0
1302.0,172.0
1284.0,155.0
1260.0,137.0
1228.0,123.0
1186.0,116.0
1142.0,112.0
1094.0,119.0
1050.0,128.0
1003.0,130.0
964.0,120.0
933.0,101.0
908.0,64.0
884.0,25.0
