x,y
923.0,637.0
923.0,638.0
923.0,638.0
924.0,638.0
924.0,637.0
925.0,638.0
924.0,638.0
924.0,637.0
925.0,638.0
925.0,638.0
924.0,637.0
924.0,637.0
925.0,637.0
925.0,637.0
925.0,636.0
926.0,636.0
926.0,637.0
926.0,636.0
925.0,636.0
926.0,637.0
925.0,636.0
925.0,636.0
926.0,636.0
926.0,636.0
925.0,636.0
926.0,637.0
925.0,637.0
925.0,636.0
924.0,636.0
924.0,636.0
924.0,636.0
926.0,629.0
927.0,630.0
924.0,637.0
925.0,637.0
924.0,636.0
923.0,635.0
924.0,635.0
925.0,636.0
925.0,635.0
925.0,635.0
927.0,635.0
926.0,636.0
927.0,635.0
928.0,632.0
931.0,631.0
929.0,630.0
925.0,635.0
926.0,636.0
925.0,636.0
925.0,636.0
925.0,636.0
926.0,636.0
925.0,636.0
925.0,635.0
925.0,636.0
925.0,636.0
925.0,636.0
924.0,636.0
924.0,636.0
924.0,637.0
924.0,637.0
924.0,637.0
922.0,642.0
925.0,636.0
924.0,637.0
924.0,637.0
924.0,637.0
925.0,638.0
933.0,636.0
932.0,638.0
926.0,638.0
925.0,638.0
926.0,638.0
927.0,637.0
930.0,637.0
932.0,636.0
932.0,639.0
933.0,639.0
932.0,640.0
933.0,636.0
934.0,638.0
934.0,638.0
933.0,635.0
932.0,636.0
932.0,635.0
931.0,637.0
931.0,635.0
931.0,634.0
931.0,637.0
931.0,636.0
931.0,636.0
932.0,637.0
932.0,638.0
932.0,636.0
933.0,637.0
932.0,637.0
933.0,636.0
932.0,637.0
931.0,638.0
