x,y
645.0,929.0
645.0,929.0
645.0,929.0
645.0,929.0
645.0,929.0
645.0,929.0
645.0,929.0
646.0,930.0
647.0,930.0
647.0,931.0
649.0,931.0
649.0,932.0
649.0,932.0
648.0,932.0
648.0,932.0
648.0,932.0
648.0,932.0
648.0,932.0
648.0,932.0
648.0,931.0
648.0,931.0
648.0,932.0
648.0,932.0
648.0,932.0
648.0,933.0
647.0,933.0
647.0,933.0
646.0,934.0
646.0,933.0
645.0,933.0
640.0,933.0
642.0,933.0
641.0,933.0
641.0,932.0
641.0,932.0
643.0,932.0
642.0,932.0
642.0,932.0
642.0,932.0
642.0,932.0
642.0,932.0
643.0,932.0
639.0,934.0
637.0,939.0
637.0,934.0
637.0,935.0
637.0,938.0
634.0,940.0
622.0,943.0
609.0,946.0
604.0,941.0
605.0,941.0
604.0,940.0
607.0,945.0
609.0,949.0
612.0,949.0
611.0,952.0
610.0,948.0
608.0,950.0
608.0,949.0
609.0,950.0
609.0,951.0
609.0,954.0
609.0,959.0
608.0,962.0
608.0,960.0
601.0,959.0
599.0,948.0
598.0,945.0
599.0,944.0
597.0,940.0
600.0,938.0
602.0,939.0
601.0,940.0
597.0,942.0
596.0,937.0
588.0,936.0
588.0,926.0
588.0,927.0
588.0,927.0
586.0,933.0
582.0,931.0
574.0,921.0
573.0,917.0
574.0,913.0
569.0,914.0
558.0,928.0
551.0,932.0
545.0,941.0
540.0,954.0
554.0,969.0
558.0,978.0
558.0,991.0
563.0,1001.0
564.0,1007.0
567.0,1021.0
574.0,1032.0
573.0,1045.0
562.0,1063.0
550.0,1070.0
