x,y
812.0,530.0
811.0,529.0
812.0,530.0
812.0,529.0
812.0,528.0
813.0,528.0
813.0,530.0
812.0,528.0
812.0,526.0
813.0,527.0
812.0,527.0
812.0,526.0
812.0,525.0
813.0,524.0
811.0,524.0
812.0,524.0
812.0,524.0
813.0,524.0
813.0,525.0
810.0,520.0
805.0,517.0
806.0,517.0
806.0,517.0
804.0,516.0
803.0,516.0
802.0,516.0
802.0,516.0
801.0,517.0
800.0,516.0
800.0,516.0
802.0,517.0
801.0,519.0
801.0,522.0
793.0,520.0
775.0,512.0
758.0,509.0
737.0,497.0
723.0,488.0
711.0,462.0
716.0,436.0
723.0,394.0
738.0,359.0
748.0,326.0
747.0,303.0
738.0,277.0
728.0,267.0
713.0,247.0
701.0,234.0
699.0,220.0
694.0,219.0
690.0,213.0
699.0,217.0
703.0,223.0
706.0,228.0
709.0,224.0
711.0,220.0
717.0,212.0
710.0,205.0
726.0,202.0
732.0,196.0
742.0,195.0
748.1666666666666,198.5
754.3333333333334,202.0
760.5,205.5
766.6666666666666,209.0
772.8333333333334,212.5
779.0,216.0
793.0,233.0
815.0,239.66666666666666
837.0,246.33333333333334
859.0,253.0
871.0,255.0
882.0,263.0
895.0,266.0
910.0,266.0
922.0,266.0
931.0,267.0
938.0,268.0
944.0,264.0
953.0,264.0
967.4,267.0
981.8,270.0
996.2,273.0
1010.6,276.0
1025.0,279.0
1025.0,279.0
1025.0,281.0
1023.0,280.0
1025.0,280.0
1025.0,281.0
1025.0,282.0
1026.0,279.0
1027.0,281.0
1028.0,280.0
1027.0,280.0
1027.0,278.0
1028.0,279.0
1029.0,280.0
1029.0,280.0
1030.0,280.0
