x,y
1122.0,169.0
1124.0,168.0
1122.0,170.0
1124.0,170.0
1123.0,170.0
1124.0,172.0
1123.0,170.0
1123.0,170.0
1123.0,170.0
1129.0,173.0
1130.0,175.0
1132.0,176.0
1133.0,178.0
1133.0,179.0
1134.0,184.0
1134.0,182.0
1132.0,183.0
1134.0,180.0
1134.0,176.0
1135.0,179.0
1135.0,178.0
1135.0,178.0
1134.0,178.0
1135.0,176.0
1135.0,176.0
1135.0,176.0
1135.0,176.0
1135.0,176.0
1135.0,175.0
1135.0,176.0
1136.0,176.0
1137.0,176.0
1138.0,176.0
1138.0,177.0
1138.0,176.0
1138.0,176.0
1138.0,176.0
1138.0,176.0
1139.0,174.0
1139.0,171.0
1141.0,170.0
1141.0,170.0
1142.0,172.0
1141.0,173.0
1140.0,173.0
1140.0,173.0
1138.0,173.0
1136.0,175.0
1135.0,176.0
1138.0,174.0
1146.0,168.0
1155.0,162.0
1163.0,152.0
1159.0,152.0
1159.0,152.0
1160.0,155.0
1160.0,164.0
1162.0,178.0
1168.0,189.0
1170.0,206.0
1182.0,220.0
1173.0,244.0
1179.0,268.0
1176.0,292.0
1180.0,323.0
1169.0,345.0
1170.0,371.0
1166.0,396.0
1166.0,417.0
1164.0,436.0
1163.0,453.0
1166.0,467.0
1164.0,483.0
1164.0,505.0
1162.0,527.0
1157.0,543.0
1155.0,554.0
1162.0,560.0
1164.0,571.0
1163.0,579.0
1157.0,580.0
1151.0,575.0
1147.0,569.0
1134.0,560.0
1130.0,566.0
1136.0,580.0
1131.0,586.0
1137.0,597.0
1129.0,602.0
1135.0,598.0
1128.0,608.0
1123.0,605.0
1123.0,603.0
1123.0,600.0
1123.0,600.0
1123.0,599.0
1123.0,599.0
1124.0,597.0
1121.0,597.0
1123.0,599.0
