x,y
624.0,944.0
624.0,943.0
625.0,944.0
625.0,943.0
627.0,943.0
627.0,943.0
627.0,944.0
627.0,944.0
627.0,944.0
627.0,944.0
626.0,943.0
625.0,943.0
625.0,943.0
626.0,941.0
626.0,940.0
627.0,940.0
626.0,939.0
627.0,939.0
627.0,938.0
628.0,937.0
628.0,937.0
627.0,935.0
628.0,936.0
627.0,936.0
627.0,936.0
631.0,932.0
631.0,932.0
631.0,932.0
630.0,931.0
631.0,932.0
630.0,932.0
631.0,932.0
631.0,931.0
630.0,932.0
630.0,931.0
630.0,931.0
636.0,930.0
638.0,935.0
639.0,931.0
641.0,931.0
640.0,930.0
640.0,930.0
641.0,932.0
641.0,931.0
641.0,931.0
641.0,931.0
643.0,932.0
642.0,933.0
641.0,934.0
640.0,931.0
641.0,933.0
641.0,933.0
641.0,933.0
641.0,932.0
641.0,933.0
641.0,932.0
641.0,932.0
642.0,932.0
641.0,932.0
642.0,932.0
641.0,932.0
642.0,934.0
643.0,934.0
644.0,933.0
645.0,933.0
645.0,934.0
645.0,934.0
644.0,934.0
644.0,934.0
644.0,934.0
645.0,934.0
644.0,933.0
644.0,935.0
645.0,935.0
644.0,934.0
644.0,935.0
644.0,935.0
645.0,934.0
644.0,934.0
644.0,935.0
644.0,935.0
645.0,935.0
645.0,935.0
645.0,935.0
644.0,935.0
645.0,936.0
645.0,937.0
645.0,936.0
645.0,936.0
645.0,936.0
645.0,936.0
645.0,936.0
645.0,936.0
645.0,936.0
646.0,936.0
645.0,936.0
645.0,936.0
646.0,937.0
646.0,936.0
646.0,936.0
