x,y
1241.0,1071.0
1239.0,1070.0
1251.0,1070.0
1263.0,1059.0
1266.0,1050.0
1265.0,1036.0
1262.0,1025.0
1261.0,1023.0
1266.0,1022.0
1263.0,1025.0
1265.0,1024.0
1268.0,1026.0
1264.0,1026.0
1264.0,1026.0
1263.0,1026.0
1263.0,1027.0
1262.0,1026.0
1261.0,1027.0
1261.0,1026.0
1266.0,1027.0
1265.0,1027.0
1266.0,1026.0
1266.0,1025.0
1264.0,1024.0
1263.0,1022.0
1263.0,1021.0
1261.0,1022.0
1261.0,1020.0
1261.0,1020.0
1261.0,1020.0
1261.0,1020.0
1260.0,1020.0
1260.0,1020.0
1260.0,1021.0
1259.0,1020.0
1259.0,1020.0
1259.0,1020.0
1259.0,1020.0
1259.0,1021.0
1254.0,1019.0
1253.0,1019.0
1253.0,1019.0
1253.0,1018.0
1253.0,1017.0
1254.0,1018.0
1253.0,1018.0
1253.0,1018.0
1253.0,1018.0
1252.0,1019.0
1252.0,1019.0
1254.0,1019.0
1254.0,1019.0
1254.0,1019.0
1258.0,1025.0
1258.0,1025.0
1258.0,1025.0
1257.0,1026.0
1258.0,1026.0
1256.0,1027.0
1260.0,1030.0
1259.0,1024.0
1252.0,1022.0
1252.0,1023.0
1248.0,1027.0
1256.0,1024.0
1252.0,1023.0
1249.0,1028.0
1251.0,1023.0
1250.0,1023.0
1250.0,1023.0
1250.0,1023.0
1250.0,1023.0
1250.0,1023.0
1251.0,1022.0
1250.0,1024.0
1251.0,1024.0
1250.0,1024.0
1250.0,1024.0
1250.0,1024.0
1250.0,1024.0
1249.0,1024.0
1249.0,1025.0
1250.0,1026.0
1251.0,1020.0
1252.0,1019.0
1250.0,1017.0
1248.0,1016.0
1247.0,1012.0
1247.0,1012.0
1247.0,1011.0
1248.0,1012.0
1248.0,1012.0
1250.0,1013.0
1250.0,1013.0
1249.0,1013.0
1249.0,1012.0
1249.0,1012.0
1249.0,1013.0
1249.0,1012.0
1250.0,1012.0
