x,y
1066.0,183.0
1065.0,160.0
1069.0,153.0
1071.0,156.0
1080.0,162.0
1087.0,165.0
1094.0,159.0
1095.0,151.0
1102.0,140.0
1108.0,135.0
1115.0,140.0
1120.0,147.0
1125.0,157.0
1124.0,159.0
1126.0,160.0
1123.0,160.0
1125.0,160.0
1124.0,160.0
1124.0,160.0
1123.0,160.0
1123.0,161.0
1124.0,161.0
1124.0,161.0
1124.0,162.0
1124.0,163.0
1124.0,162.0
1123.0,162.0
1124.0,162.0
1123.0,162.0
1123.0,163.0
1124.0,162.0
1124.0,162.0
1125.0,162.0
1125.0,162.0
1125.0,163.0
1125.0,162.0
1125.0,163.0
1123.0,166.0
1124.0,163.0
1124.0,165.0
1124.0,163.0
1125.0,164.0
1124.0,164.0
1124.0,163.0
1125.0,163.0
1124.0,166.0
1127.0,162.0
1127.0,162.0
1127.0,162.0
1128.0,162.0
1128.0,163.0
1127.0,163.0
1127.0,163.0
1127.0,163.0
1126.0,167.0
1126.0,163.0
1127.0,167.0
1127.0,163.0
1126.0,165.0
1125.0,165.0
1125.0,166.0
1125.0,166.0
1124.0,162.0
1124.0,161.0
1124.0,161.0
1124.0,161.0
1125.0,162.0
1125.0,162.0
1125.0,162.0
1126.0,162.0
1126.0,162.0
1126.0,162.0
1126.0,162.0
1126.0,163.0
1126.0,162.0
1125.0,163.0
1125.0,162.0
1125.0,162.0
1125.0,163.0
1125.0,163.0
1125.0,164.0
1125.0,164.0
1124.0,164.0
1124.0,164.0
1125.0,164.0
1124.0,164.0
1124.0,164.0
1124.0,164.0
1125.0,166.0
1122.0,166.0
1124.0,166.0
1124.0,166.0
1124.0,167.0
1123.0,167.0
1124.0,168.0
1125.0,169.0
1122.0,169.0
1123.0,169.0
1123.0,169.0
1122.0,170.0
