x,y
1436.0,702.0
1423.0,660.0
1412.0,620.0
1396.0,581.0
1375.0,552.0
1368.0,520.0
1356.0,498.0
1347.0,475.0
1355.0,465.0
1359.0,458.0
1366.0,450.0
1362.0,438.0
1361.0,446.0
1357.0,445.0
1348.0,438.0
1351.0,441.0
1350.0,430.0
1342.0,419.0
1336.0,423.0
1334.0,422.0
1336.0,422.0
1338.0,427.0
1332.0,426.0
1332.0,427.0
1332.0,426.0
1333.0,426.0
1334.0,427.0
1336.0,427.0
1340.0,429.0
1339.0,428.0
1340.0,428.0
1340.0,428.0
1340.0,428.0
1339.0,427.0
1340.0,424.0
1340.0,424.0
1339.0,424.0
1340.0,425.0
1339.0,423.0
1341.0,423.0
1342.0,422.0
1344.0,422.0
1344.0,421.0
1342.0,421.0
1344.0,421.0
1341.0,419.0
1342.0,418.0
1341.0,418.0
1340.0,417.0
1340.0,417.0
1339.0,419.0
1338.0,416.0
1339.0,417.0
1338.0,417.0
1339.0,416.0
1339.0,417.0
1339.0,416.0
1339.0,417.0
1339.0,417.0
1338.0,416.0
1338.0,416.0
1338.0,416.0
1338.0,417.0
1338.0,416.0
1338.0,416.0
1339.0,416.0
1338.0,416.0
1339.0,415.0
1338.0,414.0
1338.0,414.0
1339.0,414.0
1339.0,413.0
1339.0,413.0
1338.0,413.0
1336.0,405.0
1336.0,403.0
1336.0,402.0
1332.0,396.0
1324.0,397.0
1309.0,403.0
1309.0,404.0
1330.0,386.0
1324.0,352.0
1336.0,323.0
1338.0,286.0
1341.0,246.0
1338.0,201.0
1333.0,156.0
1319.0,104.0
1306.0,55.0
1297.0,14.0
