x,y
1118.0,602.0
1122.0,602.0
1122.0,602.0
1121.0,602.0
1121.0,602.0
1122.0,603.0
1122.0,604.0
1121.0,603.0
1122.0,602.0
1122.0,602.0
1121.0,603.0
1122.0,604.0
1123.0,604.0
1123.0,605.0
1122.0,605.0
1122.0,606.0
1122.0,606.0
1122.0,605.0
1122.0,605.0
1122.0,605.0
1122.0,605.0
1122.0,605.0
1123.0,605.0
1122.0,605.0
1123.0,606.0
1124.0,606.0
1125.0,607.0
1124.0,607.0
1124.0,607.0
1124.0,608.0
1124.0,608.0
1123.0,608.0
1123.0,608.0
1123.0,608.0
1124.0,608.0
1124.0,608.0
1124.0,608.0
1123.0,608.0
1123.0,608.0
1123.0,608.0
1122.0,608.0
1122.0,609.0
1122.0,609.0
1122.0,609.0
1122.0,609.0
1122.0,609.0
1122.0,609.0
1122.0,609.0
1121.0,609.0
1120.0,610.0
1120.0,610.0
1120.0,610.0
1120.0,611.0
1120.0,610.0
1121.0,611.0
1120.0,611.0
1120.0,611.0
1121.0,611.0
1121.0,611.0
1121.0,611.0
1121.0,611.0
1121.0,611.0
1121.0,612.0
1121.0,612.0
1121.0,613.0
1120.0,613.0
1123.0,610.0
1123.0,610.0
1120.0,606.0
1116.0,608.0
1116.0,617.0
1116.0,614.0
1120.0,619.0
1118.0,619.0
1115.0,622.0
1114.0,622.0
1104.0,625.0
1105.0,625.0
1105.0,625.0
1104.0,625.0
1104.0,625.0
1104.0,625.0
1105.0,626.0
1104.0,626.0
1104.0,625.0
1103.0,625.0
1103.0,625.0
1103.0,625.0
1105.0,625.0
1106.0,630.0
1106.0,630.0
1108.0,630.0
1108.0,630.0
1109.0,625.0
1108.0,625.0
1108.0,628.0
1107.0,628.0
1107.0,628.0
1106.0,628.0
1106.0,627.0
