x,y
645.0,936.0
646.0,937.0
645.0,939.0
645.0,939.0
644.0,939.0
644.0,939.0
644.0,939.0
644.0,940.0
644.0,940.0
643.0,940.0
644.0,941.0
643.0,941.0
642.0,941.0
643.0,942.0
643.0,943.0
643.0,943.0
643.0,943.0
642.0,942.0
642.0,943.0
643.0,943.0
642.0,942.0
641.0,943.0
639.0,941.0
638.0,941.0
638.0,941.0
638.0,941.0
638.0,941.0
638.0,941.0
638.0,941.0
639.0,944.0
637.0,941.0
636.0,946.0
636.0,943.0
635.0,944.0
635.0,945.0
635.0,945.0
635.0,945.0
635.0,946.0
636.0,946.0
633.0,946.0
632.0,945.0
633.0,943.0
631.0,942.0
630.0,943.0
632.0,941.0
630.0,943.0
630.0,943.0
630.0,943.0
630.0,943.0
631.0,942.0
631.0,942.0
632.0,942.0
632.0,941.0
631.0,941.0
632.0,943.0
632.0,942.0
631.0,944.0
631.0,946.0
631.0,947.0
638.0,947.0
633.0,946.0
629.0,947.0
634.0,947.0
634.0,943.0
634.0,944.0
633.0,943.0
629.0,941.0
625.0,940.0
624.0,943.0
617.0,956.0
604.0,971.0
596.0,977.0
594.0,981.0
599.0,985.0
598.0,1002.0
592.0,1028.0
572.0,1061.0
546.0,1077.0
