x,y
994.0,952.0
995.0,946.0
997.0,935.0
997.0,937.0
1004.0,941.0
996.0,934.0
997.0,935.0
997.0,941.0
995.0,939.0
997.0,941.0
999.0,941.0
999.0,940.0
1000.0,941.0
999.0,941.0
998.0,940.0
999.0,940.0
999.0,940.0
998.0,940.0
998.0,939.0
998.0,940.0
997.0,940.0
998.0,941.0
997.0,938.0
995.0,937.0
994.0,938.0
995.0,938.0
994.0,938.0
995.0,937.0
995.0,937.0
995.0,938.0
995.0,937.0
995.0,938.0
995.0,937.0
995.0,937.0
995.0,937.0
995.0,938.0
995.0,937.0
995.0,936.0
994.0,937.0
995.0,936.0
994.0,937.0
995.0,937.0
993.0,937.0
994.0,937.0
994.0,937.0
994.0,937.0
994.0,937.0
994.0,937.0
994.0,937.0
994.0,938.0
994.0,938.0
993.0,937.0
994.0,936.0
997.0,935.0
999.0,934.0
1000.0,935.0
1000.0,935.0
1000.0,934.0
1000.0,935.0
1000.0,935.0
1002.0,939.0
1000.0,937.0
1001.0,937.0
1000.0,936.0
1000.0,936.0
1000.0,933.0
1001.0,934.0
1001.0,935.0
1001.0,934.0
1001.0,935.0
1000.0,935.0
1001.0,935.0
1001.0,934.0
1002.0,936.0
1003.0,937.0
1001.0,935.0
1004.0,937.0
1006.0,936.0
1007.0,935.0
1007.0,935.0
1007.0,934.0
1007.0,934.0
1007.0,935.0
1008.0,935.0
1007.0,934.0
1010.0,935.0
1010.0,935.0
1010.0,935.0
1010.0,935.0
1008.0,935.0
1009.0,935.0
1009.0,935.0
1009.0,935.0
1008.0,934.0
1010.0,934.0
1009.0,935.0
1009.0,935.0
1009.0,935.0
1008.0,934.0
1009.0,935.0
