x,y
543.0,1035.0
541.0,1036.0
541.0,1035.0
541.0,1036.0
541.0,1035.0
541.0,1035.0
542.0,1033.0
543.0,1034.0
543.0,1032.0
543.0,1033.0
543.0,1033.0
544.0,1032.0
543.0,1033.0
544.0,1033.0
544.0,1033.0
544.0,1032.0
544.0,1032.0
543.0,1032.0
543.0,1033.0
544.0,1033.0
544.0,1032.0
545.0,1032.0
545.0,1031.0
545.0,1031.0
546.0,1031.0
547.0,1031.0
548.0,1031.0
547.0,1031.0
547.0,1031.0
548.0,1031.0
548.0,1031.0
548.0,1031.0
547.0,1031.0
548.0,1031.0
549.0,1030.0
549.0,1030.0
550.0,1030.0
547.0,1031.0
548.0,1031.0
550.0,1030.0
550.0,1030.0
548.0,1030.0
548.0,1031.0
546.0,1033.0
545.0,1034.0
542.0,1037.0
536.0,1037.0
529.0,1037.0
522.0,1037.0
514.0,1021.0
514.0,1009.0
521.0,1004.0
533.0,997.0
544.0,1003.0
542.0,1000.0
540.0,1004.0
542.0,1003.0
546.0,995.0
555.0,993.0
556.0,986.0
559.0,984.0
559.0,975.0
567.0,967.0
570.0,962.0
571.0,957.0
573.0,951.0
574.0,941.0
592.0,940.0
603.0,941.0
611.0,933.0
609.0,929.0
609.0,925.0
608.0,924.0
608.0,926.0
609.0,926.0
608.0,925.0
609.0,926.0
609.0,925.0
608.0,926.0
609.0,926.0
608.0,924.0
610.0,927.0
609.0,923.0
609.0,923.0
611.0,921.0
610.0,922.0
611.0,921.0
611.0,921.0
611.0,921.0
612.0,920.0
612.0,920.0
612.0,920.0
613.0,918.0
614.0,919.0
614.0,918.0
614.0,918.0
614.0,918.0
613.0,919.0
614.0,919.0
614.0,918.0
