x,y
1502.0,145.0
1502.0,144.5
1502.0,144.0
1501.0,145.0
1502.0,145.0
1502.0,146.0
1502.0,146.0
1502.2,146.0
1502.4,146.0
1502.6,146.0
1502.8,146.0
1503.0,146.0
1503.0,145.0
1503.0,146.0
1503.0,145.0
1503.0,145.0
1503.0,145.0
1503.0,145.0
1503.0,146.0
1503.0,145.0
1503.0,147.0
1504.0,147.0
1504.0,146.0
1504.0,147.0
1503.0,146.0
1504.0,147.0
1503.0,146.0
1502.0,145.0
1502.0,144.0
1502.0,142.0
1502.0,142.0
1502.0,143.0
1502.0,141.0
1502.0,141.0
1503.0,141.0
1502.0,141.0
1503.0,140.0
1503.0,141.0
1503.0,141.0
1503.0,141.0
1503.0,141.0
1503.0,142.0
1503.0,142.0
1503.0,143.0
1503.0,142.0
1502.0,142.0
1503.0,142.0
1503.0,143.0
1503.0,143.0
1500.0,140.0
1502.0,143.0
1502.0,142.0
1502.0,143.0
1502.0,142.0
1503.0,140.0
1508.0,140.0
1503.0,140.0
1504.0,140.0
1503.0,140.0
1503.0,140.0
1503.0,140.0
1504.0,140.0
1504.0,139.0
1504.0,140.0
1505.0,139.0
1505.0,140.0
1505.0,140.0
1503.0,140.0
1509.0,141.0
1508.0,140.0
1507.0,138.0
1507.0,138.0
1509.0,134.0
1511.0,105.0
1523.0,74.0
1543.0,34.0
1553.0,10.0
