x,y
1658.0,22.0
1670.0,40.0
1663.0,51.0
1645.0,59.0
1663.5,60.642857142857146
1682.0,62.285714285714285
1700.5,63.92857142857143
1719.0,65.57142857142857
1737.5,67.21428571428571
1756.0,68.85714285714286
1774.5,70.5
1793.0,72.14285714285714
1811.5,73.78571428571428
1830.0,75.42857142857143
1848.5,77.07142857142857
1867.0,78.71428571428572
1885.5,80.35714285714286
1904.0,82.0
1904.0,82.0
1904.0,82.0
1904.0,82.0
1904.0,81.92
1904.0,81.84
1904.0,81.76
1904.0,81.68
1904.0,81.6
1904.0,81.52
1904.0,81.44
1904.0,81.36
1904.0,81.28
1904.0,81.2
1904.0,81.12
1904.0,81.04
1904.0,80.96
1904.0,80.88
1904.0,80.8
1904.0,80.72
1904.0,80.64
1904.0,80.56
1904.0,80.48
1904.0,80.4
1904.0,80.32
1904.0,80.24
1904.0,80.16
1904.0,80.08
1904.0,80.0
