x,y
258.0,569.0
259.0,569.0
259.0,570.0
257.0,570.0
258.0,569.0
257.0,570.0
256.0,571.0
256.0,571.0
255.0,572.0
256.0,573.0
256.0,572.0
257.0,572.0
257.0,571.0
257.0,572.0
257.0,571.0
257.0,571.0
257.0,571.0
257.0,572.0
257.0,572.0
257.0,571.0
257.0,571.0
257.0,571.0
257.0,571.0
258.0,571.0
258.0,572.0
258.0,572.0
258.0,572.0
257.0,571.0
258.0,571.0
258.0,572.0
258.0,572.0
258.0,572.0
264.0,578.0
264.0,578.0
264.0,578.0
264.0,578.0
264.0,577.0
258.0,572.0
258.0,572.0
258.0,572.0
258.0,573.0
257.0,572.0
256.0,572.0
257.0,572.0
258.0,573.0
257.0,572.0
257.0,572.0
256.0,572.0
256.0,572.0
256.0,573.0
256.0,573.0
258.0,575.0
258.0,574.0
257.0,574.0
257.0,572.0
255.0,573.0
256.0,573.0
252.0,572.0
255.0,574.0
255.0,574.0
255.0,573.0
256.0,571.0
256.0,571.0
256.0,571.0
256.0,571.0
256.0,571.0
255.0,571.0
255.0,570.0
256.0,569.0
255.0,567.0
255.0,567.0
256.0,572.0
258.0,572.0
261.0,570.0
263.0,570.0
266.0,572.0
267.0,576.0
268.0,578.0
274.0,578.0
274.0,577.0
282.0,574.0
280.0,574.0
271.0,569.0
273.0,554.0
247.0,543.0
247.0,529.0
243.0,512.0
237.0,501.0
228.0,493.0
222.0,494.0
214.0,461.0
202.0,419.0
177.0,429.0
160.0,416.0
143.0,407.0
123.0,393.0
93.0,404.0
72.0,420.0
42.0,439.0
20.0,454.0
