x,y
890.0,545.0
890.0,545.0
890.0,545.0
890.0,545.0
890.0,545.0
890.0,545.0
890.0,545.0
891.0,545.0
891.0,547.0
891.0,547.0
892.0,548.0
892.0,549.0
892.0,549.0
892.0,550.0
892.0,550.0
892.0,550.0
893.0,550.0
893.0,550.0
892.0,549.0
892.0,549.0
893.0,549.0
893.0,549.0
892.0,549.0
892.0,549.0
892.0,549.0
892.0,549.0
892.0,550.0
891.0,551.0
892.0,552.0
891.0,553.0
892.0,552.0
893.0,553.0
892.0,552.0
891.0,551.0
891.0,552.0
891.0,552.0
891.0,552.0
892.0,552.0
892.0,552.0
892.0,552.0
892.0,552.0
892.0,551.0
892.0,551.0
893.0,552.0
893.0,552.0
893.0,552.0
893.0,552.0
893.0,552.0
893.0,552.0
893.0,552.0
893.0,551.0
894.0,552.0
894.0,552.0
894.0,552.0
893.0,552.0
893.0,552.0
893.0,552.0
893.0,552.0
892.0,552.0
893.0,551.0
894.0,553.0
893.0,552.0
895.0,552.0
896.0,551.0
897.0,550.0
898.0,550.0
898.0,551.0
900.0,551.0
901.0,552.0
901.0,551.0
901.0,550.0
901.0,551.0
901.0,551.0
901.0,551.0
902.0,551.0
901.0,551.0
902.0,551.0
902.0,550.0
902.0,550.0
903.0,549.0
902.0,548.0
902.0,546.0
903.0,546.0
902.0,547.0
902.0,547.0
902.0,546.0
902.0,546.0
902.0,546.0
903.0,545.0
903.0,545.0
904.0,545.0
904.0,543.0
904.0,547.0
903.0,547.0
906.0,537.0
907.0,536.0
906.0,535.0
904.0,534.0
905.0,535.0
900.0,546.0
