x,y
899.0,546.0
899.0,546.0
900.0,546.0
900.0,546.0
902.0,546.0
902.0,546.0
903.0,546.0
906.0,534.0
906.0,534.0
905.0,533.0
904.0,532.0
903.0,532.0
901.0,530.0
901.0,530.0
900.0,530.0
901.0,530.0
900.0,530.0
899.0,529.0
896.0,534.0
894.0,533.0
893.0,536.0
895.0,533.0
895.0,537.0
892.0,536.0
892.0,539.0
892.0,539.0
891.0,537.0
891.0,536.0
891.0,537.0
892.0,537.0
891.0,536.0
894.0,538.0
894.0,538.0
893.0,538.0
894.0,539.0
894.0,539.0
894.0,540.0
894.0,539.0
894.0,539.0
894.0,539.0
894.0,539.0
894.0,539.0
895.0,539.0
895.0,539.0
895.0,539.0
893.0,533.0
895.0,532.0
895.0,532.0
895.0,532.0
896.0,532.0
896.0,531.0
896.0,530.0
896.0,530.0
895.0,532.0
891.0,531.0
892.0,533.0
891.0,533.0
890.0,532.0
890.0,532.0
889.0,531.0
889.0,533.0
887.0,531.0
888.0,533.0
887.0,532.0
889.0,533.0
887.0,533.0
885.0,531.0
886.0,531.0
886.0,531.0
887.0,530.0
887.0,530.0
886.0,531.0
887.0,531.0
887.0,530.0
887.0,530.0
889.0,530.0
889.0,529.0
889.0,529.0
888.0,530.0
889.0,530.0
889.0,529.0
889.0,529.0
889.0,529.0
889.0,529.0
891.0,528.0
891.0,528.0
891.0,529.0
892.0,529.0
892.0,529.0
892.0,529.0
891.0,529.0
892.0,529.0
891.0,530.0
892.0,529.0
892.0,528.0
893.0,528.0
892.0,528.0
892.0,528.0
891.0,529.0
891.0,529.0
