x,y
1500.0,896.0
1500.0,896.0
1514.0,896.0
1529.0,885.0
1529.0,883.0
1529.0,883.0
1529.0,884.0
1528.0,883.0
1529.0,883.0
1507.0,899.0
1505.0,898.0
1505.0,898.0
1505.0,898.0
1505.0,899.0
1506.0,900.0
1507.0,898.0
1509.0,899.0
1505.0,901.0
1508.0,897.0
1507.0,900.0
1508.0,899.0
1508.0,900.0
1508.0,900.0
1508.0,899.0
1508.0,900.0
1507.0,902.0
1507.0,901.0
1507.0,901.0
1508.0,901.0
1508.0,900.0
1508.0,901.0
1507.0,901.0
1507.0,904.0
1506.0,904.0
1506.0,904.0
1506.0,903.0
1506.0,902.0
1506.0,901.0
1505.0,901.0
1505.0,900.0
1506.0,899.0
1504.0,900.0
1504.0,899.0
1506.0,897.0
1506.0,897.0
1506.0,897.0
1505.0,897.0
1506.0,896.0
1507.0,895.0
1506.0,896.0
1498.0,895.0
1504.0,896.0
1507.0,896.0
1508.0,896.0
1507.0,896.0
1507.0,895.0
1507.0,895.0
1507.0,903.0
1506.0,895.0
1503.0,896.0
1499.0,896.0
1502.0,895.0
1502.0,895.0
1502.0,894.0
1500.0,896.0
1502.0,898.0
1503.0,895.0
1503.0,895.0
1504.0,894.0
1504.0,894.0
1504.0,895.0
1504.0,894.0
1504.0,895.0
1504.0,894.0
1504.0,895.0
1504.0,895.0
1503.0,895.0
1503.0,896.0
1501.0,898.0
1499.0,899.0
1500.0,898.0
1498.0,896.0
1504.0,895.0
1502.0,894.0
1503.0,894.0
1501.0,897.0
1501.0,896.0
1503.0,894.0
1501.0,897.0
1500.0,899.0
1507.0,898.0
1510.0,899.0
1509.0,907.0
1510.0,900.0
1511.0,902.0
1511.0,904.0
1512.0,904.0
1512.0,904.0
1512.0,904.0
1511.0,904.0
