x,y
957.0,353.0
956.0,353.0
956.0,353.0
956.0,352.0
955.0,352.0
959.0,356.0
964.0,357.0
964.0,357.0
966.0,355.0
966.0,355.0
965.0,354.0
964.0,354.0
964.0,354.0
963.0,353.0
963.0,353.0
964.0,353.0
964.0,352.0
967.0,350.0
967.0,350.0
966.0,350.0
965.0,348.0
965.0,349.0
966.0,348.0
967.0,347.0
968.0,346.0
967.0,346.0
967.0,346.0
967.0,346.0
967.0,346.0
967.0,346.0
967.0,346.0
967.0,346.0
967.0,346.0
967.0,345.0
967.0,345.0
967.0,345.0
968.0,348.0
970.0,348.0
967.0,348.0
968.0,348.0
967.0,348.0
967.0,348.0
968.0,348.0
968.0,348.0
968.0,348.0
968.0,347.0
968.0,346.0
969.0,347.0
970.0,348.0
966.0,345.0
968.0,346.0
968.0,345.0
966.0,345.0
966.0,344.0
966.0,344.0
966.0,346.0
966.0,344.0
964.0,345.0
964.0,344.0
965.0,344.0
964.0,344.0
964.0,344.0
964.0,344.0
964.0,344.0
964.0,344.0
964.0,344.0
958.0,340.0
957.0,340.0
956.0,340.0
956.0,340.0
954.0,339.0
952.0,340.0
954.0,339.0
954.0,338.0
954.0,335.0
940.0,333.0
946.0,336.0
939.0,337.0
940.0,346.0
951.0,351.0
958.0,375.0
968.0,381.0
983.0,380.0
944.0,409.0
935.0,440.0
904.0,450.0
891.0,474.0
877.0,507.0
872.0,520.0
878.0,532.0
882.0,543.0
875.0,552.0
867.0,559.0
874.0,570.0
891.0,570.0
916.0,572.0
947.0,574.0
988.0,580.0
1038.0,586.0
1097.0,589.0
