x,y
1512.0,904.0
1512.0,904.0
1510.0,905.0
1516.0,912.0
1516.0,931.0
1527.0,937.0
1530.0,933.0
1536.0,926.0
1526.0,881.0
1502.0,856.0
1456.0,830.0
1379.0,806.0
1290.0,779.0
1203.0,771.0
1102.0,742.0
1014.0,714.0
917.0,683.0
821.0,637.0
743.0,608.0
686.0,559.0
656.0,542.0
652.0,527.0
665.0,529.0
688.0,528.0
712.0,521.0
741.0,530.0
782.0,542.0
776.0,543.0
781.0,543.0
767.0,519.0
776.0,523.0
769.0,524.0
768.0,524.0
763.0,522.0
764.0,512.0
767.0,522.0
765.0,522.0
760.0,513.0
762.0,511.0
765.0,509.0
764.0,506.0
763.0,507.0
764.0,507.0
765.0,508.0
765.0,507.0
764.0,506.0
762.0,506.0
763.0,509.0
755.0,517.0
755.0,519.0
761.0,509.0
762.0,507.0
763.0,506.0
762.0,505.0
761.0,503.0
761.0,503.0
762.0,504.0
763.0,505.0
762.0,504.0
762.0,504.0
762.0,504.0
761.0,503.0
760.0,506.0
754.0,505.0
729.0,499.0
661.0,595.0
670.0,461.0
623.0,409.0
578.0,330.0
530.0,232.0
449.0,109.0
