x,y
163.0,777.0
172.0,784.0
178.0,811.0
186.0,836.0
209.0,866.0
233.0,896.0
263.0,913.0
289.0,908.0
332.0,907.0
372.0,906.0
415.0,903.0
454.0,900.0
506.0,899.0
540.0,889.0
585.0,880.0
621.0,866.0
642.0,855.0
665.0,837.0
673.0,822.0
678.0,814.0
680.0,812.0
680.0,812.0
681.0,813.0
684.0,812.0
689.0,808.0
694.0,808.0
700.0,803.0
702.0,800.0
702.0,796.0
699.0,793.0
695.0,790.0
681.0,797.0
680.0,796.0
700.0,792.0
719.0,801.0
745.0,799.0
778.0,784.0
816.0,774.0
844.0,744.0
862.0,710.0
868.0,682.0
882.0,667.0
874.0,665.0
867.0,651.0
868.0,644.0
872.0,640.0
877.0,636.0
876.0,632.0
873.0,627.0
871.0,623.0
873.0,620.0
876.0,616.0
878.0,611.0
877.0,607.0
875.0,602.0
876.0,602.0
876.0,603.0
872.0,599.0
883.0,596.0
889.0,597.0
886.0,593.0
886.0,596.0
884.0,592.0
886.0,596.0
886.0,597.0
886.0,598.0
886.0,597.0
885.0,597.0
882.0,589.0
881.0,589.0
881.0,588.0
881.0,588.0
881.0,588.0
883.0,589.0
885.0,595.0
885.0,594.0
886.0,595.0
885.0,594.0
885.0,590.0
884.0,589.0
884.0,589.0
885.0,590.0
885.0,590.0
886.0,592.0
885.0,594.0
885.0,594.0
885.0,594.0
885.0,594.0
886.0,593.0
887.0,594.0
887.0,594.0
888.0,594.0
889.0,595.0
889.0,596.0
888.0,596.0
888.0,595.0
889.0,596.0
889.0,595.0
889.0,596.0
889.0,596.0
