x,y
564.0,912.0
564.0,913.0
564.0,913.0
564.0,913.0
564.0,913.0
565.0,913.0
565.0,913.0
565.0,913.0
564.0,913.0
564.0,913.0
564.0,913.0
564.0,913.0
565.0,912.0
565.0,913.0
565.0,913.0
565.0,913.0
566.0,913.0
566.0,914.0
567.0,915.0
570.0,918.0
571.0,919.0
572.0,919.0
571.0,918.0
570.0,917.0
569.0,918.0
570.0,918.0
570.0,917.0
570.0,917.0
569.0,916.0
570.0,916.0
569.0,916.0
569.0,917.0
570.0,917.0
570.0,917.0
571.0,917.0
571.0,917.0
571.0,917.0
571.0,917.0
571.0,918.0
572.0,918.0
573.0,918.0
574.0,919.0
575.0,920.0
575.0,920.0
575.0,920.0
575.0,920.0
575.0,920.0
575.0,920.0
575.0,920.0
575.0,921.0
575.0,921.0
575.0,920.0
575.0,920.0
575.0,920.0
576.0,921.0
577.0,921.0
577.0,921.0
577.0,921.0
577.0,921.0
577.0,921.0
577.0,920.0
577.0,920.0
577.0,920.0
577.0,921.0
578.0,922.0
577.0,923.0
577.0,924.0
577.0,923.0
578.0,923.0
579.0,923.0
579.0,923.0
579.0,923.0
579.0,922.0
579.0,922.0
579.0,923.0
579.0,923.0
579.0,923.0
580.0,922.0
580.0,922.0
579.0,922.0
579.0,922.0
580.0,922.0
580.0,923.0
580.0,922.0
579.0,922.0
579.0,922.0
580.0,922.0
580.0,923.0
581.0,925.0
580.0,926.0
580.0,927.0
580.0,926.0
580.0,926.0
580.0,927.0
580.0,927.0
581.0,926.0
581.0,926.0
581.0,926.0
581.0,926.0
581.0,926.0
