x,y
1474.0,122.0
1528.0,214.0
1572.0,299.0
1597.0,379.0
1626.0,432.0
1656.0,460.0
1669.0,458.0
1673.0,433.0
1679.0,408.0
1681.0,388.0
1666.0,387.0
1675.0,404.0
1693.0,431.0
1697.0,464.0
1708.0,485.0
1696.0,496.0
1687.0,508.0
1675.0,518.0
1665.0,526.0
1661.0,526.0
1651.0,532.0
1650.0,534.0
1651.0,535.0
1660.0,532.0
1661.0,538.0
1663.0,538.0
1662.0,542.0
1666.0,543.0
1665.0,543.0
1667.0,542.0
1667.0,543.0
1664.0,543.0
1663.0,545.0
1664.0,545.0
1665.0,545.0
1664.0,545.0
1664.0,546.0
1663.0,547.0
1662.0,548.0
1661.0,552.0
1660.0,553.0
1661.0,553.0
1661.0,554.0
1663.0,553.0
1662.0,554.0
1662.0,553.0
1661.0,554.0
1661.0,554.0
1661.0,554.0
1660.0,553.0
1661.0,552.0
1661.0,552.0
1661.0,552.0
1661.0,553.0
1661.0,552.0
1662.0,553.0
1662.0,552.0
1662.0,551.0
1662.0,551.0
1663.0,550.0
1664.0,550.0
1663.0,549.0
1664.0,549.0
1665.0,550.0
1668.0,549.0
1668.0,551.0
1668.0,553.0
1667.0,553.0
1667.0,554.0
1669.0,554.0
1668.0,554.0
1666.0,553.0
1667.0,554.0
1666.0,553.0
1666.0,555.0
1666.0,555.0
1666.0,560.0
1666.0,560.0
1667.0,560.0
1668.0,559.0
1665.0,559.0
1665.0,558.0
1668.0,556.0
1668.0,556.0
1669.0,556.0
1670.0,553.0
1672.0,551.0
1671.0,553.0
1671.0,552.0
1671.0,553.0
1671.0,554.0
1670.0,551.0
1669.0,546.0
1659.0,542.0
1654.0,541.0
1655.0,541.0
1658.0,548.0
1658.0,554.0
1660.0,558.0
1659.0,566.0
