x,y
1702.0,875.0
1702.0,876.0
1702.0,875.0
1703.0,875.0
1702.0,875.0
1703.0,875.0
1703.0,875.0
1698.0,877.0
1703.0,875.0
1703.0,876.0
1698.0,877.0
1698.0,877.0
1698.0,877.0
1698.0,878.0
1703.0,875.0
1703.0,876.0
1704.0,875.0
1699.0,878.0
1704.0,876.0
1701.0,876.0
1702.0,876.0
1704.0,876.0
1703.0,876.0
1704.0,876.0
1702.0,876.0
1705.0,876.0
1702.0,876.0
1700.0,877.0
1704.0,875.0
1704.0,875.0
1704.0,876.0
1704.0,874.0
1704.0,873.0
1704.0,872.0
1703.0,872.0
1704.0,872.0
1704.0,870.0
1706.0,869.0
1705.0,868.0
1706.0,867.0
1706.0,867.0
1704.0,866.0
1695.0,862.0
1700.0,859.0
1698.0,855.0
1703.0,858.0
1709.0,837.0
1738.0,806.0
1747.0,760.0
1771.0,713.0
1785.0,677.0
1789.0,620.0
1809.0,578.0
1807.0,543.0
1790.0,477.0
1755.0,423.0
1773.0,387.0
1766.0,329.0
1751.0,282.0
1748.0,238.0
1740.0,203.0
1732.0,173.0
1740.0,153.0
1754.0,153.0
1773.0,136.0
1780.0,112.0
1801.0,94.0
1807.0,71.0
1822.0,47.0
1849.0,9.0
1849.304347826087,11.695652173913043
1849.608695652174,14.391304347826086
1849.9130434782608,17.086956521739133
1850.2173913043478,19.782608695652172
1850.5217391304348,22.47826086956522
1850.8260869565217,25.17391304347826
1851.1304347826087,27.869565217391305
1851.4347826086957,30.565217391304348
1851.7391304347825,33.26086956521739
1852.0434782608695,35.95652173913044
1852.3478260869565,38.65217391304348
1852.6521739130435,41.34782608695652
1852.9565217391305,44.04347826086956
1853.2608695652175,46.73913043478261
1853.5652173913043,49.43478260869565
1853.8695652173913,52.130434782608695
1854.1739130434783,54.82608695652174
1854.4782608695652,57.52173913043478
1854.7826086956522,60.21739130434783
1855.0869565217392,62.91304347826087
1855.391304347826,65.6086956521739
1855.695652173913,68.30434782608695
1856.0,71.0
1860.0,70.0
1860.0,69.0
1860.0,69.0
1860.0,69.0
