x,y
1614.0,504.0
1612.0,504.0
1605.0,503.0
1602.0,501.0
1600.0,502.0
1599.0,501.0
1598.0,503.0
1596.0,504.0
1595.0,504.0
1594.0,505.0
1593.0,505.0
1593.0,504.0
1593.0,504.0
1593.0,504.0
1593.0,505.0
1592.0,504.0
1593.0,504.0
1593.0,504.0
1593.0,503.0
1593.0,504.0
1593.0,504.0
1593.0,504.0
1593.0,504.0
1593.0,504.0
1593.0,504.0
1593.0,504.0
1593.0,504.0
1593.0,504.0
1592.0,504.0
1592.0,504.0
1592.0,503.0
1591.0,502.0
1590.0,501.0
1589.0,501.0
1589.0,502.0
1589.0,502.0
1589.0,501.0
1588.0,501.0
1589.0,502.0
1588.0,502.0
1589.0,502.0
1589.0,502.0
1589.0,502.0
1587.0,500.0
1586.0,501.0
1587.0,501.0
1585.0,499.0
1583.0,498.0
1582.0,498.0
1580.0,499.0
1578.0,499.0
1577.0,500.0
1576.0,501.0
1575.0,500.0
1574.0,500.0
1573.0,498.0
1575.0,502.0
1574.0,502.0
1573.0,501.0
1573.0,501.0
1573.0,501.0
1572.0,500.0
1573.0,499.0
1572.0,500.0
1572.0,501.0
1574.0,502.0
1571.0,498.0
1570.0,498.0
1571.0,502.0
1569.0,499.0
1570.0,501.0
1569.0,501.0
1569.0,501.0
1568.0,500.0
1568.0,500.0
1568.0,500.0
1567.0,500.0
1567.0,500.0
1567.0,500.0
1566.0,500.0
1565.0,500.0
1566.0,500.0
1566.0,500.0
1566.0,500.0
1566.0,500.0
1566.0,499.0
1567.0,500.0
1567.0,499.0
1567.0,499.0
1567.0,499.0
1567.0,500.0
1567.0,500.0
1567.0,499.0
1567.0,499.0
1566.0,500.0
1563.0,501.0
1561.0,504.0
1560.0,505.0
1558.0,507.0
1557.0,507.0
