x,y
565.0,524.0
542.0,531.0
513.0,541.0
523.0,574.0
517.0,583.0
529.0,592.0
542.0,596.0
552.0,595.0
580.0,603.0
600.0,613.0
606.0,624.0
604.0,637.0
616.0,654.0
641.0,683.0
669.0,706.0
687.0,734.0
683.0,767.0
686.0,781.0
688.0,796.0
707.0,820.0
728.0,839.0
732.0,871.0
715.0,899.0
710.0,916.0
703.0,914.0
693.0,900.0
687.0,885.0
674.0,882.0
662.0,889.0
655.0,887.0
653.0,871.0
658.0,851.0
651.0,839.0
651.0,830.0
655.0,821.0
664.0,810.0
671.0,796.0
685.0,780.0
711.0,774.0
718.0,764.0
727.0,754.0
733.0,737.0
743.0,730.0
757.0,729.0
758.0,726.0
762.0,727.0
775.0,727.0
783.0,723.0
790.0,719.0
797.0,715.0
