x,y
1656.0,524.0
1656.0,523.0
1656.0,523.0
1656.0,523.0
1656.0,524.0
1657.0,524.0
1657.0,524.0
1658.0,524.0
1658.0,524.0
1658.0,524.0
1658.0,525.0
1658.0,525.0
1658.0,525.0
1658.0,525.0
1659.0,525.0
1658.0,525.0
1660.0,525.0
1660.0,524.0
1660.0,524.0
1661.0,524.0
1661.0,524.0
1661.0,524.0
1661.0,524.0
1661.0,524.0
1661.0,524.0
1661.0,524.0
1661.0,524.0
1661.0,524.0
1661.0,524.0
1661.0,524.0
1660.0,523.0
1660.0,524.0
1660.0,524.0
1661.0,524.0
1659.0,527.0
1659.0,527.0
1661.0,527.0
1665.0,525.0
1666.0,526.0
1667.0,527.0
1667.0,528.0
1667.0,529.0
1667.0,529.0
1667.0,529.0
1667.0,529.0
1667.0,529.0
1667.0,529.0
1667.0,529.0
1668.0,530.0
1667.0,531.0
1667.0,531.0
1669.0,531.0
1669.0,531.0
1666.0,532.0
1667.0,532.0
1667.0,532.0
1667.0,532.0
1667.0,532.0
1667.0,532.0
1667.0,532.0
1667.0,532.0
1669.0,531.0
1669.0,531.0
1669.0,531.0
1669.0,531.0
1669.0,531.0
1670.0,533.0
1667.0,535.0
1670.0,536.0
1669.0,537.0
1670.0,537.0
1670.0,538.0
1670.0,538.0
1668.0,537.0
1668.0,538.0
1668.0,538.0
1669.0,538.0
1670.0,538.0
1670.0,537.0
1669.0,537.0
1666.0,538.0
1667.0,538.0
1667.0,538.0
1667.0,539.0
1667.0,539.0
1666.0,538.0
1667.0,538.0
1667.0,538.0
1669.0,538.0
1666.0,538.0
1666.0,538.0
1666.0,538.0
1669.0,539.0
1667.0,538.0
1669.0,539.0
1667.0,538.0
1669.0,539.0
1667.0,539.0
1667.0,539.0
1668.0,540.0
