x,y
454.0,616.0
454.0,617.0
454.0,615.0
454.0,616.0
454.0,616.0
454.0,615.0
454.0,615.0
454.0,615.0
454.0,615.0
454.0,615.0
453.0,615.0
454.0,615.0
454.0,615.0
454.0,615.0
454.0,615.0
454.0,615.0
454.0,615.0
453.0,614.0
453.0,614.0
453.0,614.0
453.0,614.0
454.0,614.0
454.0,614.0
454.0,614.0
453.0,614.0
453.0,615.0
454.0,616.0
454.0,616.0
453.0,616.0
453.0,615.0
454.0,615.0
454.0,616.0
452.0,615.0
454.0,616.0
455.0,617.0
455.0,617.0
455.0,617.0
455.0,617.0
455.0,618.0
455.0,618.0
455.0,618.0
455.0,618.0
455.0,618.0
456.0,618.0
456.0,618.0
456.0,619.0
455.0,620.0
455.0,621.0
455.0,622.0
455.0,622.0
454.0,622.0
454.0,623.0
456.0,622.0
455.0,623.0
454.0,623.0
454.0,624.0
455.0,622.0
454.0,624.0
454.0,624.0
454.0,624.0
453.0,623.0
453.0,623.0
454.0,623.0
454.0,624.0
454.0,624.0
454.0,624.0
455.0,625.0
455.0,625.0
455.0,625.0
455.0,625.0
455.0,625.0
455.0,625.0
454.0,625.0
455.0,626.0
455.0,625.0
455.0,625.0
455.0,625.0
455.0,625.0
456.0,624.0
455.0,624.0
456.0,624.0
456.0,624.0
456.0,624.0
456.0,623.0
457.0,624.0
457.0,622.0
457.0,623.0
457.0,623.0
457.0,623.0
457.0,623.0
456.0,623.0
456.0,623.0
457.0,623.0
458.0,625.0
456.0,625.0
456.0,627.0
456.0,626.0
456.0,626.0
456.0,624.0
456.0,625.0
