x,y
1637.0,500.0
1637.0,499.0
1636.0,500.0
1634.0,501.0
1635.0,502.0
1636.0,504.0
1636.0,505.0
1636.0,506.0
1636.0,507.0
1636.0,507.0
1636.0,506.0
1635.0,504.0
1635.0,504.0
1635.0,504.0
1635.0,504.0
1636.0,504.0
1635.0,504.0
1634.0,503.0
1634.0,503.0
1634.0,504.0
1634.0,505.0
1634.0,505.0
1634.0,505.0
1634.0,505.0
1633.0,505.0
1633.0,505.0
1633.0,505.0
1634.0,504.0
1634.0,504.0
1635.0,505.0
1635.0,505.0
1635.0,504.0
1635.0,504.0
1635.0,504.0
1633.0,503.0
1635.0,505.0
1634.0,505.0
1634.0,505.0
1634.0,505.0
1633.0,505.0
1634.0,505.0
1633.0,505.0
1633.0,505.0
1633.0,504.0
1633.0,504.0
1633.0,504.0
1633.0,505.0
1633.0,505.0
1633.0,505.0
1633.0,505.0
1633.0,505.0
1633.0,505.0
1633.0,506.0
1631.0,507.0
1630.0,507.0
1630.0,507.0
1630.0,508.0
1630.0,508.0
1630.0,508.0
1629.0,508.0
1629.0,509.0
1629.0,508.0
1630.0,507.0
1630.0,507.0
1630.0,507.0
1629.0,507.0
1629.0,508.0
1629.0,509.0
1626.0,511.0
1626.0,511.0
1625.0,512.0
1624.0,512.0
1624.0,513.0
1623.0,513.0
1623.0,513.0
1623.0,514.0
1622.0,514.0
1623.0,514.0
1623.0,514.0
1622.0,514.0
1623.0,514.0
1623.0,513.0
1624.0,511.0
1624.0,512.0
1624.0,511.0
1625.0,511.0
1624.0,510.0
1625.0,511.0
1625.0,511.0
1624.0,511.0
1626.0,509.0
1625.0,509.0
1625.0,514.0
1627.0,514.0
1628.0,513.0
1628.0,513.0
1627.0,515.0
1628.0,516.0
1630.0,516.0
1631.0,515.0
