x,y
1770.0,987.0
1720.0,954.0
1677.0,915.0
1637.0,889.0
1596.0,873.0
1590.0,837.0
1569.0,815.0
1555.0,795.0
1541.0,782.0
1536.0,774.0
1529.0,766.0
1524.0,764.0
1522.0,766.0
1518.0,767.0
1513.0,774.0
1507.0,772.0
1504.0,771.0
1502.0,772.0
1506.0,775.0
1499.0,772.0
1493.0,772.0
1491.0,772.0
1493.0,772.0
1492.0,770.0
1493.0,772.0
1493.0,769.0
1492.0,774.0
1495.0,774.0
1491.0,772.0
1492.0,778.0
1493.0,776.0
1492.0,774.0
1491.0,774.0
1491.0,773.0
1492.0,774.0
1491.0,774.0
1492.0,773.0
1491.0,773.0
1491.0,773.0
1490.0,773.0
1489.0,774.0
1487.0,775.0
1487.0,775.0
1489.0,775.0
1489.0,776.0
1487.0,775.0
1487.0,774.0
1488.0,773.0
1486.0,775.0
1486.0,774.0
1487.0,774.0
1487.0,775.0
1485.0,775.0
1485.0,773.0
1482.0,776.0
1482.0,776.0
1481.0,776.0
1482.0,775.0
1481.0,777.0
1481.0,777.0
1481.0,776.0
1479.0,775.0
1481.0,775.0
1482.0,776.0
1481.0,775.0
1478.0,777.0
1476.0,776.0
1474.0,774.0
1472.0,774.0
1472.0,776.0
1472.0,775.0
1471.0,775.0
1470.0,774.0
1471.0,773.0
1470.0,773.0
1470.0,773.0
1470.0,773.0
1470.0,773.0
1469.0,773.0
1469.0,773.0
1469.0,773.0
1469.0,773.0
1469.0,773.0
1470.0,772.0
1468.0,772.0
1468.0,771.0
1469.0,770.0
1472.0,769.0
1473.0,768.0
1472.0,767.0
1473.0,766.0
1472.0,766.0
1472.0,765.0
1473.0,766.0
1473.0,764.0
1473.0,764.0
1473.0,765.0
1473.0,765.0
1472.0,765.0
1471.0,765.0
