x,y
1314.0,901.0
1314.0,901.0
1314.0,902.0
1315.0,901.0
1315.0,901.0
1315.0,900.0
1315.0,900.0
1315.0,900.0
1315.0,900.0
1315.0,900.0
1315.0,900.0
1314.0,901.0
1314.0,901.0
1314.0,901.0
1314.0,901.0
1313.0,900.0
1314.0,901.0
1316.0,901.0
1314.0,898.0
1315.0,898.0
1315.0,900.0
1315.0,898.0
1315.0,898.0
1315.0,898.0
1315.0,897.0
1313.0,899.0
1313.0,899.0
1313.0,897.0
1312.0,895.0
1314.0,893.0
1314.0,893.0
1313.0,896.0
1312.0,896.0
1312.0,894.0
1312.0,892.0
1311.0,891.0
1311.0,891.0
1310.0,892.0
1308.0,891.0
1309.0,891.0
1309.0,890.0
1309.0,890.0
1308.0,890.0
1308.0,889.0
1307.0,889.0
1305.0,894.0
1305.0,894.0
1306.0,887.0
1304.0,894.0
1304.0,894.0
1304.0,894.0
1304.0,895.0
1304.0,894.0
1304.0,894.0
1301.0,888.0
1304.0,894.0
1301.0,887.0
1304.0,893.0
1300.0,888.0
1304.0,894.0
1303.0,893.0
1303.0,893.0
1300.0,888.0
1300.0,888.0
1300.0,888.0
1300.0,887.0
1300.0,888.0
1300.0,888.0
1300.0,888.0
1303.0,893.0
1303.0,893.0
1300.0,887.0
1300.0,887.0
1300.0,888.0
1300.0,889.0
1298.0,889.0
1298.0,888.0
1297.0,888.0
1296.0,888.0
1295.0,890.0
1295.0,891.0
1295.0,889.0
1295.0,891.0
1295.0,891.0
1295.0,891.0
1295.0,891.0
1295.0,890.0
1295.0,890.0
1295.0,890.0
1294.0,891.0
1294.0,892.0
1294.0,892.0
1295.0,893.0
1295.0,893.0
1296.0,894.0
1296.0,895.0
1296.0,896.0
1297.0,896.0
1297.0,896.0
1297.0,896.0
