x,y
752.0,571.0
752.0,574.0
753.0,576.0
754.0,575.0
752.0,574.0
755.0,574.0
760.0,578.0
766.0,579.0
770.0,575.0
760.0,583.0
755.0,587.0
766.0,598.0
763.0,619.0
769.0,638.0
769.0,662.0
764.0,680.0
765.0,711.0
754.0,743.0
747.0,780.0
734.0,810.0
718.0,850.0
702.0,892.0
691.0,921.0
678.0,939.0
667.0,941.0
647.0,937.0
639.0,928.0
646.0,924.0
663.0,918.0
693.0,927.0
725.0,935.0
764.0,940.0
795.0,965.0
823.0,966.0
835.0,965.0
841.0,966.0
834.0,957.0
829.0,946.0
828.0,933.0
815.0,925.0
822.0,929.0
826.0,933.0
820.0,930.0
826.0,926.0
820.0,924.0
827.0,923.0
829.0,920.0
833.0,921.0
827.0,917.0
831.0,916.0
832.0,915.0
831.0,915.0
831.0,915.0
833.0,916.0
832.0,914.0
832.0,914.0
831.0,913.0
829.0,913.0
828.0,914.0
828.0,914.0
832.0,915.0
830.0,915.0
832.0,915.0
830.0,915.0
830.0,914.0
830.0,914.0
828.0,914.0
829.0,912.0
828.0,914.0
829.0,913.0
829.0,914.0
829.0,914.0
831.0,914.0
829.0,914.0
829.0,917.0
829.0,920.0
827.0,916.0
826.0,919.0
828.0,931.0
826.0,953.0
837.0,998.0
838.0,1059.0
