x,y
1179.0,153.0
1180.0,156.0
1181.0,165.0
1188.0,167.0
1205.0,174.0
1219.0,184.0
1235.0,193.0
1235.0,210.0
1244.0,218.0
1250.0,216.0
1249.0,217.0
1244.0,225.0
1243.0,237.0
1230.0,251.0
1205.0,251.0
1179.0,264.0
1152.0,265.0
1118.0,281.0
1094.0,303.0
1074.0,346.0
1048.0,392.0
1029.0,439.0
985.0,470.0
942.0,505.0
896.0,534.0
859.0,567.0
831.0,596.0
815.0,642.0
807.0,687.0
800.0,718.0
804.0,762.0
799.0,804.0
789.0,859.0
785.0,919.0
768.0,976.0
746.0,1016.0
715.0,1037.0
700.0,1030.0
668.0,1009.0
646.0,998.0
611.0,979.0
567.0,990.0
510.0,1016.0
455.0,1061.0
