x,y
415.0,587.0
410.0,583.0
410.0,582.0
410.0,583.0
409.0,582.0
409.0,582.0
408.0,582.0
408.0,582.0
413.0,576.0
413.0,579.0
411.0,578.0
411.0,575.0
412.0,577.0
411.0,575.0
409.0,574.0
410.0,577.0
409.0,574.0
410.0,573.0
410.0,574.0
409.0,573.0
410.0,574.0
410.0,574.0
409.0,574.0
408.0,574.0
408.0,574.0
408.0,573.0
407.0,573.0
406.0,572.0
404.0,572.0
405.0,570.0
405.0,570.0
405.0,570.0
405.0,570.0
406.0,571.0
406.0,571.0
407.0,571.0
408.0,571.0
407.0,570.0
404.0,571.0
405.0,572.0
403.0,573.0
403.0,574.0
403.0,574.0
402.0,572.0
403.0,574.0
403.0,572.0
403.0,571.0
403.0,571.0
403.0,571.0
403.0,572.0
404.0,571.0
404.0,571.0
404.0,571.0
404.0,570.0
404.0,570.0
405.0,570.0
405.0,569.0
405.0,568.0
406.0,568.0
406.0,568.0
406.0,562.0
404.0,559.0
404.0,559.0
404.0,559.0
404.0,558.0
409.0,568.0
409.0,567.0
410.0,568.0
411.0,567.0
413.0,567.0
412.0,567.0
411.0,569.0
410.0,569.0
411.0,569.0
412.0,569.0
412.0,569.0
412.0,570.0
412.0,570.0
411.0,569.0
409.0,570.0
412.0,570.0
410.0,570.0
411.0,570.0
410.0,570.0
411.0,571.0
411.0,571.0
411.0,571.0
410.0,569.0
410.0,570.0
409.0,570.0
409.0,571.0
410.0,571.0
410.0,571.0
410.0,572.0
408.0,571.0
409.0,572.0
409.0,571.0
408.0,572.0
409.0,571.0
408.0,572.0
