x,y
456.0,556.0
455.0,560.0
457.0,579.0
452.0,581.0
451.0,597.0
455.0,598.0
452.0,606.0
448.0,608.0
447.0,615.0
447.0,610.0
447.0,615.0
443.0,620.0
443.0,625.0
442.0,642.0
443.0,637.0
418.0,668.0
427.0,671.0
432.0,670.0
449.0,675.0
451.0,642.0
451.0,642.0
453.0,631.0
457.0,634.0
459.0,641.0
460.0,644.0
453.0,681.0
442.0,681.0
435.0,689.0
438.0,693.0
434.0,702.0
439.0,703.0
439.0,699.0
440.0,687.0
456.0,685.0
460.0,689.0
463.0,693.0
462.0,694.0
462.0,706.0
442.0,711.0
442.0,722.0
447.0,726.0
448.0,725.0
467.0,721.0
481.0,719.0
493.0,713.0
507.0,714.0
519.0,699.0
535.0,694.0
556.0,680.0
566.0,672.0
591.0,660.0
622.0,643.0
659.0,624.0
695.0,598.0
735.0,584.0
772.0,561.0
808.0,542.0
842.0,517.0
873.0,517.0
908.0,510.0
926.0,519.0
944.0,510.0
965.0,521.0
954.0,531.0
957.0,533.0
962.0,552.0
965.0,556.0
967.0,557.0
967.0,554.0
967.0,553.0
968.0,558.0
969.0,555.0
969.0,556.0
969.0,555.0
969.0,555.0
969.0,554.0
969.0,553.0
969.0,554.0
969.0,552.0
963.0,555.0
962.0,555.0
970.0,549.0
970.0,549.0
970.0,549.0
969.0,549.0
969.0,549.0
969.0,550.0
971.0,550.0
970.0,550.0
971.0,550.0
971.0,550.0
970.0,550.0
971.0,550.0
971.0,550.0
968.0,553.0
971.0,550.0
971.0,551.0
971.0,551.0
971.0,551.0
972.0,550.0
