x,y
724.0,786.0
723.0,785.0
723.0,785.0
723.0,785.0
723.0,785.0
723.0,786.0
723.0,786.0
722.0,785.0
722.0,785.0
722.0,786.0
721.0,786.0
721.0,786.0
721.0,786.0
720.0,786.0
720.0,786.0
720.0,786.0
720.0,786.0
720.0,785.0
719.0,786.0
719.0,786.0
719.0,786.0
719.0,786.0
719.0,786.0
719.0,786.0
719.0,786.0
719.0,786.0
719.0,786.0
719.0,786.0
719.0,786.0
719.0,786.0
719.0,785.0
719.0,785.0
719.0,785.0
719.0,785.0
719.0,785.0
719.0,785.0
719.0,785.0
719.0,786.0
719.0,786.0
719.0,786.0
718.0,786.0
718.0,786.0
717.0,785.0
717.0,786.0
717.0,786.0
717.0,786.0
716.0,785.0
716.0,785.0
716.0,785.0
717.0,786.0
717.0,786.0
716.0,786.0
716.0,786.0
716.0,786.0
715.0,785.0
715.0,785.0
715.0,785.0
716.0,786.0
716.0,786.0
715.0,786.0
715.0,787.0
715.0,787.0
715.0,787.0
715.0,787.0
714.0,787.0
714.0,786.0
714.0,785.0
714.0,785.0
715.0,785.0
715.0,785.0
715.0,785.0
716.0,785.0
716.0,785.0
716.0,785.0
716.0,785.0
716.0,785.0
716.0,784.0
715.0,785.0
715.0,785.0
716.0,785.0
716.0,785.0
715.0,785.0
716.0,784.0
716.0,784.0
715.0,784.0
714.0,784.0
714.0,784.0
714.0,784.0
715.0,784.0
714.0,783.0
714.0,783.0
715.0,784.0
715.0,784.0
715.0,784.0
714.0,784.0
714.0,784.0
713.0,784.0
713.0,784.0
713.0,784.0
712.0,784.0
