x,y
775.0,965.0
775.0,965.0
775.0,965.0
775.0,965.0
775.0,965.0
775.0,965.0
775.0,965.0
775.0,965.0
775.0,965.0
775.0,965.0
775.0,965.0
775.0,965.0
775.0,965.0
775.0,965.0
775.0,965.0
775.0,965.0
775.0,965.0
775.0,965.0
775.0,965.0
775.0,965.0
775.0,965.0
775.0,965.0
775.0,966.0
773.0,966.0
773.0,966.0
773.0,966.0
774.0,966.0
772.0,966.0
772.0,966.0
773.0,966.0
773.0,966.0
772.0,966.0
773.0,966.0
773.0,965.0
773.0,965.0
773.0,965.0
774.0,965.0
775.0,964.0
775.0,964.0
778.0,963.0
778.0,962.0
778.0,960.0
