x,y
974.0,789.0
972.0,789.0
973.0,787.0
971.0,787.0
971.0,785.0
969.0,784.0
968.0,782.0
967.2,782.6
966.4,783.2
965.6,783.8
964.8,784.4
964.0,785.0
959.0,786.0
955.0,788.0
960.0,789.0
960.0,794.0
960.0,792.0
961.0,792.0
962.0,792.0
961.0,791.0
961.0,790.0
961.0,790.0
961.0,789.0
960.0,789.0
961.0,788.0
961.0,788.0
960.0,788.0
961.0,788.0
961.0,788.0
962.0,792.0
961.0,788.0
960.0,788.0
960.0,788.0
960.0,789.0
960.0,789.0
960.0,788.0
960.0,789.0
960.0,790.0
959.0,790.0
960.0,790.0
961.0,791.0
960.0,792.0
960.0,793.0
960.0,792.0
961.0,792.0
960.0,792.0
960.0,792.0
960.0,793.0
961.0,792.0
961.0,791.0
961.0,791.0
961.0,790.0
961.0,789.0
961.0,789.0
962.0,793.0
960.0,789.0
960.0,789.0
960.0,790.0
962.0,795.0
960.0,792.0
960.0,794.0
961.0,794.0
961.0,793.25
961.0,792.5
961.0,791.75
961.0,791.0
961.0,789.0
962.0,787.0
961.8,787.4
961.6,787.8
961.4,788.2
961.2,788.6
961.0,789.0
963.0,794.0
961.0,791.0
961.0,792.0
961.0,792.0
963.0,795.0
963.0,795.0
962.0,793.0
962.0,793.0
962.0,792.0
961.0,789.0
961.0,789.0
960.0,790.0
960.0,790.0
960.0,791.0
960.0,791.0
960.0,791.0
960.0,791.0
961.0,791.0
961.0,790.0
962.0,793.0
963.0,793.0
962.0,793.0
960.0,791.0
960.0,790.0
959.0,792.0
958.0,794.0
958.0,794.0
