x,y
701.0,778.0
701.0,778.0
702.0,778.0
702.0,778.0
702.0,778.0
702.0,778.0
701.0,778.0
701.0,776.0
701.0,775.0
701.0,777.0
701.0,778.0
700.0,778.0
701.0,778.0
700.0,778.0
700.0,778.0
700.0,778.0
700.0,778.0
700.0,778.0
700.0,778.0
700.0,778.0
700.0,779.0
699.0,778.0
699.0,779.0
698.0,777.0
699.0,779.0
699.0,781.0
699.0,778.0
699.0,779.0
699.0,778.0
699.0,778.0
699.0,778.0
699.0,779.0
699.0,780.0
699.0,779.0
699.0,779.0
699.0,779.0
699.0,778.0
699.0,778.0
697.0,775.0
700.0,779.0
699.0,778.0
699.0,779.0
699.0,778.0
700.0,779.0
697.0,775.0
698.0,773.0
698.0,773.0
700.0,779.0
698.0,775.0
699.0,780.0
699.0,780.0
699.0,779.0
714.0,778.0
713.0,778.0
712.0,778.0
712.0,778.0
698.0,774.0
698.0,774.0
699.0,775.0
698.0,775.0
698.0,777.0
699.0,775.0
700.0,775.0
700.0,774.0
700.0,774.0
700.0,773.0
699.0,774.0
712.0,777.0
712.0,778.0
712.0,778.0
712.0,777.0
712.0,778.0
712.0,777.0
712.0,778.0
712.0,778.0
712.0,778.0
712.0,778.0
710.0,778.0
710.0,776.0
710.0,776.0
710.0,776.0
710.0,776.0
710.0,776.0
710.0,776.0
710.0,776.0
710.0,776.0
709.0,776.0
710.0,776.0
710.0,776.0
710.0,776.0
709.0,776.0
709.0,776.0
710.0,776.0
710.0,776.0
710.0,776.0
710.0,776.0
710.0,776.0
710.0,776.0
709.0,776.0
708.0,776.0
