x,y
728.0,782.0
728.0,782.0
728.0,782.0
727.0,782.0
728.0,783.0
728.0,783.0
728.0,783.0
727.0,782.0
727.0,782.0
728.0,783.0
728.0,782.0
728.0,783.0
728.0,782.0
728.0,782.0
728.0,783.0
727.0,782.0
727.0,781.0
727.0,781.0
727.0,781.0
728.0,782.0
728.0,782.0
729.0,782.0
728.0,781.0
729.0,781.0
729.0,782.0
729.0,781.0
729.0,781.0
729.0,781.0
729.0,781.0
729.0,782.0
729.0,783.0
728.0,783.0
728.0,782.0
727.0,783.0
723.0,786.0
726.0,783.0
726.0,783.0
726.0,784.0
725.0,784.0
725.0,783.0
725.0,783.0
725.0,783.0
725.0,783.0
724.0,783.0
726.0,784.0
725.0,784.0
725.0,784.0
724.0,784.0
725.0,784.0
725.0,784.0
725.0,784.0
725.0,785.0
724.0,785.0
724.0,785.0
724.0,784.0
725.0,784.0
724.0,784.0
724.0,784.0
725.0,784.0
725.0,784.0
725.0,785.0
725.0,785.0
725.0,784.0
725.0,785.0
725.0,785.0
725.0,785.0
725.0,785.0
725.0,785.0
725.0,784.0
725.0,784.0
725.0,784.0
725.0,784.0
724.0,784.0
725.0,784.0
724.0,784.0
724.0,784.0
725.0,784.0
724.0,784.0
724.0,784.0
724.0,783.0
724.0,784.0
723.0,783.0
724.0,784.0
724.0,784.0
724.0,784.0
723.0,783.0
723.0,783.0
724.0,784.0
723.0,783.0
724.0,784.0
723.0,783.0
723.0,783.0
723.0,783.0
723.0,783.0
723.0,783.0
723.0,783.0
725.0,785.0
724.0,784.0
724.0,785.0
723.0,785.0
