x,y
1394.0,493.0
1320.0,466.0
1235.0,427.0
1141.0,377.0
1044.0,334.0
944.0,310.0
832.0,286.0
727.0,279.0
626.0,278.0
538.0,284.0
458.0,303.0
410.0,314.0
377.0,318.0
363.0,320.0
362.0,310.0
364.0,291.0
365.0,272.0
365.0,275.0
370.0,284.0
373.0,300.0
368.0,318.0
357.0,338.0
344.0,361.0
340.0,387.0
321.0,405.0
315.0,420.0
305.0,432.0
305.0,435.0
302.0,427.0
298.0,430.0
304.0,434.0
315.0,441.0
310.0,438.0
304.0,445.0
306.0,445.0
303.0,450.0
305.0,459.0
300.0,447.0
289.0,434.0
315.0,465.0
313.0,463.0
314.0,464.0
315.0,465.0
315.0,465.0
314.0,463.0
314.0,463.0
312.0,464.0
304.0,462.0
294.0,455.0
293.0,453.0
302.0,452.0
311.0,462.0
312.0,464.0
312.0,464.0
312.0,465.0
312.0,465.0
311.0,465.0
310.0,465.0
310.0,464.0
311.0,465.0
310.0,465.0
309.0,459.0
310.0,456.0
311.0,463.0
306.0,450.0
307.0,448.0
307.0,452.0
306.0,459.0
305.0,460.0
304.0,459.0
304.0,461.0
305.0,460.0
305.0,460.0
304.0,461.0
305.0,460.0
306.0,461.0
306.0,467.0
306.0,458.0
306.0,460.0
306.0,461.0
305.0,461.0
305.0,461.0
305.0,460.0
305.0,460.0
305.0,461.0
305.0,459.0
305.0,458.0
306.0,453.0
307.0,454.0
306.0,461.0
306.0,461.0
305.0,461.0
305.0,461.0
305.0,461.0
305.0,460.0
305.0,461.0
306.0,461.0
306.0,460.0
306.0,460.0
306.0,460.0
