x,y
306.0,460.0
306.0,460.0
306.0,460.0
305.0,461.0
305.0,461.0
305.0,461.0
305.0,461.0
305.0,461.0
306.0,460.0
306.0,461.0
306.0,461.0
307.0,460.0
306.0,460.0
306.0,460.0
306.0,460.0
306.0,460.0
306.0,461.0
305.0,461.0
306.0,461.0
306.0,461.0
306.0,461.0
306.0,461.0
306.0,461.0
307.0,460.0
306.0,460.0
307.0,461.0
306.0,460.0
306.0,460.0
306.0,461.0
306.0,461.0
306.0,461.0
306.0,462.0
306.0,461.0
307.0,461.0
306.0,461.0
306.0,461.0
306.0,461.0
306.0,461.0
306.0,460.0
306.0,460.0
306.0,461.0
306.0,459.0
306.0,460.0
306.0,461.0
285.0,492.0
286.0,493.0
286.0,492.0
286.0,493.0
286.0,492.0
286.0,492.0
286.0,494.0
285.0,492.0
285.0,493.0
285.0,491.0
285.0,492.0
285.0,493.0
284.0,494.0
285.0,493.0
286.0,494.0
285.0,494.0
285.0,495.0
284.0,495.0
283.0,494.0
283.0,495.0
283.0,495.0
283.0,495.0
283.0,494.0
284.0,493.0
283.0,494.0
284.0,497.0
283.0,493.0
283.0,497.0
283.0,497.0
283.0,497.0
283.0,498.0
284.0,497.0
281.0,498.0
282.0,498.0
281.0,498.0
279.0,499.0
281.0,499.0
278.0,500.0
280.0,499.0
277.0,499.0
277.0,499.0
277.0,500.0
278.0,499.0
279.0,499.0
278.0,500.0
278.0,500.0
279.0,499.0
278.0,500.0
278.0,500.0
277.0,501.0
276.0,499.0
275.0,500.0
275.0,500.0
276.0,500.0
276.0,500.0
275.0,500.0
