x,y
1317.0,540.0
1316.0,540.0
1308.0,539.0
1308.0,540.0
1307.0,541.0
1307.0,541.0
1306.0,541.0
1307.0,542.0
1307.0,544.0
1308.0,543.0
1307.0,544.0
1311.0,547.0
1322.0,548.0
1303.0,546.0
1301.0,544.0
1302.0,545.0
1304.0,544.0
1300.0,543.0
1302.0,542.0
1302.0,542.0
1300.0,542.0
1300.0,539.0
1302.0,540.0
1300.0,540.0
1300.0,541.0
1301.0,542.0
1301.0,543.0
1301.0,543.0
1301.0,543.0
1301.0,543.0
1302.0,543.0
1304.0,543.0
1302.0,542.0
1302.0,542.0
1302.0,542.0
1302.0,542.0
1302.0,541.0
1302.0,541.0
1301.0,540.0
1303.0,540.0
1302.0,538.0
1302.0,537.0
1302.0,537.0
1302.0,537.0
1302.0,537.0
1302.0,536.0
1302.0,535.0
1302.0,535.0
1301.0,536.0
1302.0,536.0
1302.0,537.0
1302.0,537.0
1301.0,537.0
1306.0,542.0
1306.0,543.0
1308.0,541.0
1303.0,535.0
1308.0,539.0
1317.0,542.0
1315.0,543.0
1315.0,542.0
1315.0,543.0
1315.0,542.0
1315.0,542.0
1315.0,542.0
1315.0,543.0
1315.0,542.0
1315.0,542.0
1315.0,543.0
1314.0,544.0
1309.0,544.0
1309.0,544.0
1308.0,534.0
1308.0,535.0
1308.0,534.0
1308.0,534.0
1307.0,533.0
1309.0,532.0
1309.0,532.0
1309.0,532.0
1308.0,532.0
1309.0,532.0
1309.0,532.0
1309.0,532.0
1308.0,532.0
1308.0,532.0
1308.0,531.0
1308.0,531.0
1308.0,531.0
1308.0,531.0
1308.0,532.0
1306.0,533.0
1305.0,524.0
1307.0,534.0
1306.0,534.0
1307.0,533.0
1307.0,532.0
1308.0,531.0
1308.0,531.0
1310.0,531.0
