x,y
956.0,785.0
956.0,786.0
956.0,786.0
957.0,787.0
956.0,787.0
957.0,787.0
957.0,786.0
957.0,785.0
957.0,784.0
958.0,782.0
956.75,780.0
955.5,778.0
954.25,776.0
953.0,774.0
955.0,779.0
955.0,778.0
956.0,784.0
955.0,785.0
955.0,785.0
956.0,785.0
957.0,784.0
955.0,777.0
953.0,777.0
953.0,778.0
952.0,779.0
953.0,780.0
953.0,783.0
951.0,782.0
953.0,786.0
955.0,786.0
947.0,781.0
948.0,781.0
948.0,780.0
948.0,781.0
948.0,782.0
955.0,787.0
953.0,788.0
953.0,789.0
952.0,790.0
950.0,791.0
948.0,792.0
946.0,793.0
946.0,792.0
945.0,792.0
944.0,791.0
943.0,789.0
944.0,787.0
944.0,788.0
942.0,793.0
939.0,790.0
931.0,789.0
922.0,793.0
899.0,805.0
876.0,821.0
848.0,837.0
824.0,839.0
803.0,843.0
783.0,833.0
762.0,813.0
744.0,796.0
719.0,783.0
705.0,771.0
687.0,762.0
672.0,766.0
649.0,760.0
646.0,760.0
639.0,761.0
656.0,748.0
643.0,732.0
626.0,700.0
602.0,668.0
