x,y
852.0,116.0
682.0,131.0
525.0,146.0
401.0,106.0
314.0,112.0
282.0,140.0
282.0,156.0
304.0,160.0
333.0,159.0
379.0,158.0
424.0,173.0
456.0,203.0
494.0,226.0
536.0,232.0
574.0,225.0
602.0,218.0
625.0,198.0
651.0,185.0
663.0,161.0
663.0,138.0
656.0,124.0
650.0,105.0
641.0,105.0
640.0,93.0
616.0,118.0
605.0,138.0
592.0,167.0
585.0,183.0
588.0,194.0
602.0,205.0
612.0,220.0
618.0,232.0
627.0,232.0
632.0,239.0
631.0,241.0
634.0,234.0
628.0,239.0
626.0,241.0
609.0,235.0
594.0,223.0
574.0,202.0
557.0,185.0
544.0,168.0
520.0,135.0
471.0,106.0
409.0,83.0
344.0,41.0
268.0,6.0
