x,y
1822.0,206.0
1708.0,234.0
1599.0,240.0
1513.0,260.0
1421.0,253.0
1332.0,241.0
1269.0,239.0
1235.0,237.0
1228.0,236.0
1233.0,236.0
1247.0,254.0
1263.0,266.0
1271.0,279.0
1279.0,286.0
1274.0,292.0
1274.0,295.0
1272.0,295.0
1268.0,299.0
1269.0,304.0
1267.0,303.0
1264.0,305.0
1262.0,302.0
1261.0,304.0
1263.0,303.0
1253.0,310.0
1264.0,305.0
1263.0,306.0
1259.0,315.0
1264.0,309.0
1259.0,316.0
1262.0,310.0
1262.0,309.0
1257.0,313.0
1258.0,315.0
1259.0,315.0
1259.0,315.0
1260.0,314.0
1264.0,308.0
1259.0,314.0
1259.0,314.0
1258.0,315.0
1258.0,315.0
1259.0,315.0
1259.0,315.0
1260.0,315.0
1259.0,315.0
1259.0,316.0
1259.0,317.0
1255.0,313.0
1261.0,317.0
1261.0,317.0
1262.0,317.0
1262.0,317.0
1262.0,317.0
1256.0,315.0
1257.0,314.0
1263.0,318.0
1257.0,316.0
1257.0,318.0
1258.0,319.0
1258.0,319.0
1258.0,318.0
1259.0,318.0
1259.0,317.0
1259.0,318.0
1259.0,319.0
1258.0,318.0
1256.0,318.0
1261.0,321.0
1260.0,320.0
1260.0,320.0
1259.0,320.0
1259.0,320.0
1259.0,320.0
1259.0,320.0
1259.0,320.0
1259.0,320.0
1257.0,320.0
1257.0,320.0
1257.0,319.0
1257.0,320.0
1256.0,320.0
1255.0,319.0
1254.0,318.0
1254.0,317.0
1254.0,317.0
1254.0,316.0
1257.0,318.0
1259.0,318.0
1263.0,314.0
1257.0,321.0
1255.0,324.0
1256.0,325.0
1256.0,326.0
1256.0,328.0
1253.0,324.0
1252.0,325.0
1252.0,326.0
1252.0,326.0
1253.0,324.0
