x,y
1209.0,533.0
1209.0,532.0
1209.0,532.0
1209.0,532.0
1209.0,532.0
1209.0,532.0
1209.0,532.0
1209.0,531.0
1209.0,531.0
1208.0,530.0
1208.0,530.0
1208.0,529.0
1208.0,527.0
1207.0,526.0
1206.0,526.0
1207.0,525.0
1207.0,525.0
1207.0,524.0
1207.0,522.0
1208.0,522.0
1207.0,520.0
1208.0,520.0
1209.0,519.0
1210.0,520.0
1210.0,519.0
1210.0,520.0
1210.0,519.0
1211.0,519.0
1210.0,519.0
1209.0,519.0
1209.0,519.0
1209.0,518.0
1209.0,518.0
1208.0,518.0
1208.0,518.0
1209.0,518.0
1209.0,518.0
1209.0,517.0
1209.0,517.0
1209.0,517.0
1209.0,517.0
1208.0,516.0
1210.0,516.0
1209.0,515.0
1210.0,515.0
1209.0,514.0
1211.0,513.0
1212.0,513.0
1210.0,511.0
1210.0,510.0
1210.0,510.0
1209.0,509.0
1211.0,509.0
1210.0,509.0
1211.0,509.0
1212.0,509.0
1212.0,510.0
1211.0,510.0
1214.0,511.0
1214.0,511.0
1215.0,511.0
1215.0,512.0
1215.0,512.0
1215.0,512.0
1216.0,513.0
1215.0,512.0
1215.0,511.0
1216.0,511.0
1209.0,513.0
1215.0,510.0
1215.0,509.0
1215.0,509.0
1215.0,509.0
1215.0,510.0
1210.0,513.0
1215.0,510.0
1214.0,509.0
1210.0,513.0
1210.0,513.0
1215.0,510.0
1210.0,513.0
1211.0,513.0
1214.0,510.0
1215.0,510.0
1214.0,510.0
1214.0,509.0
1215.0,509.0
1214.0,507.0
1213.0,507.0
1215.0,506.0
1214.0,504.0
1216.0,505.0
1217.0,505.0
1215.0,504.0
1217.0,505.0
1219.0,506.0
1219.0,505.0
1219.0,506.0
1219.0,506.0
1219.0,506.0
