x,y
1112.0,1024.0
1099.0,993.0
1080.0,976.0
1065.0,977.0
1053.0,983.0
1042.0,995.0
1038.0,1008.0
1024.0,1014.0
1009.0,1016.0
996.0,1019.0
1000.0,1017.0
1006.0,1018.0
1008.0,1025.0
997.0,1039.0
998.0,1047.0
988.0,1048.0
981.0,1039.0
954.0,1017.0
932.0,980.0
909.0,954.0
879.0,934.0
855.0,918.0
830.0,906.0
823.0,897.0
815.0,891.0
817.0,870.0
808.0,863.0
809.0,861.0
809.0,859.0
811.0,858.0
812.0,857.0
810.0,857.0
810.0,857.0
811.0,856.0
811.0,856.0
812.0,855.0
809.0,855.0
809.0,853.0
809.0,852.0
809.0,849.0
810.0,842.0
809.0,841.0
809.0,841.0
808.0,841.0
809.0,842.0
810.0,842.0
810.0,841.0
810.0,842.0
810.0,840.0
809.0,841.0
809.0,841.0
809.0,839.0
810.0,839.0
811.0,838.0
811.0,838.0
812.0,838.0
813.0,840.0
813.0,840.0
814.0,841.0
812.0,838.0
812.0,837.0
812.0,837.0
815.0,839.0
814.0,836.0
813.0,835.0
812.0,833.0
812.0,830.0
812.0,830.0
812.0,830.0
811.0,829.0
808.0,830.0
807.0,830.0
808.0,827.0
809.0,828.0
807.0,831.0
810.0,829.0
810.0,829.0
808.0,830.0
810.0,828.0
810.0,828.0
808.0,830.0
807.0,830.0
809.0,827.0
808.0,827.0
808.0,828.0
808.0,827.0
808.0,827.0
809.0,828.0
809.0,828.0
809.0,828.0
808.0,827.0
809.0,827.0
808.0,827.0
808.0,827.0
808.0,826.0
808.0,826.0
808.0,827.0
808.0,826.0
808.0,826.0
809.0,826.0
