x,y
1227.0,510.0
1227.0,510.0
1228.0,509.0
1227.0,510.0
1226.0,510.0
1226.0,510.0
1226.0,510.0
1226.0,510.0
1226.0,509.0
1226.0,509.0
1226.0,509.0
1226.0,509.0
1226.0,509.0
1226.0,509.0
1226.0,508.0
1226.0,508.0
1226.0,508.0
1227.0,508.0
1227.0,508.0
1227.0,508.0
1226.0,508.0
1226.0,508.0
1227.0,508.0
1227.0,508.0
1227.0,508.0
1227.0,508.0
1227.0,508.0
1227.0,508.0
1227.0,508.0
1227.0,509.0
1227.0,508.0
1227.0,509.0
1227.0,508.0
1227.0,508.0
1227.0,508.0
1227.0,508.0
1228.0,508.0
1228.0,509.0
1228.0,509.0
1228.0,509.0
1228.0,509.0
1228.0,509.0
1228.0,509.0
1228.0,509.0
1228.0,509.0
1228.0,509.0
1228.0,508.0
1228.0,508.0
1228.0,509.0
1228.0,509.0
1228.0,509.0
1228.0,509.0
1229.0,508.0
1229.0,508.0
1229.0,508.0
1229.0,508.0
1229.0,508.0
1229.0,508.0
1229.0,508.0
1229.0,508.0
1229.0,508.0
1229.0,509.0
1228.0,509.0
1229.0,510.0
1228.0,510.0
1229.0,510.0
1229.0,510.0
1229.0,510.0
1229.0,510.0
1229.0,510.0
1230.0,510.0
1229.0,510.0
1229.0,509.0
1230.0,510.0
1230.0,510.0
1229.0,509.0
1229.0,509.0
1229.0,509.0
1230.0,509.0
1230.0,509.0
1230.0,510.0
1230.0,510.0
1230.0,510.0
1229.0,511.0
1230.0,511.0
1229.0,512.0
1230.0,512.0
1230.0,512.0
1230.0,513.0
1230.0,514.0
1230.0,514.0
1230.0,514.0
1230.0,514.0
1230.0,515.0
1230.0,515.0
1229.0,516.0
1229.0,517.0
1229.0,517.0
1229.0,517.0
1228.0,518.0
