x,y
404.0,729.0
404.0,729.0
402.0,729.0
404.0,729.0
403.0,729.0
398.0,728.0
396.0,729.0
396.0,728.0
396.0,728.0
398.0,726.0
397.0,727.0
398.0,726.0
395.0,726.0
396.0,726.0
396.0,725.0
395.0,725.0
395.0,724.0
394.0,724.0
396.0,722.0
396.0,721.0
395.0,720.0
396.0,720.0
396.0,720.0
396.0,720.0
396.0,720.0
396.0,721.0
395.0,721.0
397.0,720.0
398.0,719.0
398.0,718.0
397.0,718.0
398.0,718.0
398.0,718.0
397.0,717.0
397.0,717.0
397.0,717.0
397.0,717.0
397.0,717.0
397.0,717.0
396.0,716.0
394.0,718.0
394.0,718.0
393.0,717.0
392.0,718.0
393.0,717.0
393.0,716.0
393.0,715.0
393.0,715.0
393.0,715.0
393.0,715.0
393.0,714.0
388.0,715.0
391.0,714.0
388.0,715.0
388.0,715.0
388.0,717.0
394.0,715.0
393.0,715.0
390.0,714.0
393.0,711.0
392.0,711.0
388.0,712.0
391.0,709.0
390.0,710.0
390.0,709.0
388.0,708.0
387.0,708.0
386.0,707.0
386.0,706.0
386.0,707.0
383.0,708.0
386.0,706.0
386.0,705.0
385.0,705.0
386.0,705.0
383.0,707.0
385.0,706.0
385.0,706.0
384.0,706.0
384.0,706.0
384.0,707.0
384.0,707.0
384.0,707.0
385.0,707.0
384.0,706.0
385.0,707.0
385.0,707.0
384.0,706.0
384.0,706.0
384.0,706.0
384.0,707.0
384.0,707.0
384.0,706.0
384.0,707.0
384.0,707.0
384.0,707.0
384.0,707.0
384.0,707.0
384.0,707.0
383.0,706.0
