x,y
557.0,393.0
557.0,397.0
557.0,394.0
556.0,397.0
556.0,397.0
556.0,397.0
556.0,397.0
556.0,397.0
556.0,394.0
557.0,397.0
562.0,395.0
563.0,394.0
563.0,394.0
564.0,393.0
565.0,394.0
565.0,394.0
564.0,393.0
564.0,393.0
564.0,394.0
564.0,394.0
564.0,394.0
564.0,394.0
564.0,394.0
565.0,394.0
567.0,393.0
567.0,394.0
566.0,393.0
567.0,392.0
567.0,391.0
566.0,390.0
567.0,390.0
566.0,389.0
567.0,388.0
567.0,387.0
567.0,388.0
567.0,389.0
565.0,389.0
566.0,389.0
565.0,390.0
565.0,389.0
567.0,389.0
568.0,387.0
568.0,386.0
568.0,385.0
568.0,385.0
568.0,385.0
568.0,386.0
568.0,386.0
568.0,385.0
570.0,382.0
570.0,382.0
570.0,381.0
570.0,381.0
570.0,382.0
570.0,382.0
570.0,382.0
570.0,382.0
570.0,381.0
571.0,381.0
571.0,380.0
571.0,378.0
571.0,377.0
572.0,377.0
572.0,378.0
573.0,378.0
573.0,377.0
573.0,377.0
572.0,377.0
572.0,377.0
572.0,378.0
572.0,378.0
572.0,378.0
572.0,378.0
572.0,378.0
572.0,378.0
572.0,378.0
572.0,377.0
572.0,377.0
572.0,377.0
572.0,377.0
571.0,377.0
572.0,376.0
572.0,375.0
572.0,376.0
572.0,375.0
572.0,375.0
571.0,376.0
571.0,375.0
572.0,374.0
571.0,375.0
571.0,376.0
571.0,375.0
571.0,375.0
571.0,375.0
571.0,376.0
571.0,376.0
572.0,375.0
572.0,375.0
571.0,374.0
572.0,374.0
