x,y
1450.0,940.0
1450.0,940.0
1450.0,940.0
1450.0,940.0
1450.0,940.0
1450.0,940.0
1450.0,940.0
1450.0,940.0
1450.0,940.0
1450.0,939.0
1450.0,939.0
1450.0,940.0
1450.0,939.0
1450.0,939.0
1451.0,940.0
1452.0,940.0
1451.0,938.0
1452.0,940.0
1451.0,940.0
1452.0,940.0
1451.0,941.0
1451.0,940.0
1451.0,938.0
1452.0,937.0
1453.0,938.0
1453.0,938.0
1453.0,939.0
1453.0,938.0
1453.0,940.0
1453.0,939.0
1453.0,938.0
1453.0,939.0
1453.0,938.0
1452.0,938.0
1453.0,939.0
1454.0,939.0
1453.0,939.0
1453.0,939.0
1453.0,938.0
1453.0,938.0
1453.0,938.0
1453.0,938.0
1453.0,937.0
1453.0,937.0
1453.0,938.0
1453.0,938.0
1453.0,938.0
1453.0,938.0
1453.0,942.0
1453.0,938.0
1453.0,938.0
1453.0,938.0
1453.0,938.0
1453.0,938.0
1453.0,938.0
1453.0,938.0
1453.0,938.0
1453.0,938.0
1454.0,938.0
1454.0,938.0
1454.0,938.0
1454.0,939.0
1454.0,938.0
1454.0,939.0
1454.0,938.0
1454.0,939.0
1453.0,939.0
1454.0,938.0
1454.0,939.0
1454.0,939.0
1454.0,939.0
1453.0,938.0
1453.0,938.0
1453.0,939.0
1453.0,939.0
1453.0,939.0
1454.0,939.0
1454.0,940.0
1454.0,940.0
1455.0,940.0
1455.0,941.0
1455.0,941.0
1455.0,941.0
1455.0,941.0
1456.0,941.0
1456.0,942.0
1456.0,942.0
1456.0,942.0
1456.0,942.0
1457.0,943.0
1457.0,943.0
1456.0,944.0
1457.0,944.0
1457.0,944.0
1457.0,945.0
1457.0,945.0
1457.0,945.0
1457.0,945.0
1457.0,945.0
1457.0,945.0
