x,y
1219.0,506.0
1219.0,506.0
1218.0,505.0
1217.0,505.0
1218.0,504.0
1218.0,504.0
1218.0,504.0
1219.0,504.0
1219.0,504.0
1219.0,504.0
1219.0,503.0
1219.0,504.0
1219.0,504.0
1219.0,504.0
1219.0,504.0
1219.0,504.0
1219.0,504.0
1219.0,504.0
1218.0,503.0
1218.0,503.0
1218.0,503.0
1218.0,503.0
1218.0,504.0
1218.0,503.0
1218.0,504.0
1218.0,504.0
1218.0,504.0
1219.0,505.0
1221.0,506.0
1224.0,508.0
1225.0,509.0
1224.0,509.0
1225.0,509.0
1225.0,509.0
1225.0,510.0
1225.0,509.0
1225.0,509.0
1225.0,509.0
1224.0,510.0
1225.0,510.0
1224.0,510.0
1224.0,510.0
1224.0,508.0
1223.0,507.0
1225.0,506.0
1226.0,506.0
1231.0,507.0
1240.0,509.0
1264.0,507.0
1279.0,492.0
1295.0,481.0
1308.0,460.0
1311.0,438.0
1322.0,409.0
1336.0,378.0
1360.0,355.0
1381.0,324.0
1398.0,312.0
1410.0,288.0
1410.0,251.0
1419.0,219.0
1431.0,200.0
1443.0,191.0
1460.0,195.0
1476.0,193.0
1491.0,190.0
1493.0,186.0
1493.0,186.0
1495.0,188.0
1493.0,189.0
1502.0,171.0
1503.0,165.0
1507.0,157.0
1513.0,158.0
1506.0,162.0
1509.0,160.0
1515.0,157.0
1521.0,156.0
1518.0,157.0
1524.0,156.0
1517.0,156.0
1521.0,161.0
1520.0,163.0
1528.0,156.0
1521.0,162.0
1518.0,160.0
1514.0,162.0
1516.0,163.0
1513.0,157.0
1516.0,153.0
1520.0,146.0
1518.0,148.0
1511.0,152.0
1496.0,164.0
1478.0,170.0
1453.0,170.0
1445.0,176.0
1431.0,183.0
1420.0,186.0
1403.0,199.0
