x,y
740.0,724.0
740.0,723.0
744.0,716.0
739.0,722.0
741.0,724.0
740.0,724.0
741.0,725.0
741.0,725.0
741.0,725.0
743.0,723.0
743.0,724.0
743.0,723.0
742.0,724.0
743.0,724.0
743.0,724.0
741.0,722.0
743.0,724.0
741.0,724.0
742.0,724.0
738.0,723.0
742.0,725.0
740.0,724.0
740.0,725.0
742.0,727.0
742.0,727.0
740.0,727.0
739.0,728.0
737.0,728.0
737.0,728.0
736.0,727.0
737.0,727.0
737.0,726.0
737.0,726.0
737.0,725.0
737.0,726.0
737.0,725.0
737.0,726.0
737.0,726.0
738.0,727.0
739.0,728.0
738.0,727.0
739.0,727.0
738.0,727.0
737.0,727.0
738.0,728.0
738.0,727.0
737.0,727.0
737.0,727.0
737.0,727.0
737.0,726.0
738.0,727.0
738.0,727.0
737.0,728.0
738.0,728.0
736.0,728.0
736.0,729.0
737.0,730.0
736.0,730.0
736.0,729.0
736.0,729.0
736.0,729.0
736.0,729.0
736.0,729.0
735.0,728.0
731.0,726.0
731.0,725.0
731.0,726.0
731.0,729.0
732.0,732.0
731.0,731.0
733.0,732.0
732.0,731.0
735.0,730.0
733.0,729.0
738.0,732.0
737.0,732.0
734.0,730.0
733.0,729.0
733.0,730.0
730.0,731.0
729.0,733.0
725.0,731.0
725.0,731.0
725.0,731.0
725.0,732.0
725.0,731.0
726.0,732.0
725.0,732.0
726.0,731.0
724.0,732.0
724.0,736.0
718.0,730.0
716.0,732.0
703.0,735.0
708.0,754.0
713.0,769.0
722.0,793.0
727.0,805.0
738.0,810.0
732.0,838.0
