x,y
307.0,928.0
353.0,915.0
393.0,899.0
418.0,886.0
434.0,876.0
448.0,864.0
449.0,861.0
454.0,860.0
462.0,849.0
462.0,842.0
468.0,843.0
471.0,841.0
472.0,837.0
472.0,847.0
473.0,838.0
473.0,838.0
472.0,837.0
466.0,840.0
466.0,839.0
466.0,839.0
466.0,839.0
465.0,839.0
470.0,847.0
473.0,838.0
473.0,839.0
474.0,839.0
474.0,839.0
474.0,839.0
467.0,840.0
467.0,839.0
469.0,839.0
467.0,838.0
469.0,837.0
469.0,838.0
468.0,839.0
479.0,842.0
481.0,845.0
480.0,845.0
481.0,843.0
480.0,842.0
480.0,842.0
480.0,841.0
480.0,841.0
480.0,842.0
480.0,841.0
479.0,841.0
480.0,842.0
480.0,842.0
480.0,841.0
476.0,842.0
473.0,849.0
457.0,859.0
455.0,871.0
450.0,901.0
446.0,948.0
428.0,1004.0
414.0,1069.0
