x,y
619.0,816.0
619.0,816.0
619.0,816.0
619.0,816.0
618.0,816.0
619.0,819.0
618.0,819.0
618.0,819.0
618.0,817.0
618.0,819.0
618.0,817.0
618.0,820.0
618.0,819.0
618.0,817.0
618.0,818.0
617.0,818.0
618.0,821.0
617.0,819.0
617.0,818.0
618.0,817.0
618.0,817.0
619.0,816.0
619.0,817.0
617.0,819.0
617.0,818.0
617.0,818.0
616.0,817.0
614.0,817.0
614.0,815.0
611.0,812.0
614.0,810.0
614.0,810.0
614.0,810.0
615.0,809.0
615.0,809.0
613.0,809.0
613.0,808.0
612.0,808.0
612.0,807.0
613.0,807.0
613.0,807.0
614.0,807.0
613.0,806.0
614.0,807.0
615.0,806.0
614.0,807.0
615.0,807.0
614.0,807.0
614.0,806.0
615.0,807.0
616.0,806.0
616.0,806.0
616.0,806.0
616.0,806.0
616.0,805.0
616.0,805.0
616.0,804.0
616.0,805.0
616.0,805.0
616.0,805.0
616.0,805.0
617.0,806.0
617.0,806.0
617.0,807.0
617.0,807.0
617.0,806.0
617.0,806.0
616.0,806.0
616.0,806.0
616.0,806.0
616.0,807.0
616.0,806.0
616.0,806.0
616.0,806.0
616.0,807.0
616.0,807.0
616.0,807.0
616.0,807.0
616.0,807.0
616.0,807.0
616.0,807.0
616.0,807.0
616.0,807.0
616.0,807.0
616.0,807.0
616.0,807.0
615.0,807.0
616.0,806.0
616.0,806.0
616.0,806.0
616.0,806.0
616.0,807.0
617.0,807.0
617.0,807.0
617.0,807.0
617.0,807.0
617.0,807.0
617.0,806.0
617.0,807.0
617.0,807.0
