x,y
1503.0,156.0
1502.0,153.0
1502.0,154.0
1502.0,154.0
1502.0,154.0
1499.0,156.0
1504.0,157.0
1504.0,155.0
1504.0,157.0
1505.0,156.0
1498.0,158.0
1504.0,155.0
1505.0,156.0
1505.0,156.0
1499.0,159.0
1503.0,157.0
1503.0,156.0
1502.0,157.0
1502.0,156.0
1501.0,157.0
1500.0,156.0
1501.0,156.0
1501.0,157.0
1500.0,156.0
1500.0,156.0
1501.0,155.0
1506.0,154.0
1506.0,154.0
1507.0,153.0
1508.0,157.0
1508.0,153.0
1508.0,153.0
1510.0,155.0
1508.0,153.0
1510.0,152.0
1511.0,151.0
1510.0,150.0
1513.0,150.0
1507.0,148.0
1508.0,145.0
1507.0,146.0
1508.0,147.0
1509.0,145.0
1509.0,146.0
1509.0,145.0
1510.0,144.0
1511.0,146.0
1512.0,145.0
1510.0,144.0
1511.0,145.0
1512.0,142.0
1512.0,142.0
1513.0,142.0
1513.0,143.0
1513.0,143.0
1513.0,143.0
1513.0,144.0
1513.0,144.0
1512.0,144.0
1512.0,145.0
1514.0,147.0
1514.0,146.0
1514.0,147.0
1514.0,146.0
1513.0,146.0
1516.0,148.0
1515.0,148.0
1512.0,151.0
1512.0,151.0
1512.0,152.0
1513.0,150.0
1512.0,147.0
1512.0,146.0
1512.0,146.0
1512.0,147.0
1513.0,148.0
1512.0,149.0
1511.0,150.0
1512.0,150.0
1512.0,147.0
1513.0,146.0
1513.0,146.0
1514.0,145.0
1514.0,146.0
1514.0,146.0
1514.0,147.0
1514.0,147.0
1514.0,146.0
1514.0,146.0
1514.0,146.0
1513.0,146.0
1513.0,146.0
1513.0,146.0
1514.0,146.0
1514.0,146.0
1514.0,146.0
1514.0,145.0
1513.0,145.0
1513.0,145.0
1513.0,144.0
