x,y
729.0,719.0
729.0,719.0
728.0,720.0
728.0,719.0
729.0,719.0
729.0,719.0
729.0,720.0
734.0,723.0
733.0,723.0
733.0,723.0
733.0,723.0
730.0,722.0
734.0,724.0
734.0,724.0
733.0,722.0
733.0,722.0
733.0,722.0
733.0,722.0
733.0,722.0
734.0,723.0
733.0,723.0
733.0,723.0
733.0,723.0
733.0,723.0
733.0,723.0
733.0,723.0
730.0,724.0
730.0,724.0
733.0,726.0
733.0,726.0
734.0,726.0
734.0,726.0
735.0,727.0
734.0,728.0
734.0,729.0
735.0,729.0
735.0,728.0
729.0,725.0
733.0,729.0
733.0,728.0
733.0,728.0
733.0,727.0
733.0,728.0
734.0,727.0
734.0,727.0
733.0,727.0
733.0,727.0
733.0,727.0
733.0,727.0
733.0,727.0
733.0,727.0
733.0,727.0
734.0,727.0
733.0,727.0
733.0,727.0
733.0,727.0
734.0,727.0
734.0,727.0
733.0,728.0
733.0,727.0
733.0,727.0
734.0,727.0
735.0,726.0
736.0,726.0
735.0,726.0
736.0,726.0
736.0,726.0
736.0,726.0
736.0,726.0
736.0,726.0
736.0,727.0
737.0,727.0
737.0,727.0
737.0,727.0
738.0,727.0
737.0,727.0
737.0,727.0
737.0,727.0
737.0,727.0
737.0,727.0
737.0,727.0
738.0,727.0
738.0,726.0
738.0,726.0
738.0,727.0
739.0,727.0
738.0,726.0
738.0,726.0
740.0,725.0
739.0,726.0
740.0,725.0
740.0,724.0
740.0,724.0
740.0,725.0
740.0,725.0
740.0,725.0
740.0,724.0
741.0,722.0
740.0,724.0
740.0,724.0
