x,y
1222.0,219.0
1231.0,219.0
1220.0,217.0
1215.0,210.0
1225.0,224.0
1232.0,228.0
1234.0,231.0
1235.0,225.0
1224.0,217.0
1229.0,213.0
1234.0,209.0
1235.0,209.0
1229.0,206.0
1229.0,212.0
1224.0,205.0
1221.0,207.0
1222.0,209.0
1219.0,211.0
1222.0,213.0
1213.0,218.0
1223.0,224.0
1224.0,224.0
1214.0,224.0
1216.0,216.0
1218.0,218.0
1206.0,223.0
1213.0,225.0
1212.0,224.0
1214.0,217.0
1214.0,220.0
1209.0,227.0
1212.0,218.0
1209.0,224.0
1204.0,222.0
1213.0,221.0
1212.0,222.0
1212.0,222.0
1212.0,222.0
1212.0,223.0
1209.0,222.0
1210.0,220.0
1212.0,221.0
1212.0,221.0
1212.0,222.0
1209.0,221.0
1208.0,221.0
1206.0,220.0
1203.0,218.0
1204.0,220.0
1205.0,220.0
1204.0,219.0
1200.0,220.0
1199.0,220.0
1199.0,220.0
1201.0,224.0
1200.0,223.0
1200.0,224.0
1201.0,224.0
1199.0,220.0
1198.0,220.0
1198.0,220.0
1198.0,219.0
1198.0,219.0
1203.0,223.0
1202.0,224.0
1200.0,224.0
1201.0,224.0
1203.0,223.0
1198.0,220.0
1198.0,220.0
1198.0,220.0
1199.0,220.0
1199.0,220.0
1200.0,221.0
1200.0,221.0
1200.0,221.0
1200.0,221.0
1200.0,222.0
1200.0,221.0
1201.0,221.0
1201.0,222.0
1201.0,222.0
1201.0,221.0
1202.0,222.0
1202.0,222.0
1203.0,222.0
1202.0,222.0
1202.0,222.0
1202.0,222.0
1201.0,222.0
1198.0,220.0
1198.0,220.0
1197.0,223.0
1197.0,224.0
1197.0,224.0
1203.0,223.0
1201.0,227.0
1204.0,228.0
1204.0,228.0
1203.0,228.0
