x,y
986.0,312.0
987.0,313.0
987.0,313.0
985.0,316.0
986.0,317.0
986.0,316.0
987.0,317.0
987.0,318.0
987.0,317.0
988.0,319.0
987.0,319.0
986.0,318.0
987.0,318.0
985.0,319.0
984.0,317.0
983.0,317.0
982.0,318.0
982.0,317.0
982.0,318.0
982.0,318.0
982.0,318.0
983.0,319.0
983.0,319.0
985.0,323.0
983.0,323.0
983.0,325.0
982.0,326.0
981.0,328.0
980.0,328.0
980.0,328.0
980.0,329.0
980.0,329.0
980.0,329.0
979.0,328.0
979.0,328.0
978.0,328.0
978.0,328.0
978.0,328.0
978.0,326.0
977.0,327.0
977.0,328.0
976.0,328.0
976.0,328.0
975.0,328.0
976.0,328.0
976.0,328.0
976.0,328.0
977.0,329.0
976.0,328.0
976.0,329.0
976.0,329.0
975.0,330.0
977.0,329.0
976.0,331.0
976.0,331.0
976.0,331.0
977.0,331.0
978.0,329.0
978.0,329.0
977.0,329.0
978.0,329.0
977.0,330.0
977.0,329.0
977.0,330.0
977.0,331.0
977.0,330.0
977.0,330.0
976.0,329.0
976.0,327.0
976.0,323.0
981.0,320.0
983.0,318.0
983.0,318.0
983.0,318.0
982.0,317.0
982.0,316.0
985.0,311.0
987.0,306.0
978.0,294.0
977.0,292.0
979.0,293.0
982.0,295.0
990.0,305.0
991.0,311.0
990.0,318.0
992.0,323.0
996.0,325.0
998.0,327.0
1001.0,326.0
1006.0,325.0
1008.0,325.0
1011.0,327.0
1013.0,333.0
1011.0,336.0
1009.0,338.0
1008.0,338.0
1011.0,341.0
1017.0,338.0
1020.0,349.0
1023.0,355.0
