x,y
1415.0,916.0
1451.0,829.0
1499.0,748.0
1534.0,660.0
1535.0,607.0
1512.0,581.0
1476.0,573.0
1434.0,571.0
1401.0,565.0
1369.0,593.0
1348.0,641.0
1318.0,699.0
1292.0,725.0
1272.0,754.0
1238.0,776.0
1217.0,796.0
1190.0,802.0
1166.0,799.0
1135.0,805.0
1119.0,803.0
1104.0,799.0
1091.0,791.0
1077.0,787.0
1067.0,785.0
1065.0,785.0
1063.0,783.0
1061.0,770.0
1068.0,762.0
1066.0,764.0
1069.0,761.0
1064.0,758.0
1064.0,758.0
1066.0,760.0
1066.0,761.0
1065.0,761.0
1064.0,762.0
1065.0,761.0
1065.0,761.0
1065.0,760.0
1065.0,759.0
1065.0,759.0
1065.0,759.0
1065.0,759.0
1066.0,758.0
1067.0,760.0
1067.0,761.0
1063.0,761.0
1067.0,761.0
1067.0,760.0
1068.0,761.0
1063.0,762.0
1067.0,761.0
1063.0,763.0
1069.0,760.0
1068.0,760.0
1062.0,760.0
1068.0,753.0
1069.0,751.0
1069.0,750.0
1069.0,753.0
1067.0,755.0
1069.0,753.0
1069.0,753.0
1069.0,752.0
1069.0,749.0
1069.0,747.0
1066.0,745.0
1065.0,739.0
1064.0,738.0
1065.0,737.0
1065.0,737.0
1066.0,736.0
1068.0,735.0
1067.0,735.0
1066.0,735.0
1067.0,735.0
1067.0,735.0
1068.0,734.0
1068.0,735.0
1067.0,734.0
1068.0,734.0
1068.0,734.0
1067.0,734.0
1068.0,733.0
1067.0,732.0
1066.0,731.0
1066.0,731.0
1065.0,731.0
1065.0,731.0
1065.0,730.0
1063.0,729.0
1064.0,728.0
1063.0,729.0
1063.0,727.0
1063.0,727.0
1064.0,727.0
1065.0,727.0
1065.0,727.0
1064.0,726.0
1064.0,726.0
