x,y
1054.0,738.0
1054.0,736.0
1051.0,732.0
1031.0,718.0
1018.0,700.0
985.0,683.0
959.0,657.0
941.0,634.0
931.0,621.0
934.0,612.0
949.0,590.0
945.0,570.0
951.0,553.0
954.0,549.0
953.0,538.0
955.0,524.0
969.0,518.0
974.0,519.0
985.0,525.0
991.0,525.0
991.0,523.0
991.0,520.0
997.0,527.0
989.0,519.0
992.0,520.0
998.0,524.0
991.0,520.0
993.0,520.0
995.0,523.0
996.0,524.0
996.0,523.0
997.0,522.0
996.0,521.0
993.0,520.0
993.0,520.0
993.0,520.0
993.0,521.0
992.0,523.0
992.0,522.0
994.0,525.0
995.0,523.0
996.0,520.0
995.0,522.0
995.0,522.0
996.0,521.0
996.0,518.0
996.0,519.0
997.0,520.0
998.0,518.0
1000.0,516.0
1001.0,516.0
1001.0,517.0
1001.0,516.0
1001.0,516.0
1001.0,516.0
1000.0,516.0
1001.0,515.0
1001.0,514.0
1001.0,513.0
1003.0,512.0
1002.0,512.0
1002.0,513.0
1002.0,512.0
1002.0,511.0
1001.0,511.0
1001.0,509.0
1002.0,510.0
1002.0,509.0
1002.0,510.0
1003.0,510.0
1004.0,509.0
1004.0,511.0
1003.0,510.0
1006.0,510.0
1007.0,510.0
1008.0,511.0
1008.0,510.0
1008.0,508.0
1008.0,507.0
1009.0,507.0
1013.0,509.0
1012.0,510.0
1012.0,511.0
1013.0,511.0
1012.0,510.0
1012.0,511.0
1012.0,512.0
1011.0,511.0
1011.0,511.0
1012.0,511.0
1009.0,509.0
1009.0,507.0
1012.0,506.0
1015.0,508.0
1014.0,507.0
1014.0,508.0
1014.0,508.0
1014.0,508.0
1014.0,507.0
1014.0,507.0
