x,y
987.4,748.2
987.55,747.9
987.7,747.6
987.85,747.3
988.0,747.0
987.0,746.0
987.0,747.0
986.0,747.0
987.0,747.0
985.0,748.0
984.0,747.0
983.0,747.0
983.0,747.0
982.0,747.0
982.0408163265306,746.9183673469388
982.0816326530612,746.8367346938776
982.1224489795918,746.7551020408164
982.1632653061224,746.6734693877551
982.204081632653,746.5918367346939
982.2448979591836,746.5102040816327
982.2857142857143,746.4285714285714
982.3265306122449,746.3469387755102
982.3673469387755,746.265306122449
982.4081632653061,746.1836734693877
982.4489795918367,746.1020408163265
982.4897959183673,746.0204081632653
982.530612244898,745.9387755102041
982.5714285714286,745.8571428571429
982.6122448979592,745.7755102040817
982.6530612244898,745.6938775510204
982.6938775510204,745.6122448979592
982.734693877551,745.530612244898
982.7755102040817,745.4489795918367
982.8163265306123,745.3673469387755
982.8571428571429,745.2857142857143
982.8979591836735,745.204081632653
982.9387755102041,745.1224489795918
982.9795918367347,745.0408163265306
983.0204081632653,744.9591836734694
983.0612244897959,744.8775510204082
983.1020408163265,744.795918367347
983.1428571428571,744.7142857142857
983.1836734693877,744.6326530612245
983.2244897959183,744.5510204081633
983.265306122449,744.469387755102
983.3061224489796,744.3877551020408
983.3469387755102,744.3061224489796
983.3877551020408,744.2244897959183
983.4285714285714,744.1428571428571
983.469387755102,744.0612244897959
983.5102040816327,743.9795918367347
983.5510204081633,743.8979591836735
983.5918367346939,743.8163265306123
983.6326530612245,743.734693877551
983.6734693877551,743.6530612244898
983.7142857142857,743.5714285714286
983.7551020408164,743.4897959183673
983.795918367347,743.4081632653061
983.8367346938776,743.3265306122449
983.8775510204082,743.2448979591836
983.9183673469388,743.1632653061224
983.9591836734694,743.0816326530612
984.0,743.0
984.0,744.0
984.0,744.0
984.0,742.0
986.0,742.0
985.0,745.0
984.0,740.0
984.0,740.0
986.0,741.0
987.0,742.0
989.0,741.0
992.0,741.0
994.0,742.0
995.0,745.0
992.0,752.0
987.0,758.0
970.0,767.0
967.0,779.0
982.0,779.0
959.0,806.0
967.0,816.0
976.0,822.0
982.0,825.0
987.0,825.0
990.0,823.0
992.0,822.0
994.0,822.0
992.0,818.0
986.0,799.0
975.0,781.0
964.0,744.0
958.0,714.0
946.0,685.0
949.0,669.0
965.0,651.0
975.0,628.0
1002.0,624.0
994.0,609.0
