x,y
1376.0,896.0
1375.0,897.0
1375.0,896.0
1375.0,896.0
1375.0,896.0
1375.0,896.0
1375.0,896.0
1377.0,896.0
1376.0,896.0
1375.0,896.0
1376.0,895.0
1376.0,895.0
1376.0,894.0
1376.0,894.0
1376.0,894.0
1376.0,894.0
1376.0,894.0
1376.0,894.0
1376.0,894.0
1376.0,894.0
1375.0,894.0
1376.0,894.0
1376.0,894.0
1376.0,894.0
1376.0,894.0
1375.0,894.0
1375.0,894.0
1376.0,894.0
1376.0,894.0
1376.0,894.0
1376.0,894.0
1376.0,894.0
1376.0,894.0
1376.0,894.0
1376.0,894.0
1376.0,894.0
1376.0,894.0
1376.0,894.0
1376.0,894.0
1376.0,894.0
1376.0,894.0
1376.0,894.0
1376.0,894.0
1376.0,894.0
1376.0,894.0
1376.0,894.0
1375.0,894.0
1375.0,894.0
1370.5,895.6666666666666
1366.0,897.3333333333334
1361.5,899.0
1357.0,900.6666666666666
1352.5,902.3333333333334
1348.0,904.0
1352.0,905.0
1360.0,904.0
1366.0,911.0
1368.0,916.0
1378.0,925.0
1382.0,930.0
1387.0,929.0
1390.0,930.0
1394.0,935.0
1396.0,938.0
1401.0,935.0
1404.0,942.0
1418.0,946.0
1435.0,948.0
1443.0,949.0
1447.0,952.0
1450.0,950.0
1455.0,947.0
1470.0,946.0
1472.0,945.0
1475.0,939.0
1493.0,936.0
1534.0,941.0
1571.0,947.0
1595.0,950.0
1609.0,944.0
1616.0,932.0
1627.0,920.0
1641.0,911.0
1650.0,896.0
1659.0,880.0
1658.0,858.0
1660.0,825.0
1661.0,802.0
1660.0,800.0
1653.0,816.0
1647.0,850.0
1644.0,880.0
1642.0,903.0
1646.0,926.0
1656.0,939.0
1662.0,949.0
1675.0,967.0
1677.0,985.0
1673.0,996.0
1671.0,1009.0
