x,y
1064.0,984.0
1063.0,982.0
1064.0,989.0
1063.0,989.0
1061.0,989.0
1063.0,990.0
1061.0,988.0
1054.0,987.0
1053.0,987.0
1054.0,987.0
1054.0,986.0
1054.0,987.0
1055.0,987.0
1056.0,986.0
1058.0,986.0
1058.0,985.0
1055.0,987.0
1055.0,986.0
1055.0,986.0
1056.0,986.0
1065.0,985.0
1064.0,984.0
1066.0,985.0
1068.0,985.0
1067.0,985.0
1067.0,984.0
1066.0,984.0
1066.0,984.0
1067.0,984.0
1068.0,985.0
1069.0,985.0
1068.0,985.0
1069.0,986.0
1069.0,987.0
1068.0,987.0
1068.0,985.0
1069.0,984.0
1067.0,981.0
1067.0,982.0
1067.0,974.0
1066.0,980.0
1066.0,980.0
1066.0,974.0
1066.0,974.0
1066.0,975.0
1066.0,973.0
1066.0,973.0
1066.0,973.0
1066.0,973.0
1066.0,974.0
1067.0,973.0
1068.0,972.0
1068.0,970.0
1068.0,969.0
1068.0,968.0
1069.0,968.0
1069.0,968.0
1069.0,969.0
1068.0,969.0
1067.0,969.0
1072.0,972.0
1070.0,974.0
1069.0,974.0
1070.0,974.0
1069.0,974.0
1070.0,973.0
1071.0,973.0
1073.0,972.0
1072.0,972.0
1072.0,972.0
1072.0,972.0
1072.0,973.0
1071.0,972.0
1072.0,972.0
1072.0,973.0
1072.0,973.0
1072.0,973.0
1072.0,972.0
1073.0,971.0
1073.0,970.0
1073.0,970.0
1073.0,970.0
1071.0,966.0
1070.0,965.0
1070.0,964.0
1071.0,964.0
1070.0,962.0
1069.0,961.0
1070.0,962.0
1070.0,962.0
1070.0,962.0
1070.0,963.0
1069.0,963.0
1070.0,963.0
1069.0,963.0
1069.0,963.0
1069.0,963.0
1069.0,963.0
1069.0,963.0
1069.0,963.0
