x,y
1146.0,562.0
1127.0,530.0
1103.0,497.0
1074.0,468.0
1056.0,425.0
1043.0,382.0
1043.0,340.0
1036.0,308.0
1037.0,278.0
1051.0,261.0
1071.0,241.0
1109.0,243.0
1141.0,236.0
1172.0,237.0
1206.0,242.0
1237.0,242.0
1264.0,240.0
1298.0,236.0
1329.0,235.0
1365.0,235.0
1398.0,236.0
1433.0,227.0
1462.0,217.0
1475.0,196.0
1488.0,184.0
1493.0,169.0
1491.0,150.0
1483.0,142.0
1475.0,134.0
1484.0,140.0
1487.0,141.0
1490.0,144.0
1490.0,147.0
1486.0,142.0
1487.0,140.0
1488.0,130.0
1485.0,109.0
1487.0,77.0
1477.0,47.0
1476.0,26.0
1472.0,11.0
1473.0,1.0
1475.4242424242425,3.606060606060606
1477.8484848484848,6.212121212121212
1480.2727272727273,8.818181818181818
1482.6969696969697,11.424242424242424
1485.121212121212,14.03030303030303
1487.5454545454545,16.636363636363637
1489.969696969697,19.242424242424242
1492.3939393939395,21.848484848484848
1494.8181818181818,24.454545454545453
1497.2424242424242,27.06060606060606
1499.6666666666667,29.666666666666664
1502.090909090909,32.27272727272727
1504.5151515151515,34.878787878787875
1506.939393939394,37.484848484848484
1509.3636363636363,40.090909090909086
1511.7878787878788,42.696969696969695
1514.2121212121212,45.303030303030305
1516.6363636363637,47.90909090909091
1519.060606060606,50.515151515151516
1521.4848484848485,53.12121212121212
1523.909090909091,55.72727272727273
1526.3333333333333,58.33333333333333
1528.7575757575758,60.93939393939394
1531.1818181818182,63.54545454545455
1533.6060606060605,66.15151515151516
1536.030303030303,68.75757575757575
1538.4545454545455,71.36363636363636
1540.878787878788,73.96969696969697
1543.3030303030303,76.57575757575758
1545.7272727272727,79.18181818181817
1548.1515151515152,81.78787878787878
1550.5757575757575,84.39393939393939
1553.0,87.0
