x,y
243.0,330.0
243.0,329.0
244.0,329.0
245.0,329.0
245.0,330.0
243.0,330.0
240.0,328.0
244.0,329.0
246.0,329.0
245.0,329.0
247.0,329.0
246.0,330.0
247.0,330.0
249.0,331.0
250.0,332.0
250.0,332.0
250.0,332.0
249.0,332.0
250.0,332.0
250.0,332.0
250.0,332.0
251.0,333.0
252.0,333.0
251.0,332.0
251.0,333.0
251.0,332.0
251.0,331.0
251.0,332.0
251.0,331.0
251.0,331.0
251.0,331.0
251.0,329.0
252.0,330.0
254.0,331.0
255.0,332.0
256.0,333.0
257.0,333.0
257.0,335.0
256.0,335.0
256.0,335.0
255.0,334.0
255.0,335.0
253.0,337.0
254.0,336.0
254.0,336.0
254.0,336.0
254.0,335.0
254.0,335.0
254.0,335.0
253.0,334.0
254.0,335.0
254.0,337.0
255.0,337.0
255.0,338.0
255.0,338.0
254.0,338.0
256.0,338.0
256.0,339.0
258.0,339.0
259.0,340.0
260.0,339.0
260.0,338.0
260.0,339.0
260.0,339.0
260.0,340.0
260.0,340.0
261.0,340.0
263.0,340.0
265.0,341.0
262.0,345.0
265.0,344.0
259.0,350.0
259.0,354.0
259.0,351.0
258.0,352.0
258.0,352.0
258.0,352.0
258.0,352.0
259.0,351.0
257.0,350.0
258.0,351.0
258.0,352.0
256.0,352.0
252.0,354.0
253.0,353.0
253.0,353.0
255.0,354.0
254.0,353.0
255.0,353.0
255.0,353.0
255.0,353.0
254.0,352.0
256.0,353.0
255.0,354.0
256.0,355.0
256.0,353.0
255.0,352.0
254.0,351.0
254.0,352.0
253.0,352.0
