x,y
912.0,540.0
913.0,541.0
913.0,541.0
912.0,541.0
915.0,538.0
915.0,539.0
916.0,538.0
916.0,538.0
913.0,542.0
915.0,538.0
911.0,534.0
916.0,538.0
917.0,540.0
915.0,537.0
918.0,541.0
914.0,538.0
904.0,463.0
907.0,457.0
906.0,456.0
908.0,457.0
908.0,457.0
907.0,456.0
908.0,457.0
908.0,456.0
908.0,457.0
908.0,457.0
908.0,457.0
908.0,457.0
908.0,457.0
908.0,457.0
908.0,457.0
907.0,456.0
907.0,456.0
906.0,456.0
906.0,456.0
906.0,456.0
907.0,456.0
907.0,456.0
907.0,456.0
907.0,456.0
907.0,456.0
907.0,456.0
908.0,456.0
907.0,457.0
907.0,456.0
903.0,457.0
908.0,457.0
909.0,458.0
909.0,458.0
910.0,467.0
912.0,471.0
910.0,471.0
911.0,471.0
911.0,472.0
911.0,472.0
911.0,472.0
909.0,469.0
908.0,467.0
908.0,469.0
910.0,471.0
908.0,469.0
908.0,468.0
908.0,470.0
908.0,470.0
908.0,471.0
908.0,471.0
908.0,471.0
906.0,470.0
906.0,470.0
905.0,469.0
903.0,469.0
903.0,469.0
903.0,469.0
902.0,469.0
902.0,469.0
903.0,469.0
903.0,469.0
903.0,469.0
903.0,469.0
903.0,469.0
903.0,468.0
902.0,468.0
903.0,471.0
902.0,471.0
905.0,471.0
904.0,471.0
904.0,471.0
904.0,472.0
904.0,472.0
904.0,472.0
904.0,472.0
904.0,473.0
904.0,475.0
905.0,472.0
904.0,469.0
904.0,470.0
902.0,471.0
892.0,478.0
872.0,486.0
865.0,500.0
