x,y
466.0,280.0
366.0,388.0
265.0,479.0
187.0,545.0
129.0,592.0
99.0,596.0
91.0,593.0
82.0,574.0
128.0,549.0
163.0,528.0
207.0,503.0
237.0,489.0
254.0,476.0
261.0,463.0
265.0,461.0
266.0,458.0
266.0,453.0
246.0,451.0
233.0,456.0
228.0,450.0
225.0,434.0
212.0,416.0
217.0,404.0
214.0,393.0
210.0,383.0
203.0,365.0
196.0,358.0
201.0,354.0
207.0,353.0
211.0,350.0
210.0,350.0
216.0,350.0
217.0,357.0
220.0,349.0
226.0,346.0
225.0,347.0
225.0,346.0
225.0,347.0
224.0,347.0
225.0,347.0
225.0,348.0
225.0,349.0
227.0,349.0
226.0,349.0
227.0,350.0
227.0,349.0
227.0,349.0
227.0,349.0
227.0,349.0
227.0,349.0
227.0,349.0
227.0,349.0
228.0,350.0
228.0,351.0
229.0,352.0
230.0,352.0
228.0,349.0
229.0,348.0
228.0,346.0
230.0,346.0
230.0,346.0
229.0,344.0
231.0,344.0
231.0,342.0
230.0,342.0
231.0,341.0
231.0,340.0
230.0,340.0
230.0,340.0
230.0,339.0
229.0,340.0
229.0,339.0
229.0,339.0
230.0,338.0
230.0,336.0
231.0,336.0
232.0,334.0
233.0,332.0
234.0,335.0
234.0,334.0
234.0,334.0
234.0,331.0
234.0,331.0
234.0,330.0
234.0,330.0
234.0,330.0
234.0,330.0
234.0,331.0
233.0,333.0
233.0,332.0
233.0,329.0
233.0,329.0
235.0,329.0
236.0,328.0
237.0,328.0
238.0,328.0
242.0,329.0
242.0,330.0
243.0,330.0
243.0,330.0
