x,y
1505.0,123.0
1505.0,123.0
1506.0,123.0
1506.0,123.0
1506.0,123.0
1506.0,123.0
1506.0,124.0
1506.0,124.0
1507.0,124.0
1506.0,125.0
1506.0,126.0
1504.0,126.0
1505.0,127.0
1506.0,127.0
1505.0,127.0
1505.0,127.0
1506.0,128.0
1505.0,128.0
1506.0,128.0
1505.0,128.0
1506.0,129.0
1506.0,128.0
1505.0,128.0
1505.0,128.0
1503.0,126.0
1504.0,126.0
1504.0,125.0
1506.0,126.0
1505.0,125.0
1506.0,124.0
1506.0,124.0
1507.0,124.0
1507.0,123.0
1507.0,123.0
1506.0,122.0
1506.0,122.0
1506.0,122.0
1506.0,122.0
1507.0,122.0
1507.0,122.0
1506.0,122.0
1506.0,122.0
1506.0,122.0
1506.0,122.0
1505.0,122.0
1506.0,122.0
1506.0,121.0
1506.0,121.0
1506.0,122.0
1506.0,122.0
1506.0,121.0
1506.0,121.0
1506.0,121.0
1505.0,121.0
1505.0,121.0
1505.0,119.0
1505.0,119.0
1503.0,120.0
1504.0,120.0
1503.0,120.0
1503.0,120.0
1503.0,118.0
1503.0,118.0
1503.0,118.0
1503.0,118.0
1503.0,117.0
1503.0,117.0
1503.0,117.0
1503.0,116.0
1503.0,116.0
1502.0,116.0
1503.0,116.0
1503.0,117.0
1503.0,116.0
1502.0,116.0
1503.0,117.0
1503.0,117.0
1503.0,117.0
1503.0,117.0
1503.0,117.0
1502.0,118.0
1503.0,117.0
1503.0,117.0
1503.0,117.0
1502.0,118.0
1502.0,120.0
1503.0,121.0
1504.0,124.0
1505.0,127.0
1506.0,130.0
1501.0,131.0
1499.0,136.0
1507.0,154.0
1511.0,154.0
1526.0,163.0
1539.0,180.0
1554.0,210.0
1560.0,244.0
1540.0,281.0
1506.0,318.0
