x,y
1452.0,210.0
1409.0,239.0
1379.0,237.0
1363.0,221.0
1357.0,196.0
1355.0,175.0
1345.0,167.0
1330.0,168.0
1337.0,172.0
1336.0,177.0
1335.0,176.0
1332.0,180.0
1331.0,185.0
1327.0,184.0
1328.0,196.0
1327.0,194.0
1324.0,187.0
1324.0,184.0
1323.0,191.0
1323.0,184.0
1323.0,184.0
1323.0,185.0
1322.0,185.0
1322.0,184.0
1323.0,187.0
1323.0,186.0
1323.0,184.0
1324.0,185.0
1320.0,185.0
1321.0,184.0
1320.0,183.0
1320.0,184.0
1319.0,183.0
1319.0,183.0
1319.0,184.0
1319.0,183.0
1319.0,183.0
1319.0,183.0
1319.0,183.0
1320.0,182.0
1320.0,183.0
1320.0,183.0
1320.0,182.0
1321.0,182.0
1321.0,183.0
1321.0,182.0
1322.0,182.0
1325.0,182.0
1319.0,185.0
1324.0,189.0
1324.0,188.0
1325.0,188.0
1325.0,188.0
1325.0,189.0
1326.0,189.0
1326.0,189.0
1325.0,190.0
1324.0,189.0
1325.0,188.0
1326.0,190.0
1326.0,190.0
1326.0,189.0
1325.0,190.0
1325.0,191.0
1320.0,191.0
1325.0,188.0
1325.0,186.0
1310.0,190.0
1309.0,193.0
1309.0,192.0
1309.0,189.0
1309.0,192.0
1310.0,194.0
1312.0,193.0
1311.0,194.0
1311.0,194.0
1312.0,192.0
1308.0,190.0
1313.0,192.0
1314.0,191.0
1313.0,193.0
1312.0,194.0
1313.0,193.0
1313.0,192.0
1312.0,194.0
1309.0,190.0
1310.0,195.0
1308.0,197.0
1307.0,196.0
1307.0,192.0
1307.0,197.0
1305.0,192.0
1307.0,191.0
1302.0,193.0
1303.0,199.0
1299.0,198.0
1297.0,199.0
1300.0,199.0
1294.0,199.0
1297.0,197.0
