x,y
828.0,901.0
829.0,901.0
829.0,901.0
829.0,900.0
829.0,900.0
829.0,901.0
827.0,900.0
828.0,901.0
828.0,900.0
828.0,900.0
828.0,900.0
830.0,900.0
830.0,900.0
829.0,900.0
829.0,900.0
829.0,900.0
829.0,899.0
830.0,899.0
830.0,899.0
830.0,899.0
830.0,898.0
830.0,900.0
829.0,899.0
829.0,900.0
830.0,900.0
830.0,900.0
831.0,901.0
831.0,901.0
830.0,901.0
829.0,901.0
829.0,901.0
829.0,902.0
829.0,902.0
829.0,903.0
828.0,904.0
829.0,906.0
828.0,906.0
827.0,908.0
827.0,907.0
827.0,908.0
827.0,908.0
827.0,908.0
827.0,908.0
827.0,908.0
826.0,909.0
826.0,909.0
826.0,909.0
826.0,910.0
826.0,911.0
826.0,910.0
826.0,910.0
826.0,910.0
826.0,907.0
826.0,906.0
825.0,906.0
825.0,905.0
826.0,906.0
828.0,908.0
829.0,908.0
828.0,908.0
828.0,908.0
827.0,905.0
827.0,905.0
826.0,905.0
822.0,908.0
820.0,909.0
820.0,908.0
819.0,908.0
814.0,908.0
802.0,917.0
787.0,925.0
778.0,934.0
763.0,950.0
740.0,963.0
721.0,993.0
684.0,1012.0
648.0,1031.0
595.0,1034.0
549.0,1048.0
494.0,1043.0
439.0,1051.0
378.0,1038.0
316.0,1023.0
250.0,999.0
193.0,995.0
130.0,968.0
72.0,963.0
31.0,954.0
10.0,939.0
