x,y
1045.0,1009.0
1055.0,997.0
1049.0,991.0
1056.0,990.0
1053.0,988.0
1050.0,1002.0
1056.0,999.0
1055.0,991.0
1050.0,987.0
1055.0,989.0
1057.0,991.0
1057.0,989.0
1058.0,990.0
1054.0,987.0
1065.0,989.0
1062.0,994.0
1060.0,991.0
1056.0,987.0
1056.0,987.0
1057.0,986.0
1056.0,989.0
1056.0,988.0
1057.0,988.0
1058.0,988.0
1057.0,988.0
1057.0,988.0
1056.0,988.0
1056.0,988.0
1057.0,991.0
1057.0,990.0
1056.0,989.0
1057.0,990.0
1056.0,989.0
1056.0,989.0
1056.0,989.0
1054.0,989.0
1053.0,991.0
1055.0,990.0
1055.0,989.0
1053.0,988.0
1053.0,990.0
1047.0,989.0
1051.0,991.0
1044.0,991.0
1018.0,995.0
987.0,982.0
941.0,982.0
895.0,968.0
841.0,967.0
787.0,951.0
741.0,934.0
693.0,905.0
660.0,859.0
627.0,809.0
597.0,780.0
574.0,749.0
564.0,719.0
552.0,711.0
548.0,713.0
544.0,718.0
539.0,727.0
538.0,727.0
524.0,722.0
522.0,728.0
513.0,728.0
505.0,728.0
509.0,731.0
517.0,716.0
514.0,716.0
505.0,727.0
512.0,730.0
510.0,725.0
508.0,722.0
504.0,717.0
504.0,719.0
502.0,717.0
501.0,721.0
502.0,723.0
503.0,722.0
508.0,714.0
503.0,721.0
504.0,721.0
505.0,723.0
489.0,744.0
488.0,743.0
486.0,741.0
486.0,742.0
487.0,742.0
489.0,743.0
500.0,719.0
502.0,719.0
501.0,718.0
500.0,718.0
498.0,745.0
498.0,745.0
500.0,718.0
500.0,718.0
498.0,746.0
501.0,745.0
499.0,746.0
