x,y
994.0,903.0
994.0,903.0
994.0,903.0
993.0,903.0
993.0,903.0
994.0,903.0
993.0,903.0
993.0,903.0
993.0,903.0
993.0,904.0
994.0,903.0
993.0,903.0
995.0,902.0
995.0,902.0
994.0,902.0
995.0,901.0
994.0,901.0
994.0,901.0
993.0,902.0
994.0,902.0
994.0,902.0
996.0,902.0
997.0,901.0
999.0,902.0
1002.0,901.0
1000.0,900.0
1001.0,900.0
1000.0,900.0
1002.0,901.0
1002.0,901.0
1000.0,899.0
1000.0,900.0
1001.0,900.0
1003.0,902.0
1001.0,900.0
1002.0,900.0
1002.0,902.0
1005.0,902.0
1007.0,905.0
1007.0,905.0
1006.0,904.0
1005.0,904.0
1004.0,904.0
1004.0,904.0
1004.0,903.0
1004.0,903.0
1003.0,904.0
1004.0,905.0
1000.0,902.0
996.0,899.0
995.0,898.0
998.0,905.0
997.0,909.0
990.0,918.0
978.0,932.0
952.0,927.0
924.0,920.0
872.0,901.0
834.0,885.0
785.0,865.0
743.0,844.0
703.0,829.0
665.0,820.0
636.0,812.0
599.0,807.0
571.0,817.0
550.0,821.0
522.0,846.0
490.0,886.0
472.0,898.0
456.0,888.0
441.0,878.0
433.0,870.0
445.0,851.0
448.0,842.0
447.0,846.0
447.0,850.0
449.0,850.0
449.0,850.0
448.0,850.0
448.0,849.0
447.0,847.0
446.0,849.0
437.0,848.0
435.0,848.0
434.0,847.0
436.0,847.0
439.0,847.0
441.0,844.0
441.0,844.0
440.0,844.0
441.0,843.0
442.0,844.0
442.0,843.0
442.0,843.0
442.0,843.0
443.0,843.0
443.0,842.0
443.0,842.0
442.0,841.0
