x,y
1005.0,907.0
1005.0,907.0
1004.0,907.0
1004.0,908.0
1004.0,909.0
1005.0,908.0
1004.0,908.0
1004.0,908.0
1004.0,908.0
1005.0,908.0
1004.0,909.0
1003.0,910.0
1002.0,911.0
1001.0,913.0
1000.0,911.0
1000.0,911.0
1000.0,912.0
999.0,913.0
1004.0,912.0
1004.0,911.0
1004.0,912.0
1005.0,912.0
1005.0,910.0
1004.0,908.0
1005.0,909.0
1007.0,909.0
1008.0,909.0
1009.0,909.0
1008.0,909.0
1011.0,912.0
1008.0,914.0
1008.0,912.0
1007.0,912.0
1008.0,913.0
1008.0,912.0
1007.0,913.0
1007.0,912.0
1007.0,912.0
1006.0,911.0
1007.0,913.0
1007.0,914.0
1008.0,913.0
1008.0,913.0
1008.0,913.0
1007.0,913.0
1008.0,913.0
1007.0,913.0
1008.0,913.0
1009.0,913.0
1009.0,912.0
1009.0,913.0
1010.0,913.0
1010.0,913.0
1010.0,914.0
1009.5,914.0
1009.0,914.0
1011.0,914.0
1010.0,914.0
1009.0,914.0
1010.0,914.0
1010.0,914.0
1010.0,915.0
1010.0,915.0
1008.0,915.0
1009.0,915.0
1007.0,914.0
1008.0,914.0
1006.0,913.0
1006.0,914.0
1006.0,913.0
1006.0,914.0
1007.0,914.0
1007.0,914.0
1007.0,914.0
1007.0,915.0
1006.0,914.0
1006.0,914.0
1005.0,914.0
1004.0,914.0
1004.0,914.0
1004.0,915.0
1004.0,915.0
1002.0,913.0
1002.0,912.0
1002.0,913.0
1003.0,915.0
1003.0,915.0
1002.0,915.0
1004.0,914.0
1004.0,913.0
1004.0,912.0
1004.0,913.0
1004.0,913.0
1003.0,913.0
1004.0,911.0
1004.0,913.0
1004.0,913.0
1003.0,914.0
1002.0,915.0
1002.0,916.0
