x,y
113.0,481.0
114.0,484.0
104.0,483.0
94.0,480.0
79.66666666666667,477.3333333333333
65.33333333333333,474.6666666666667
51.0,472.0
35.0,470.0
20.0,458.0
9.0,444.0
7.5,418.0
6.0,392.0
12.0,380.0
13.0,358.0
26.0,343.0
46.0,330.0
50.0,317.0
52.0,300.0
42.0,278.0
31.0,255.0
15.0,230.0
16.045454545454547,229.77272727272728
17.09090909090909,229.54545454545453
18.136363636363637,229.3181818181818
19.18181818181818,229.0909090909091
20.227272727272727,228.86363636363637
21.272727272727273,228.63636363636363
22.31818181818182,228.4090909090909
23.363636363636363,228.1818181818182
24.409090909090907,227.95454545454547
25.454545454545453,227.72727272727272
26.5,227.5
27.545454545454547,227.27272727272728
28.59090909090909,227.04545454545453
29.636363636363637,226.8181818181818
30.68181818181818,226.5909090909091
31.727272727272727,226.36363636363637
32.77272727272727,226.13636363636363
33.81818181818181,225.9090909090909
34.86363636363636,225.6818181818182
35.90909090909091,225.45454545454547
36.95454545454545,225.22727272727272
38.0,225.0
45.0,236.0
52.333333333333336,252.16666666666666
59.666666666666664,268.3333333333333
67.0,284.5
74.33333333333333,300.6666666666667
81.66666666666666,316.83333333333337
89.0,333.0
84.0,353.0
93.5,376.5
103.0,400.0
102.0,409.0
116.0,418.0
107.0,407.0
99.0,403.0
92.0,401.0
81.0,402.0
81.0,409.0
78.0,413.0
83.0,426.0
83.0,430.0
83.0,428.0
82.0,428.0
80.0,433.0
80.0,432.0
80.0,433.0
79.0,433.0
74.0,435.0
63.0,446.0
61.0,486.0
