x,y
112.0,495.0
108.0,500.0
100.0,501.0
74.0,496.0
67.0,502.0
77.0,496.0
86.0,494.0
91.0,495.0
90.0,499.0
87.0,504.0
72.0,515.0
67.0,528.0
75.0,539.0
80.0,542.0
86.0,548.0
107.0,570.0
125.0,588.0
155.0,606.0
190.0,617.0
219.0,653.0
255.0,694.0
290.0,709.0
322.0,715.0
341.0,724.0
362.0,722.0
396.0,734.0
413.0,733.0
434.0,728.0
452.0,719.0
460.0,729.0
461.0,724.0
457.0,719.0
453.0,717.0
457.0,720.0
459.0,715.0
459.0,714.0
457.0,717.0
456.0,717.0
457.0,718.0
457.0,717.0
457.0,713.0
457.0,716.0
458.0,711.0
457.0,711.0
456.0,710.0
460.0,710.0
462.0,709.0
460.0,708.0
460.0,709.0
460.0,709.0
458.0,707.0
456.0,708.0
457.0,708.0
456.0,708.0
458.0,708.0
456.0,709.0
456.0,709.0
454.0,710.0
454.0,710.0
454.0,708.0
455.0,709.0
456.0,710.0
458.0,709.0
458.0,708.0
455.0,709.0
459.0,708.0
457.0,708.0
454.0,708.0
456.0,708.0
454.0,709.0
456.0,708.0
457.0,702.0
452.0,703.0
454.0,705.0
454.0,704.0
455.0,700.0
456.0,698.0
453.0,697.0
455.0,697.0
455.0,698.0
455.0,698.0
456.0,696.0
455.0,697.0
455.0,698.0
456.0,698.0
454.0,699.0
455.0,697.0
457.0,695.0
457.0,696.0
458.0,696.0
457.0,695.0
457.0,696.0
458.0,695.0
457.0,696.0
457.0,696.0
458.0,695.0
457.0,695.0
459.0,694.0
459.0,695.0
459.0,696.0
