x,y
1619.0,27.0
1619.0,28.0
1619.0,27.0
1619.0,27.0
1619.0,27.0
1620.0,27.0
1619.0,27.0
1619.0,27.0
1619.0,28.0
1620.0,27.0
1619.0,29.0
1619.0,28.0
1621.0,27.0
1620.0,27.0
1620.0,26.0
1620.0,27.0
1620.0,27.0
1619.0,26.0
1619.0,25.0
1616.0,26.0
1617.0,28.0
1618.0,29.0
1617.0,27.0
1617.0,29.0
1617.0,29.0
1617.0,29.0
1619.0,27.0
1620.0,27.0
1620.0,27.0
1619.0,28.0
1618.0,29.0
1619.0,29.0
1619.0,29.0
1618.0,28.0
1617.0,26.0
1616.0,26.0
1616.0,26.0
1616.0,25.0
1617.0,21.0
1618.0,23.0
1619.0,24.0
1617.0,18.0
1624.0,19.0
1618.0,17.0
1612.0,10.0
1609.0,6.0
1605.0,3.0
1606.0,0.0
1607.0,1.0
