x,y
1221.0,492.0
1220.0,490.0
1217.0,491.0
1216.0,491.0
1216.0,490.0
1216.0,490.0
1216.0,490.0
1217.0,490.0
1216.0,489.0
1217.0,489.0
1217.0,489.0
1217.0,489.0
1217.0,489.0
1217.0,488.0
1216.0,489.0
1216.0,490.0
1216.0,489.0
1216.0,491.0
1216.0,492.0
1215.0,492.0
1216.0,493.0
1215.0,494.0
1215.0,495.0
1216.0,495.0
1216.0,495.0
1216.0,495.0
1217.0,495.0
1216.0,495.0
1216.0,496.0
1217.0,496.0
1216.0,496.0
1216.0,497.0
1217.0,497.0
1217.0,497.0
1217.0,498.0
1217.0,498.0
1215.0,498.0
1215.0,498.0
1215.0,498.0
1215.0,500.0
1215.0,501.0
1215.0,500.0
1216.0,500.0
1215.0,500.0
1216.0,500.0
1216.0,500.0
1215.0,501.0
1216.0,501.0
1215.0,500.0
1216.0,500.0
1216.0,500.0
1216.0,501.0
1216.0,501.0
1216.0,501.0
1216.0,501.0
1216.0,501.0
1216.0,501.0
1216.0,501.0
1216.0,501.0
1216.0,500.0
1216.0,500.0
1216.0,499.0
1216.0,499.0
1218.0,497.0
1219.0,495.0
1219.0,495.0
1219.0,494.0
1218.0,494.0
1219.0,494.0
1221.0,494.0
1222.0,494.0
1222.0,495.0
1224.0,493.0
1224.0,492.0
1218.0,492.0
1211.0,484.0
1196.0,464.0
1174.0,440.0
1140.0,400.0
1092.0,344.0
1015.0,311.0
920.0,274.0
825.0,263.0
735.0,297.0
682.0,362.0
650.0,433.0
671.0,512.0
707.0,590.0
743.0,671.0
766.0,759.0
799.0,855.0
845.0,933.0
906.0,979.0
994.0,1028.0
1069.0,1007.0
1174.0,990.0
1291.0,1030.0
1450.0,1058.0
