x,y
194.0,857.0
200.0,851.0
196.0,850.0
210.0,840.0
213.0,838.0
206.0,838.0
219.0,830.0
218.0,821.0
217.0,821.0
216.0,819.0
217.0,819.0
216.0,820.0
219.0,821.0
216.0,819.0
215.0,818.0
214.0,818.0
214.0,817.0
213.0,818.0
212.0,819.0
212.0,819.0
212.0,819.0
214.0,821.0
214.0,822.0
211.0,822.0
210.0,821.0
209.0,820.0
208.0,820.0
206.0,819.0
204.0,818.0
203.0,816.0
202.0,815.0
201.0,814.0
201.0,814.0
200.0,814.0
201.0,814.0
201.0,814.0
201.0,815.0
201.0,815.0
202.0,816.0
205.0,816.0
204.0,815.0
204.0,816.0
205.0,817.0
207.0,817.0
206.0,817.0
208.0,818.0
208.0,818.0
208.0,817.0
210.0,816.0
209.0,816.0
210.0,817.0
209.0,817.0
210.0,817.0
212.0,816.0
213.0,815.0
214.0,815.0
214.0,815.0
213.0,814.0
215.0,814.0
215.0,813.0
216.0,813.0
216.0,813.0
216.0,813.0
216.0,813.0
217.0,812.0
217.0,812.0
218.0,811.0
220.0,810.0
220.0,810.0
221.0,810.0
221.0,810.0
222.0,809.0
223.0,810.0
223.0,810.0
222.0,810.0
222.0,809.0
223.0,810.0
223.0,810.0
223.0,810.0
224.0,810.0
225.0,810.0
226.0,810.0
226.0,808.0
228.0,807.0
228.0,807.0
229.0,806.0
228.0,806.0
229.0,808.0
228.0,807.0
228.0,806.0
228.0,807.0
228.0,807.0
229.0,808.0
229.0,807.0
230.0,807.0
230.0,806.0
230.0,806.0
230.0,806.0
230.0,806.0
230.0,806.0
