x,y
539.0,512.0
538.0,511.0
537.0,511.0
538.0,511.0
538.0,512.0
539.0,511.0
539.0,511.0
540.0,509.0
540.0,509.0
539.0,510.0
539.0,509.0
539.0,510.0
538.0,511.0
537.0,508.0
538.0,507.0
539.0,507.0
539.0,506.0
538.0,505.0
534.0,508.0
535.0,509.0
537.0,507.0
537.0,506.0
539.0,507.0
535.0,508.0
537.0,507.0
536.0,509.0
537.0,506.0
537.0,506.0
537.0,506.0
537.0,506.0
537.0,506.0
537.0,505.0
537.0,505.0
537.0,506.0
536.0,505.0
537.0,506.0
537.0,506.0
537.0,507.0
535.0,507.0
536.0,507.0
536.0,507.0
537.0,507.0
536.0,507.0
536.0,507.0
536.0,508.0
538.0,508.0
537.0,508.0
537.0,506.0
537.0,507.0
539.0,507.0
538.0,508.0
539.0,507.0
537.0,508.0
538.0,507.0
538.0,508.0
538.0,507.0
538.0,508.0
538.0,508.0
537.0,508.0
537.0,507.0
537.0,507.0
538.0,508.0
538.0,508.0
538.0,508.0
538.0,508.0
538.0,508.0
538.0,508.0
538.0,508.0
539.0,508.0
538.0,508.0
539.0,509.0
539.0,508.0
539.0,508.0
538.0,508.0
539.0,508.0
539.0,508.0
539.0,508.0
538.0,508.0
539.0,508.0
539.0,508.0
539.0,508.0
540.0,509.0
540.0,509.0
540.0,509.0
540.0,509.0
540.0,509.0
541.0,510.0
541.0,510.0
541.0,509.0
541.0,510.0
541.0,510.0
542.0,510.0
542.0,509.0
542.0,509.0
542.0,508.0
543.0,510.0
543.0,510.0
543.0,510.0
543.0,509.0
543.0,510.0
