x,y
1041.0,370.0
1030.0,364.0
1030.0,363.0
1036.0,365.0
1038.0,366.0
1036.0,365.0
1040.0,372.0
1040.0,373.0
1038.0,371.0
1038.0,372.0
1048.0,386.0
1048.0,387.0
1048.0,387.0
1048.0,386.0
1049.0,388.0
1048.0,387.0
1050.0,381.0
1050.0,381.0
1052.0,384.0
1054.0,384.0
1053.0,383.0
1055.0,384.0
1055.0,384.0
1055.0,385.0
1054.0,385.0
1054.0,385.0
1053.0,385.0
1056.0,386.0
1055.0,386.0
1055.0,386.0
1054.0,385.0
1055.0,386.0
1055.0,386.0
1055.0,386.0
1055.0,385.0
1066.0,384.0
1090.0,387.0
1095.0,406.0
1080.0,418.0
1068.0,392.0
1070.0,393.0
1071.0,392.0
1071.0,391.0
1071.0,391.0
1065.0,388.0
1069.0,390.0
1072.0,392.0
1072.0,392.0
1072.0,393.0
1072.0,393.0
1067.0,389.0
1072.0,391.0
1073.0,390.0
1073.0,389.0
1073.0,389.0
1070.0,389.0
1075.0,394.0
1075.0,389.0
1076.0,391.0
1075.0,390.0
1073.0,388.0
1074.0,389.0
1075.0,393.0
1076.0,394.0
1076.0,389.0
1074.0,394.0
1078.0,388.0
1077.0,395.0
1077.0,387.0
1077.0,388.0
1078.0,388.0
1078.0,389.0
1077.0,388.0
1076.0,390.0
1077.0,389.0
1075.0,389.0
1077.0,389.0
1076.0,388.0
1075.0,389.0
1076.0,389.0
1076.0,389.0
1083.0,398.0
1085.0,406.0
1085.0,405.0
1083.0,404.0
1086.0,402.0
1087.0,405.0
1085.0,404.0
1085.0,405.0
1084.0,405.0
1083.0,406.0
1082.0,401.0
1082.0,400.0
1083.0,401.0
1083.0,401.0
1083.0,404.0
1083.0,404.0
1084.0,404.0
1083.0,404.0
1084.0,405.0
