x,y
1084.0,404.0
1084.0,405.0
1084.0,404.0
1083.0,405.0
1083.0,405.0
1083.0,405.0
1083.0,405.0
1080.0,400.0
1080.0,400.0
1079.0,402.0
1080.0,402.0
1080.0,402.0
1078.0,402.0
1077.0,402.0
1077.0,402.0
1077.0,402.0
1079.0,402.0
1078.0,402.0
1078.0,402.0
1078.0,402.0
1078.0,402.0
1077.0,403.0
1078.0,402.0
1078.0,402.0
1077.0,403.0
1077.0,403.0
1076.0,405.0
1074.0,404.0
1075.0,402.0
1075.0,401.0
1073.0,403.0
1074.0,403.0
1075.0,403.0
1075.0,402.0
1074.0,401.0
1075.0,402.0
1073.0,402.0
1073.0,401.0
1075.0,400.0
1074.0,402.0
1074.0,401.0
1073.0,403.0
1073.0,401.0
1074.0,400.0
1074.0,402.0
1074.0,401.0
1074.0,400.0
1074.0,401.0
1073.0,401.0
1073.0,401.0
1075.0,401.0
1074.0,401.0
1073.0,401.0
1074.0,401.0
1073.0,402.0
1073.0,401.0
1074.0,401.0
1073.0,401.0
1073.0,400.0
1073.0,401.0
1073.0,401.0
1073.0,401.0
1073.0,400.0
1073.0,401.0
1073.0,400.0
1071.0,406.0
1077.0,402.0
1079.0,399.0
1076.0,399.0
1086.0,396.0
1096.0,398.0
1102.0,406.0
1112.0,418.0
1134.0,435.0
1154.0,457.0
1194.0,471.0
1214.0,497.0
1243.0,543.0
1250.0,591.0
1252.0,632.0
1224.0,673.0
1198.0,715.0
1174.0,761.0
1159.0,781.0
1152.0,795.0
1161.0,801.0
1170.0,803.0
1182.0,807.0
1191.0,816.0
1186.0,822.0
1170.0,838.0
1154.0,851.0
1153.0,853.0
1156.0,858.0
1161.0,866.0
1162.0,900.0
1156.0,897.0
1154.0,905.0
1144.0,908.0
1159.0,904.0
