x,y
598.0,48.0
575.0,104.0
542.0,175.0
526.0,231.0
504.0,289.0
492.0,343.0
476.0,389.0
476.0,417.0
477.0,454.0
481.0,483.0
506.0,518.0
517.0,530.0
544.0,555.0
541.0,582.0
519.0,587.0
531.0,702.0
533.0,768.0
549.0,840.0
579.0,902.0
627.0,943.0
685.0,971.0
742.0,996.0
811.0,1024.0
877.0,1050.0
938.0,1060.0
995.0,1060.0
1054.0,1061.0
1096.0,1036.0
1124.0,1008.0
1161.0,979.0
1180.0,953.0
1202.0,948.0
1220.0,933.0
1240.0,926.0
1256.0,918.0
1259.0,905.0
1259.0,890.0
1258.0,867.0
1263.0,853.0
1268.0,824.0
1283.0,804.0
1299.0,790.0
1316.0,790.0
1331.0,809.0
1356.0,849.0
1370.0,883.0
1412.0,904.0
1443.0,907.0
1479.0,913.0
1520.0,923.0
1541.0,925.0
1587.0,942.0
1615.0,953.0
1643.0,973.0
1674.0,999.0
1721.0,1018.0
1748.0,1078.0
