x,y
1245.0,750.0
1245.0,750.0
1245.0,750.0
1245.0,750.0
1244.0,750.0
1245.0,750.0
1246.0,751.0
1246.0,751.0
1247.0,751.0
1247.0,751.0
1247.0,751.0
1248.0,750.0
1248.0,751.0
1249.0,752.0
1249.0,751.0
1249.0,752.0
1248.0,751.0
1248.0,751.0
1248.0,752.0
1249.0,752.0
1249.0,752.0
1249.0,751.0
1249.0,751.0
1249.0,751.0
1248.0,751.0
1248.0,751.0
1248.0,750.0
1247.0,749.0
1248.0,749.0
1248.0,750.0
1248.0,749.0
1248.0,750.0
1248.0,749.0
1248.0,749.0
1248.0,749.0
1249.0,750.0
1250.0,750.0
1249.0,749.0
1249.0,750.0
1250.0,749.0
1249.0,750.0
1250.0,750.0
1250.0,750.0
1250.0,749.0
1250.0,750.0
1250.0,750.0
1250.0,750.0
1250.0,750.0
1250.0,750.0
1250.0,750.0
1250.0,750.0
1249.0,750.0
1246.0,750.0
1240.0,758.0
1230.0,776.0
1221.0,800.0
1206.0,828.0
1208.0,856.0
1215.0,888.0
1229.0,918.0
1233.0,943.0
1243.0,974.0
1239.0,1015.0
1227.0,1049.0
1213.0,1067.0
1192.0,1066.0
1146.0,1073.0
1102.0,1075.0
1053.0,1078.0
