x,y
878.0,480.0
878.0,476.0
875.0,476.0
874.0,476.0
877.0,474.0
876.0,474.0
875.0,473.0
874.0,473.0
876.0,472.0
878.0,470.0
878.0,474.0
877.0,471.0
877.0,470.0
876.0,470.0
877.0,470.0
877.0,470.0
877.0,470.0
877.0,469.0
876.0,471.0
877.0,471.0
878.0,470.0
877.0,471.0
877.0,469.0
877.0,468.0
876.0,469.0
878.0,468.0
876.0,473.0
879.0,468.0
874.0,470.0
873.0,475.0
870.0,476.0
871.0,478.0
873.0,477.0
875.0,476.0
869.0,478.0
866.0,477.0
866.0,476.0
863.0,477.0
864.0,476.0
865.0,476.0
865.0,475.0
862.0,473.0
852.0,472.0
846.0,476.0
839.0,484.0
827.0,496.0
810.0,516.0
791.0,540.0
769.0,559.0
736.0,573.0
710.0,582.0
687.0,608.0
652.0,622.0
615.0,637.0
579.0,657.0
525.0,674.0
490.0,710.0
452.0,742.0
405.0,768.0
385.0,806.0
358.0,837.0
331.0,869.0
303.0,888.0
266.0,903.0
243.0,911.0
225.0,913.0
210.0,909.0
201.0,905.0
186.0,905.0
183.0,911.0
173.0,909.0
156.0,914.0
151.0,906.0
145.0,902.0
133.0,900.0
109.0,884.0
133.0,886.0
132.0,875.0
130.0,881.0
135.0,874.0
136.0,862.0
141.0,861.0
142.0,860.0
144.0,859.0
141.0,859.0
144.0,859.0
142.0,859.0
142.0,859.0
141.0,859.0
142.0,859.0
141.0,859.0
142.0,859.0
142.0,858.0
145.0,857.0
144.0,858.0
142.0,856.0
145.0,856.0
146.0,855.0
143.0,852.0
145.0,852.0
