x,y
1392.0,930.0
1373.0,874.0
1357.0,840.0
1344.0,816.0
1331.0,794.0
1319.0,774.0
1307.0,758.0
1301.0,744.0
1296.0,739.0
1293.0,737.0
1291.0,740.0
1290.0,742.0
1286.0,741.0
1283.0,742.0
1275.0,748.0
1267.0,755.0
1252.0,775.0
1236.0,789.0
1217.0,801.0
1193.0,811.0
1179.0,819.0
1178.0,820.0
1198.0,816.0
1227.0,814.0
1258.0,821.0
1271.0,819.0
1271.0,814.0
1260.0,806.0
1240.0,791.0
1228.0,783.0
1215.0,768.0
1213.0,757.0
1210.0,754.0
1220.0,750.0
1223.0,745.0
1232.0,744.0
1238.0,745.0
1239.0,744.0
1239.0,743.0
1238.0,743.0
1240.0,742.0
1240.0,743.0
1236.0,738.0
1236.0,738.0
1236.0,738.0
1239.0,740.0
1239.0,739.0
1239.0,739.0
1239.0,739.0
1240.0,740.0
1241.0,739.0
1240.0,740.0
1240.0,739.0
1240.0,738.0
1240.0,740.0
1239.0,741.0
1239.0,740.0
1238.0,739.0
1238.0,739.0
1238.0,739.0
1238.0,739.0
1238.0,738.0
1238.0,739.0
1238.0,739.0
1238.0,739.0
1238.0,739.0
1238.0,740.0
1238.0,740.0
1238.0,739.0
1238.0,741.0
1237.0,739.0
1237.0,741.0
1237.0,741.0
1237.0,742.0
1238.0,742.0
1238.0,742.0
1239.0,743.0
1239.0,742.0
1238.0,740.0
1239.0,742.0
1239.0,743.0
1240.0,744.0
1241.0,744.0
1241.0,745.0
1236.0,740.0
1241.0,745.0
1236.0,744.0
1236.0,744.0
1237.0,746.0
1239.0,747.0
1241.0,748.0
1242.0,747.0
1242.0,748.0
1242.0,748.0
1241.0,747.0
1243.0,747.0
1243.0,747.0
1243.0,747.0
1243.0,747.0
1241.0,746.0
