x,y
1214.0,128.0
1202.0,150.0
1199.0,173.0
1203.0,186.0
1203.0,191.0
1210.0,204.0
1210.0,208.0
1202.0,215.0
1213.0,209.0
1219.0,212.0
1230.0,217.0
1215.0,218.0
1219.0,216.0
1219.0,213.0
1219.0,217.0
1222.0,218.0
1222.0,220.0
1221.0,220.0
1220.0,223.0
1220.0,223.0
1221.0,220.0
1221.0,220.0
1222.0,221.0
1222.0,220.0
1221.0,219.0
1221.0,220.0
1221.0,219.0
1222.0,219.0
1223.0,219.0
1223.0,219.0
1217.0,219.0
1216.0,221.0
1217.0,223.0
1217.0,222.0
1216.0,223.0
1213.0,220.0
1222.0,219.0
1224.0,209.0
1207.0,205.0
1195.0,193.0
1178.0,187.0
1158.0,190.0
1136.0,202.0
1113.0,222.0
1080.0,244.0
1033.0,269.0
983.0,292.0
933.0,309.0
890.0,317.0
860.0,329.0
835.0,357.0
827.0,377.0
824.0,393.0
832.0,410.0
837.0,426.0
848.0,439.0
847.0,446.0
854.0,459.0
858.0,458.0
856.0,455.0
858.0,458.0
857.0,455.0
856.0,456.0
858.0,456.0
859.0,456.0
859.0,456.0
859.0,455.0
858.0,456.0
859.0,455.0
859.0,455.0
858.0,455.0
859.0,453.0
859.0,454.0
859.0,454.0
859.0,453.0
859.0,453.0
859.0,452.0
860.0,452.0
863.0,452.0
864.0,451.0
864.0,451.0
865.0,450.0
865.0,450.0
865.0,450.0
866.0,451.0
866.0,451.0
866.0,451.0
865.0,451.0
866.0,451.0
866.0,452.0
865.0,451.0
865.0,451.0
865.0,451.0
866.0,451.0
866.0,452.0
865.0,452.0
866.0,451.0
865.0,452.0
866.0,452.0
866.0,452.0
