x,y
1858.0,364.0
1818.0,362.0
1768.0,373.0
1731.0,376.0
1698.0,380.0
1682.0,405.0
1664.0,411.0
1658.0,429.0
1655.0,434.0
1652.0,444.0
1650.0,456.0
1645.0,465.0
1646.0,471.0
1642.0,479.0
1639.0,484.0
1631.0,486.0
1628.0,481.0
1619.0,488.0
1626.0,487.0
1623.0,495.0
1620.0,500.0
1618.0,507.0
1617.0,505.0
1620.0,505.0
1633.0,508.0
1625.0,513.0
1623.0,511.0
1625.0,513.0
1626.0,514.0
1623.0,510.0
1624.0,509.0
1623.0,509.0
1623.0,509.0
1623.0,509.0
1623.0,508.0
1623.0,508.0
1623.0,508.0
1623.0,508.0
1623.0,508.0
1622.0,508.0
1622.0,508.0
1622.0,508.0
1622.0,508.0
1623.0,509.0
1622.0,509.0
1623.0,510.0
1621.0,511.0
1621.0,512.0
1621.0,515.0
1619.0,515.0
1619.0,515.0
1620.0,515.0
1620.0,516.0
1619.0,516.0
1620.0,516.0
1621.0,516.0
1620.0,516.0
1621.0,515.0
1621.0,516.0
1622.0,515.0
1621.0,513.0
1620.0,505.0
1610.0,504.0
1597.0,490.0
1580.0,467.0
1560.0,449.0
1528.0,433.0
1495.0,415.0
1453.0,393.0
1404.0,379.0
1342.0,360.0
1292.0,347.0
1239.0,326.0
1197.0,319.0
1165.0,318.0
1141.0,325.0
1135.0,340.0
1111.0,350.0
1112.0,351.0
1090.0,349.0
1089.0,348.0
1084.0,347.0
1083.0,347.0
1083.0,349.0
1083.0,345.0
1076.0,347.0
1072.0,349.0
1072.0,349.0
1065.0,352.0
1072.0,349.0
1073.0,351.0
1072.0,351.0
1072.0,352.0
1072.0,352.0
1073.0,353.0
1072.0,352.0
1069.0,352.0
1071.0,350.0
1071.0,350.0
1071.0,350.0
