x,y
1001.0,148.0
994.0,170.0
991.0,176.0
997.0,176.0
1002.0,172.0
1009.0,174.0
1025.0,185.0
1050.0,204.0
1079.0,220.0
1111.0,243.0
1145.0,257.0
1178.0,261.0
1210.0,263.0
1238.0,271.0
1271.0,278.0
1287.0,290.0
1311.0,311.0
1326.0,328.0
1332.0,348.0
1344.0,373.0
1359.0,388.0
1372.0,392.0
1386.0,379.0
1413.0,361.0
1433.0,348.0
1456.0,338.0
1475.0,336.0
1496.0,341.0
1517.0,354.0
1538.0,385.0
1553.0,411.0
1580.0,448.0
1606.0,484.0
1627.0,526.0
1650.0,544.0
1686.0,563.0
1733.0,567.0
1771.0,573.0
1814.0,590.0
1868.0,632.0
1909.0,666.0
