x,y
1001.0,976.0
997.0,964.0
994.0,961.0
988.0,948.0
988.0,942.0
986.0,935.0
991.0,934.0
998.0,926.0
1004.0,926.0
1003.0,927.0
1001.0,930.0
1002.0,927.0
1003.0,925.0
1003.0,926.0
1004.0,926.0
1005.0,925.0
1007.0,927.0
1006.0,926.0
1005.0,926.0
1006.0,926.0
1005.0,926.0
1006.0,927.0
1006.0,927.0
1006.0,927.0
1006.0,927.0
1007.0,928.0
1005.0,928.0
1006.0,926.0
1009.0,925.0
1006.0,924.0
1002.0,919.0
1002.0,919.0
1001.0,918.0
1002.0,916.0
1001.0,916.0
1002.0,917.0
1002.0,916.0
1002.0,918.0
1002.0,916.0
1002.0,918.0
1002.0,918.0
1003.0,916.0
1002.0,916.0
1002.0,916.0
1002.0,916.0
1003.0,919.0
1003.0,918.0
1003.0,918.0
1003.0,917.0
1004.0,918.0
1003.0,918.0
1003.0,918.0
1004.0,918.0
1001.0,918.0
1002.0,915.0
998.0,917.0
998.0,915.0
997.0,914.0
997.0,914.0
994.0,911.0
994.0,909.0
993.0,910.0
993.0,909.0
994.0,909.0
993.0,909.0
992.0,909.0
992.0,907.0
993.0,906.0
992.0,907.0
993.0,908.0
993.0,910.0
993.0,910.0
993.0,910.0
993.0,910.0
993.0,908.0
993.0,909.0
993.0,909.0
993.0,908.0
993.0,909.0
992.0,910.0
992.0,907.0
991.0,906.0
993.0,904.0
994.0,903.0
998.0,904.0
998.0,903.0
998.0,901.0
998.0,903.0
998.0,902.0
997.0,902.0
997.0,901.0
998.0,901.0
1000.0,900.0
1000.0,898.0
1001.0,902.0
1002.0,903.0
1000.0,902.0
999.0,902.0
1000.0,903.0
999.0,900.0
