x,y
1150.0,931.0
1148.0,906.0
1132.0,866.0
1115.0,830.0
1109.0,803.0
1124.0,775.0
1141.0,744.0
1145.0,707.0
1139.0,675.0
1137.0,646.0
1124.0,619.0
1135.0,586.0
1146.0,562.0
1152.0,545.0
1163.0,521.0
1167.0,507.0
1167.0,500.0
1168.0,495.0
1161.0,483.0
1164.0,492.0
1168.0,491.0
1163.0,493.0
1164.0,491.0
1162.0,492.0
1161.0,491.0
1160.0,492.0
1159.0,493.0
1159.0,492.0
1160.0,491.0
1160.0,491.0
1159.0,491.0
1158.0,491.0
1158.0,490.0
1157.0,489.0
1158.0,489.0
1157.0,489.0
1157.0,488.0
1156.0,488.0
1156.0,488.0
1156.0,487.0
1156.0,488.0
1157.0,488.0
1156.0,487.0
1157.0,487.0
1157.0,486.0
1154.0,487.0
1155.0,486.0
1156.0,486.0
1156.0,484.0
1155.0,484.0
1154.0,482.0
1154.0,481.0
1154.0,481.0
1154.0,480.0
1154.0,480.0
1154.0,480.0
1154.0,480.0
1154.0,480.0
1154.0,480.0
1155.0,481.0
1155.0,479.0
1153.0,476.0
1155.0,475.0
1155.0,476.0
1158.0,473.0
1157.0,473.0
1157.0,473.0
1156.0,473.0
1157.0,472.0
1154.0,473.0
1154.0,473.0
1154.0,472.0
1155.0,472.0
1154.0,472.0
1155.0,471.0
1156.0,471.0
1155.0,471.0
1156.0,470.0
1157.0,470.0
1156.0,470.0
1156.0,470.0
1157.0,470.0
1157.0,470.0
1157.0,470.0
1157.0,469.0
1157.0,468.0
1157.0,468.0
1156.0,468.0
1156.0,468.0
1157.0,468.0
1157.0,467.0
1157.0,466.0
1157.0,467.0
1157.0,467.0
1157.0,466.0
1157.0,466.0
1157.0,464.0
1157.0,464.0
1157.0,462.0
1156.0,461.0
