x,y
360.0,547.0
361.0,547.0
362.0,547.0
362.0,547.0
369.0,545.0
368.0,545.0
369.0,544.0
371.0,545.0
369.0,545.0
373.0,546.0
375.0,546.0
376.0,547.0
376.0,547.0
378.0,547.0
380.0,546.0
379.0,548.0
379.0,550.0
379.0,551.0
380.0,551.0
380.0,550.0
380.0,551.0
380.0,550.0
379.0,550.0
379.0,551.0
378.0,551.0
378.0,551.0
381.0,549.0
381.0,548.0
378.0,551.0
378.0,551.0
380.0,548.0
380.0,548.0
380.0,548.0
374.0,551.0
379.0,550.0
381.0,550.0
381.0,550.0
382.0,549.0
381.0,550.0
382.0,550.0
380.0,551.0
380.0,551.0
382.0,552.0
381.0,552.0
382.0,551.0
382.0,550.0
382.0,550.0
382.0,551.0
380.0,552.0
381.0,553.0
380.0,552.0
380.0,553.0
381.0,552.0
382.0,553.0
383.0,553.0
383.0,554.0
384.0,552.0
386.0,552.0
386.0,553.0
390.0,554.0
389.0,553.0
387.0,553.0
388.0,555.0
391.0,556.0
389.0,554.0
390.0,555.0
390.0,553.0
389.0,554.0
389.0,553.0
387.0,553.0
388.0,553.0
387.0,554.0
387.0,554.0
387.0,553.0
387.0,553.0
388.0,553.0
388.0,554.0
388.0,555.0
387.0,552.0
387.0,553.0
388.0,552.0
388.0,552.0
390.0,552.0
389.0,553.0
389.0,554.0
389.0,554.0
389.0,554.0
389.0,553.0
390.0,553.0
390.0,553.0
391.0,553.0
394.0,551.0
394.0,552.0
394.0,552.0
394.0,553.0
391.0,554.0
393.0,556.0
393.0,555.0
394.0,554.0
394.0,555.0
