x,y
871.0,347.0
869.0,347.0
867.0,346.0
866.0,345.0
868.0,344.0
869.0,342.0
867.0,342.0
868.0,344.0
869.0,345.0
870.0,346.0
867.0,345.0
865.0,345.0
867.0,343.0
867.0,341.0
866.0,341.0
865.0,342.0
867.0,345.0
861.0,353.0
857.0,352.0
858.0,351.0
861.0,351.0
866.0,351.0
859.0,350.0
862.0,349.0
864.0,339.0
869.0,336.0
873.0,345.0
859.0,353.0
859.0,349.0
869.0,344.0
870.0,346.0
864.0,348.0
857.0,339.0
863.0,347.0
865.0,341.0
865.0,342.0
861.0,347.0
860.0,346.0
858.0,346.0
863.0,342.0
850.0,325.0
835.0,317.0
818.0,297.0
797.0,281.0
775.0,262.0
761.0,245.0
745.0,223.0
731.0,210.0
723.0,194.0
712.0,180.0
697.0,166.0
680.0,158.0
665.0,144.0
658.0,122.0
638.0,101.0
625.0,84.0
611.0,69.0
598.0,65.0
590.0,61.0
578.0,66.0
558.0,75.0
540.0,90.0
502.0,97.0
471.0,109.0
432.0,119.0
376.0,124.0
315.0,124.0
245.0,131.0
184.0,140.0
125.0,151.0
68.0,163.0
7.0,176.0
