x,y
385.0,567.0
385.0,568.0
385.0,568.0
386.0,568.0
386.0,568.0
386.0,568.0
385.0,567.0
385.0,567.0
385.0,568.0
384.0,568.0
384.0,568.0
384.0,568.0
383.0,569.0
383.0,569.0
383.0,570.0
381.0,571.0
383.0,572.0
382.0,572.0
383.0,571.0
382.0,571.0
382.0,571.0
378.0,565.0
379.0,565.0
381.0,568.0
381.0,568.0
381.0,569.0
381.0,569.0
381.0,570.0
381.0,570.0
381.0,568.0
384.0,569.0
383.0,569.0
382.0,567.0
381.0,567.0
381.0,567.0
380.0,566.0
380.0,566.0
382.0,566.0
380.0,565.0
382.0,569.0
379.0,569.0
378.0,571.0
378.0,571.0
377.0,573.0
378.0,573.0
378.0,573.0
376.0,572.0
376.0,572.0
377.0,572.0
377.0,572.0
377.0,573.0
377.0,574.0
377.0,574.0
378.0,574.0
377.0,573.0
379.0,576.0
379.0,576.0
379.0,575.0
378.0,575.0
380.0,574.0
378.0,574.0
379.0,574.0
380.0,576.0
380.0,577.0
380.0,577.0
380.0,577.0
381.0,576.0
379.0,576.0
380.0,576.0
380.0,576.0
381.0,574.0
382.0,574.0
381.0,575.0
380.0,574.0
382.0,573.0
382.0,571.0
382.0,571.0
383.0,571.0
381.0,573.0
381.0,574.0
381.0,573.0
380.0,575.0
383.0,577.0
383.0,577.0
382.0,577.0
382.0,575.0
383.0,575.0
384.0,575.0
384.0,573.0
384.0,572.0
385.0,571.0
383.0,573.0
383.0,573.0
382.0,572.0
381.0,573.0
383.0,572.0
381.0,573.0
381.0,572.0
382.0,573.0
381.0,575.0
