x,y
387.0,566.0
386.0,566.0
387.0,567.0
386.0,567.0
386.0,568.0
384.0,568.0
385.0,568.0
385.0,568.0
386.0,567.0
386.0,567.0
387.0,567.0
387.0,566.0
387.0,566.0
386.0,564.0
387.0,564.0
388.0,562.0
387.0,561.0
387.0,561.0
387.0,559.0
386.0,560.0
386.0,562.0
387.0,562.0
387.0,562.0
388.0,563.0
388.0,564.0
386.0,564.0
387.0,564.0
386.0,565.0
387.0,565.0
387.0,568.0
388.0,573.0
386.0,579.0
388.0,575.0
387.0,576.0
386.0,575.0
386.0,575.0
387.0,574.0
379.0,570.0
385.0,572.0
386.0,573.0
380.0,569.0
382.0,567.0
387.0,569.0
391.0,569.0
391.0,569.0
389.0,569.0
389.0,571.0
390.0,566.0
391.0,568.0
393.0,563.0
395.0,561.0
396.0,560.0
396.0,561.0
395.0,561.0
395.0,562.0
394.0,565.0
394.0,563.0
395.0,562.0
397.0,564.0
396.0,563.0
396.0,564.0
397.0,564.0
396.0,564.0
397.0,563.0
398.0,563.0
398.0,563.0
398.0,563.0
397.0,562.0
398.0,563.0
398.0,563.0
399.0,561.0
398.0,559.0
398.0,559.0
398.0,560.0
397.0,559.0
398.0,559.0
398.0,559.0
397.0,560.0
398.0,561.0
395.0,559.0
396.0,560.0
393.0,561.0
394.0,559.0
394.0,559.0
394.0,561.0
393.0,562.0
394.0,560.0
384.0,565.0
384.0,564.0
383.0,565.0
381.0,566.0
383.0,564.0
383.0,565.0
384.0,564.0
383.0,564.0
383.0,564.0
385.0,566.0
384.0,566.0
384.0,566.0
385.0,567.0
