x,y
1080.0,366.0
1080.0,366.0
1080.0,366.0
1080.0,366.0
1080.0,365.0
1080.0,365.0
1080.0,364.0
1079.0,364.0
1079.0,364.0
1079.0,364.0
1079.0,364.0
1079.0,363.0
1080.0,361.0
1080.0,360.0
1083.0,357.0
1082.0,356.0
1082.0,352.0
1081.0,351.0
1081.0,350.0
1082.0,350.0
1081.0,350.0
1081.0,349.0
1080.0,348.0
1080.0,348.0
1081.0,348.0
1081.0,347.0
1081.0,347.0
1080.0,347.0
1080.0,346.0
1080.0,345.0
1080.0,345.0
1081.0,345.0
1080.0,346.0
1081.0,345.0
1080.0,343.0
1079.0,341.0
1080.0,341.0
1079.0,341.0
1078.0,340.0
1078.0,340.0
1080.0,342.0
1078.0,340.0
1078.0,340.0
1078.0,340.0
1079.0,341.0
1079.0,338.0
1079.0,333.0
1080.0,329.0
1079.0,328.0
1082.0,328.0
1081.0,327.0
1081.0,327.0
1081.0,327.0
1081.0,328.0
1081.0,328.0
1081.0,327.0
1082.0,326.0
1083.0,326.0
1084.0,325.0
1084.0,325.0
1083.0,325.0
1083.0,324.0
1085.0,322.0
1086.0,322.0
1089.0,323.0
1089.0,323.0
1089.0,323.0
1089.0,324.0
1089.0,324.0
1089.0,323.0
1089.0,323.0
1090.0,323.0
1090.0,322.0
1089.0,322.0
1089.0,323.0
1091.0,322.0
1092.0,321.0
1094.0,321.0
1095.0,320.0
1095.0,320.0
1095.0,320.0
1095.0,319.0
1094.0,319.0
1094.0,319.0
1095.0,319.0
1094.0,319.0
1094.0,319.0
1094.0,319.0
1095.0,319.0
1095.0,319.0
1095.0,319.0
1094.0,319.0
1095.0,319.0
1097.0,319.0
1099.0,322.0
1101.0,321.0
1102.0,321.0
1104.0,320.0
1106.0,329.0
1143.0,315.0
