x,y
314.0,32.0
377.0,54.0
439.0,78.0
511.0,111.0
575.0,140.0
633.0,166.0
685.0,168.0
718.0,158.0
747.0,136.0
770.0,121.0
779.0,96.0
807.0,72.0
831.0,59.0
779.0,87.0
752.0,111.0
735.0,132.0
713.0,170.0
707.0,187.0
715.0,209.0
722.0,232.0
743.0,240.0
769.0,254.0
786.0,261.0
796.0,276.0
805.0,310.0
852.0,369.0
904.0,425.0
920.0,423.0
903.0,409.5
886.0,396.0
869.0,382.5
852.0,369.0
852.0,368.0
850.0,370.0
824.0,352.0
799.0,325.0
798.0,325.0
809.0,318.0
808.0,317.0
833.0,339.0
831.0,337.0
866.0,331.0
903.0,338.0
885.0,381.0
796.0,334.0
782.0,328.0
851.0,369.0
920.0,422.0
918.0,423.0
920.0,422.0
914.0,387.0
887.0,376.0
885.0,380.0
886.0,378.0
885.0,373.0
884.0,374.0
883.0,373.0
887.0,374.0
885.0,372.0
886.0,378.0
885.0,379.0
886.0,377.0
884.0,372.0
884.0,372.0
883.0,378.0
885.0,379.0
884.0,379.0
885.0,379.0
820.0,350.0
785.0,330.0
785.0,331.0
779.0,336.0
779.0,335.0
780.0,336.0
785.0,332.0
785.0,331.0
786.0,332.0
783.0,334.0
784.0,334.0
785.0,334.0
785.0,334.0
790.0,332.0
789.0,332.0
790.0,332.0
786.0,335.0
786.0,334.0
785.0,334.0
785.0,334.0
785.0,334.0
785.0,334.0
785.0,335.0
785.0,335.0
784.0,337.0
786.0,342.0
785.0,337.0
792.0,336.0
792.0,335.0
793.0,336.0
792.0,336.0
793.0,335.0
