x,y
418.0,572.0
416.0,571.0
415.0,572.0
416.0,572.0
416.0,572.0
415.0,576.0
416.0,574.0
415.0,576.0
412.0,575.0
411.0,575.0
410.0,577.0
404.0,582.0
402.0,583.0
400.0,584.0
400.0,585.0
400.0,585.0
400.0,585.0
401.0,585.0
398.0,586.0
398.0,586.0
397.0,586.0
397.0,586.0
395.0,586.0
395.0,585.0
403.0,585.0
402.0,585.0
398.0,575.0
400.0,585.0
399.0,602.0
399.0,602.0
399.0,603.0
401.0,584.0
400.0,584.0
399.0,584.0
399.0,584.0
399.0,585.0
399.0,585.0
397.0,577.0
396.0,576.0
397.0,575.0
396.0,576.0
395.0,575.0
394.0,576.0
395.0,576.0
394.0,576.0
393.0,576.0
393.0,576.0
393.0,577.0
392.0,576.0
392.0,575.0
393.0,575.0
392.0,574.0
393.0,574.0
393.0,575.0
393.0,575.0
393.0,575.0
392.0,573.0
393.0,571.0
393.0,571.0
394.0,569.0
394.0,569.0
395.0,569.0
395.0,569.0
395.0,569.0
395.0,568.0
395.0,567.0
397.0,569.0
397.0,569.0
397.0,570.0
398.0,570.0
398.0,570.0
398.0,570.0
398.0,570.0
397.0,570.0
396.0,569.0
395.0,570.0
394.0,568.0
392.0,565.0
394.0,566.0
393.0,566.0
398.0,567.0
398.0,567.0
398.0,568.0
400.0,568.0
400.0,569.0
399.0,568.0
399.0,567.0
399.0,567.0
395.0,566.0
397.0,567.0
396.0,567.0
398.0,568.0
398.0,569.0
398.0,568.0
399.0,569.0
399.0,568.0
399.0,568.0
401.0,569.0
401.0,570.0
401.0,570.0
