x,y
293.0,768.0
293.0,768.0
293.0,768.0
294.0,767.0
294.0,767.0
294.0,767.0
294.0,767.0
293.0,769.0
290.0,774.0
293.0,775.0
292.0,776.0
291.0,775.0
292.0,775.0
289.0,775.0
290.0,774.0
291.0,772.0
290.0,773.0
292.0,773.0
290.0,775.0
289.0,774.0
290.0,776.0
293.0,775.0
289.0,775.0
292.0,776.0
297.0,779.0
297.0,779.0
297.0,779.0
296.0,780.0
296.0,781.0
294.0,779.0
292.0,780.0
290.0,780.0
288.0,781.0
289.0,785.0
289.0,785.0
288.0,787.0
289.0,787.0
289.0,787.0
289.0,786.0
288.0,786.0
288.0,786.0
288.0,786.0
288.0,786.0
288.0,786.0
288.0,786.0
288.0,786.0
288.0,787.0
288.0,789.0
287.0,791.0
287.0,789.0
287.0,789.0
287.0,789.0
287.0,789.0
287.0,789.0
287.0,789.0
288.0,789.0
286.0,791.0
284.0,791.0
283.0,792.0
287.0,793.0
288.0,794.0
288.0,794.0
289.0,794.0
287.0,795.0
286.0,792.0
290.0,793.0
291.0,793.0
291.0,794.0
294.0,792.0
293.0,793.0
294.0,793.0
294.0,791.0
295.0,790.0
296.0,791.0
297.0,790.0
297.0,789.0
299.0,789.0
302.0,788.0
298.0,786.0
298.0,785.0
299.0,787.0
298.0,785.0
298.0,786.0
298.0,786.0
301.0,784.0
301.0,782.0
301.0,782.0
301.0,780.0
299.0,778.0
300.0,777.0
299.0,778.0
300.0,778.0
300.0,779.0
301.0,778.0
300.0,778.0
300.0,778.0
298.0,781.0
298.0,780.0
298.0,780.0
298.0,781.0
