x,y
297.0,781.0
296.0,780.0
294.0,782.0
296.0,781.0
296.0,782.0
296.0,782.0
298.0,782.0
297.0,782.0
298.0,782.0
296.0,782.0
296.0,782.0
296.0,782.0
296.0,782.0
297.0,782.0
296.0,781.0
297.0,782.0
297.0,782.0
296.0,782.0
297.0,783.0
296.0,783.0
296.0,782.0
296.0,783.0
297.0,784.0
296.0,785.0
297.0,785.0
297.0,786.0
296.0,786.0
296.0,786.0
296.0,787.0
295.0,786.0
296.0,787.0
295.0,786.0
295.0,786.0
295.0,787.0
295.0,787.0
295.0,787.0
296.0,786.0
296.0,786.0
297.0,787.0
297.0,787.0
295.0,786.0
296.0,787.0
296.0,789.0
296.0,790.0
296.0,790.0
296.0,792.0
295.0,796.0
294.0,796.0
295.0,798.0
295.0,797.0
293.0,797.0
294.0,798.0
293.0,797.0
290.0,800.0
289.0,801.0
290.0,798.0
290.0,799.0
285.0,797.0
278.0,797.0
259.0,789.0
252.0,785.0
232.0,789.0
214.0,802.0
204.0,818.0
202.0,824.0
209.0,836.0
224.0,843.0
239.0,854.0
242.0,869.0
281.0,868.0
295.0,868.0
320.0,880.0
346.0,876.0
374.0,885.0
399.0,899.0
441.0,912.0
470.0,945.0
507.0,966.0
538.0,978.0
564.0,991.0
585.0,997.0
601.0,1016.0
633.0,1022.0
661.0,1022.0
689.0,1029.0
707.0,1016.0
721.0,1003.0
737.0,985.0
755.0,963.0
770.0,942.0
772.0,931.0
789.0,924.0
801.0,926.0
809.0,919.0
822.0,907.0
826.0,913.0
834.0,906.0
838.0,888.0
841.0,884.0
836.0,877.0
