x,y
558.0,529.0
565.0,531.0
566.0,531.0
566.0,531.0
567.0,533.0
568.0,534.0
567.0,534.0
567.0,534.0
567.0,533.0
567.0,534.0
567.0,533.0
568.0,534.0
567.0,534.0
567.0,534.0
567.0,533.0
567.0,532.0
567.0,533.0
566.0,532.0
566.0,533.0
566.0,533.0
566.0,533.0
566.0,532.0
566.0,533.0
552.0,516.0
551.0,517.0
552.0,517.0
551.0,517.0
551.0,517.0
552.0,517.0
565.0,532.0
565.0,532.0
565.125,532.375
565.25,532.75
565.375,533.125
565.5,533.5
565.625,533.875
565.75,534.25
565.875,534.625
566.0,535.0
566.0,535.0
570.0,536.0
568.0,535.0
549.0,519.0
559.5,528.0
570.0,537.0
568.0,536.0
568.0,536.0
567.0,535.0
566.0,535.0
565.0,535.0
566.0,536.0
569.0,537.0
569.0,537.0
568.0,537.0
570.0,538.0
571.0,539.0
569.0,537.0
569.0,538.0
570.0,538.0
570.0,539.0
571.0,539.0
570.0,538.0
571.0,538.0
570.0,536.0
553.0,520.0
554.0,520.0
554.0,520.0
555.0,520.0
555.0,520.0
554.0,519.0
555.0,519.0
554.0,519.0
555.0,519.0
555.0,520.0
554.0,519.0
555.0,520.0
554.0,519.0
554.0,520.0
553.0,519.0
553.0,520.0
554.0,520.0
555.0,520.0
554.0,520.0
554.0,520.0
554.0,520.0
554.0,520.0
554.0,520.0
553.0,520.0
553.0,520.0
553.0,520.0
553.0,521.0
553.0,521.0
553.0,522.0
552.0,522.0
552.0,524.0
552.0,523.0
552.0,524.0
552.0,523.0
552.0,524.0
553.0,524.0
