x,y
252.0,36.0
273.0,70.0
278.0,96.0
288.0,135.0
282.0,181.0
287.0,221.0
310.0,258.0
333.0,304.0
341.0,336.0
349.0,379.0
356.0,401.0
365.0,436.0
383.0,452.0
400.0,479.0
415.0,508.0
431.0,515.0
435.0,531.0
442.0,544.0
449.0,548.0
464.0,552.0
458.0,547.0
460.0,544.0
461.0,542.0
462.0,546.0
464.0,547.0
464.0,548.0
464.0,550.0
464.0,547.0
464.0,546.0
467.0,542.0
467.0,539.0
468.0,540.0
468.0,541.0
469.0,540.0
468.0,539.0
473.0,538.0
473.0,537.0
474.0,537.0
474.0,535.0
473.0,533.0
472.0,537.0
471.0,539.0
470.0,538.0
469.0,538.0
470.0,539.0
468.0,535.0
471.0,534.0
471.0,538.0
476.0,537.0
478.0,535.0
480.0,533.0
482.0,534.0
481.0,535.0
481.0,535.0
481.0,534.0
483.0,534.0
482.0,534.0
484.0,534.0
486.0,535.0
487.0,537.0
488.0,536.0
488.0,537.0
488.0,537.0
489.0,538.0
490.0,538.0
492.0,538.0
492.0,536.0
492.0,535.0
492.0,535.0
492.0,534.0
492.0,534.0
492.0,533.0
492.0,536.0
493.0,537.0
495.0,539.0
496.0,541.0
496.0,540.0
496.0,540.0
495.0,541.0
495.0,540.0
496.0,541.0
495.0,540.0
496.0,540.0
496.0,540.0
497.0,541.0
497.0,542.0
497.0,542.0
498.0,542.0
499.0,542.0
500.0,542.0
500.0,542.0
500.0,542.0
500.0,541.0
500.0,541.0
500.0,544.0
501.0,548.0
498.0,550.0
497.0,553.0
496.0,553.0
496.0,552.0
