x,y
793.0,335.0
792.0,335.0
793.0,335.0
793.0,336.0
792.0,336.0
792.0,337.0
792.0,337.0
793.0,337.0
793.0,337.0
797.0,340.0
799.0,343.0
800.0,343.0
800.0,343.0
800.0,343.0
800.0,342.0
800.0,343.0
799.0,343.0
799.0,343.0
799.0,343.0
799.0,344.0
797.0,344.0
799.0,343.0
799.0,344.0
799.0,344.0
798.0,344.0
798.0,344.0
798.0,344.0
799.0,344.0
799.0,345.0
798.0,346.0
798.0,346.0
799.0,346.0
799.0,347.0
798.0,348.0
797.0,349.0
798.0,348.0
797.0,349.0
796.0,349.0
797.0,348.0
797.0,349.0
796.0,350.0
796.0,350.0
797.0,350.0
796.0,352.0
795.0,353.0
794.0,347.0
794.0,347.0
793.0,346.0
786.0,340.0
782.0,342.0
759.0,346.0
738.0,351.0
718.0,358.0
678.0,366.0
648.0,403.0
629.0,432.0
612.0,480.0
588.0,533.0
569.0,584.0
542.0,641.0
533.0,698.0
507.0,739.0
489.0,783.0
486.0,813.0
478.0,841.0
470.0,845.0
472.0,844.0
468.0,838.0
468.0,828.0
467.0,826.0
457.0,821.0
455.0,820.0
453.0,826.0
452.0,827.0
453.0,827.0
453.0,826.0
451.0,827.0
452.0,827.0
451.0,826.0
451.0,827.0
450.0,827.0
449.0,828.0
449.0,828.0
448.0,828.0
448.0,826.0
449.0,826.0
450.0,826.0
451.0,824.0
451.0,823.0
450.0,822.0
449.0,822.0
450.0,820.0
449.0,821.0
448.0,821.0
448.0,821.0
448.0,821.0
448.0,819.0
447.0,819.0
447.0,819.0
447.0,819.0
