x,y
1359.0,391.0
1359.0,392.0
1359.0,392.0
1359.0,392.0
1359.0,390.0
1359.0,392.0
1359.0,393.0
1358.0,393.0
1359.0,392.0
1358.0,392.0
1358.0,391.0
1357.0,391.0
1357.0,390.0
1354.0,392.0
1355.0,389.0
1356.0,387.0
1357.0,387.0
1357.0,385.0
1356.0,387.0
1352.0,390.0
1354.0,391.0
1359.0,391.0
1371.0,387.0
1396.0,373.0
1417.0,376.0
1423.0,380.0
1430.0,392.0
1452.0,406.0
1459.0,427.0
1465.0,434.0
1463.0,449.0
1452.0,475.0
1421.0,501.0
1395.0,523.0
1351.0,563.0
1327.0,608.0
1293.0,658.0
1273.0,719.0
1268.0,786.0
1259.0,864.0
1304.0,928.0
1334.0,1010.0
1375.0,1073.0
1360.4,1062.6666666666667
1345.8,1052.3333333333333
1331.2,1042.0
1316.6,1031.6666666666667
1302.0,1021.3333333333334
1287.4,1011.0
1272.8,1000.6666666666666
1258.2,990.3333333333334
1243.6,980.0
1229.0,969.6666666666666
1214.4,959.3333333333334
1199.8,949.0
1185.2,938.6666666666666
1170.6,928.3333333333333
1156.0,918.0
1156.0,918.0
1156.0,918.3333333333334
1156.0,918.6666666666666
1156.0,919.0
