x,y
676.0,797.0
676.0,798.0
676.0,797.0
675.0,797.0
676.0,798.0
676.0,798.0
675.0,798.0
674.0,798.0
675.0,798.0
675.0,798.0
675.0,798.0
675.0,798.0
675.0,798.0
675.0,798.0
675.0,798.0
675.0,798.0
675.0,798.0
675.0,798.0
675.0,798.0
675.0,799.0
675.0,799.0
675.0,799.0
675.0,799.0
674.0,800.0
674.0,800.0
674.0,800.0
674.0,800.0
674.0,800.0
674.0,800.0
672.0,799.0
673.0,799.0
673.0,799.0
672.0,799.0
672.0,799.0
672.0,799.0
673.0,799.0
673.0,799.0
673.0,800.0
673.0,800.0
672.0,800.0
672.0,800.0
672.0,800.0
672.0,800.0
672.0,800.0
672.0,800.0
672.0,800.0
672.0,800.0
672.0,800.0
672.0,800.0
672.0,800.0
672.0,800.0
672.0,800.0
671.0,800.0
671.0,800.0
671.0,800.0
671.0,800.0
672.0,800.0
672.0,799.0
672.0,799.0
672.0,799.0
671.0,799.0
672.0,799.0
671.0,799.0
671.0,799.0
672.0,798.0
670.0,799.0
670.0,798.3333333333334
670.0,797.6666666666666
670.0,797.0
670.0,799.0
668.0,800.0
669.0,797.0
669.0,800.0
669.0,801.0
670.0,800.0
670.0,805.0
670.0,807.0
670.0,801.0
670.0,800.0
668.0,800.0
669.0,799.0
668.0,800.0
668.0,800.0
673.0,793.0
673.0,791.0
673.0,790.0
673.0,791.0
673.0,790.0
673.0,790.0
672.0,790.0
673.0,790.0
673.0,790.0
674.0,790.0
674.0,790.0
674.0,790.0
673.0,791.0
673.0,791.0
673.0,791.0
673.0,791.0
673.0,791.0
