x,y
562.0,554.0
561.0,553.0
563.0,554.0
569.0,557.0
569.0,556.0
569.0,558.0
566.0,556.0
567.0,556.0
567.0,556.0
565.0,556.0
563.0,555.0
555.625,546.625
548.25,538.25
540.875,529.875
533.5,521.5
526.125,513.125
518.75,504.75
511.375,496.375
504.0,488.0
458.0,450.0
492.0,437.0
549.0,398.0
557.0,339.0
564.0,293.0
564.0,292.0
564.0,291.0
564.0,282.0
469.0,335.0
451.0,400.0
446.0,425.0
448.0,445.0
454.0,462.0
454.0,463.0
447.0,448.0
447.0,381.0
461.0,346.0
471.0,334.0
642.0,531.0
642.0,531.0
610.0,538.0
598.375,534.375
586.75,530.75
575.125,527.125
563.5,523.5
551.875,519.875
540.25,516.25
528.625,512.625
517.0,509.0
517.3333333333334,509.0
517.6666666666666,509.0
518.0,509.0
518.125,508.7916666666667
518.25,508.5833333333333
518.375,508.375
518.5,508.1666666666667
518.625,507.9583333333333
518.75,507.75
518.875,507.5416666666667
519.0,507.3333333333333
519.125,507.125
519.25,506.9166666666667
519.375,506.7083333333333
519.5,506.5
519.625,506.2916666666667
519.75,506.0833333333333
519.875,505.875
520.0,505.6666666666667
520.125,505.4583333333333
520.25,505.25
520.375,505.0416666666667
520.5,504.8333333333333
520.625,504.625
520.75,504.4166666666667
520.875,504.2083333333333
521.0,504.0
523.0,510.0
525.0,511.8333333333333
527.0,513.6666666666666
529.0,515.5
531.0,517.3333333333334
533.0,519.1666666666666
535.0,521.0
536.0,521.0
536.0,521.0
534.0,521.0
534.0,522.3333333333334
534.0,523.6666666666666
534.0,525.0
524.0,510.0
510.0,488.0
472.0,460.0
471.7826086956522,459.7391304347826
471.5652173913044,459.4782608695652
471.3478260869565,459.2173913043478
471.1304347826087,458.95652173913044
470.9130434782609,458.69565217391306
470.69565217391306,458.4347826086956
470.4782608695652,458.17391304347825
470.2608695652174,457.9130434782609
470.04347826086956,457.6521739130435
