x,y
663.0,795.0
664.0,794.0
663.0,793.0
662.0,792.0
662.0,792.0
663.0,790.0
661.0,792.0
661.0,792.0
661.0,792.0
661.0,792.0
661.0,791.0
661.0,791.0
661.0,791.0
664.0,790.0
664.0,790.0
661.0,793.0
661.0,792.0
662.0,792.0
664.0,791.0
663.0,791.0
664.0,790.0
664.0,790.0
664.0,790.0
664.0,790.0
664.0,790.0
665.0,790.0
664.0,790.0
664.0,791.0
664.0,791.0
664.0,790.0
664.0,790.0
664.0,790.0
665.0,790.0
665.0,791.0
666.0,791.0
665.0,791.0
665.0,790.0
665.0,791.0
666.0,791.0
666.0,791.0
666.0,791.0
666.0,791.0
666.0,791.0
666.0,791.0
665.0,791.0
665.0,791.0
666.0,791.0
665.0,791.0
665.0,791.0
665.0,791.0
670.0,795.0
666.0,791.0
657.0,780.0
657.0,783.0
656.0,785.0
671.0,786.0
670.0,795.0
670.0,795.0
670.0,795.0
670.0,795.0
670.0,796.0
670.0,795.0
669.0,795.0
671.0,795.0
670.0,795.0
666.0,797.0
668.0,791.5
670.0,786.0
670.0,787.0
670.0,786.0
670.0,796.0
670.0,793.0
670.0,790.0
670.0,787.0
670.0,786.0
670.0,786.0
671.0,786.0
670.0,795.0
666.0,794.0
666.0,795.0
670.0,796.0
669.0,793.0
670.0,787.0
670.0,787.0
667.0,796.0
669.0,796.0
670.0,793.0
670.0,793.0
669.0,793.0
669.0,793.0
669.0,793.0
670.0,794.0
671.0,793.0
672.0,793.0
671.0,795.0
672.0,794.0
672.0,794.0
670.0,795.0
671.0,795.0
671.0,794.0
