x,y
661.0,788.3333333333334
661.0,788.0
661.0,788.0
661.0,788.0
661.0,789.0
661.0,789.0
661.0,789.0
661.0,789.0
661.0,789.0
662.0,789.0
662.0,789.0
662.0,789.0
662.0,789.0
661.0,789.0
662.0,789.0
661.0,790.0
661.0,790.0
662.0,790.0
662.0,790.0
662.0,790.0
662.0,790.0
662.0,790.0
662.0,790.0
662.0,790.0
662.0,790.0
662.0,790.0
662.0,790.0
662.0,791.0
662.0,790.5
662.0,790.0
662.0,790.0
662.0,790.0
662.0,790.0
662.0,791.0
662.0,791.0
662.0,791.0
661.0,792.0
661.0,793.0
661.0,793.0
662.0,794.0
662.2,794.1
662.4,794.2
662.6,794.3
662.8,794.4
663.0,794.5
663.2,794.6
663.4,794.7
663.6,794.8
663.8,794.9
664.0,795.0
664.0,795.0
664.0,794.0
663.0,794.0
664.0,795.0
663.0,794.0
663.0,794.0
664.0,794.0
663.0,794.0
663.0,793.0
663.0,793.0
663.0,793.0
663.0,793.0
663.0,793.0
663.0,793.0
663.0,793.0
663.0,793.0
664.0,795.0
664.0,795.0
664.0,795.0
664.0,795.0
663.0,794.0
663.0,795.0
663.0,794.0
663.0,794.0
663.0,794.0
663.0,795.0
663.0,794.0
664.0,795.0
663.0,794.0
663.0,794.0
663.0,795.0
663.0,795.0
663.0,795.0
663.0,795.0
663.0,794.0
664.0,794.0
663.0,794.0
663.0,794.0
663.0,794.0
663.0,794.0
663.0,795.0
664.0,795.0
663.0,794.0
663.0,795.0
664.0,794.0
663.0,795.0
663.0,795.0
664.0,795.0
664.0,795.0
663.0,794.0
