x,y
445.75,389.5
443.0,405.0
443.0,405.0
443.0,405.0
442.0,404.0
443.0,384.0
443.0952380952381,383.85714285714283
443.1904761904762,383.7142857142857
443.2857142857143,383.57142857142856
443.3809523809524,383.42857142857144
443.4761904761905,383.2857142857143
443.57142857142856,383.14285714285717
443.6666666666667,383.0
443.76190476190476,382.85714285714283
443.85714285714283,382.7142857142857
443.95238095238096,382.57142857142856
444.04761904761904,382.42857142857144
444.14285714285717,382.2857142857143
444.23809523809524,382.14285714285717
444.3333333333333,382.0
444.42857142857144,381.85714285714283
444.5238095238095,381.7142857142857
444.6190476190476,381.57142857142856
444.7142857142857,381.42857142857144
444.8095238095238,381.2857142857143
444.9047619047619,381.14285714285717
445.0,381.0
447.0,381.0
445.0,382.0
445.0,382.0
445.0,382.0
445.0,383.0
445.0,381.0
446.0,380.0
447.0,381.0
445.0,381.0
445.0,381.0
445.1,380.9
445.2,380.8
445.3,380.7
445.4,380.6
445.5,380.5
445.6,380.4
445.7,380.3
445.8,380.2
445.9,380.1
446.0,380.0
446.0,380.0
445.0,380.0
