x,y
712.0,363.0
711.0,364.0
711.0,362.0
710.0,362.0
709.0,362.0
707.0,362.0
708.0,362.0
707.3333333333334,359.6666666666667
706.6666666666666,357.3333333333333
706.0,355.0
704.0,355.0
708.0,350.0
708.0,346.0
717.0,335.0
718.0,330.0
719.3333333333334,336.3333333333333
720.6666666666666,342.6666666666667
722.0,349.0
722.0,356.0
721.0,356.0
724.0,361.0
726.0,358.0
723.0,354.0
724.0,356.0
716.0,354.0
710.0,347.0
694.0,356.0
686.0,362.0
684.0,368.0
695.0,386.0
693.0,412.0
698.0,422.0
706.0,433.0
713.0,444.0
716.0,456.0
718.0,467.0
737.0,521.0
735.0,525.0
733.0,526.0
731.0,524.0
714.0,532.0
709.0,531.0
703.0,530.0
701.0,530.0
670.0,518.0
658.0,488.0
646.0,492.0
649.0,507.0
646.0,511.0
638.0,508.0
642.0,507.0
615.0,511.0
640.0,506.0
644.0,509.0
645.0,509.0
642.0,509.0
638.0,506.0
638.0,504.0
638.0,504.0
636.0,505.0
636.0,507.0
636.0,509.0
635.0,509.0
635.0,509.0
637.0,508.0
635.0,509.0
638.0,509.0
636.0,511.0
637.0,509.0
641.0,513.0
642.0,513.0
642.0,513.0
642.0,513.0
642.0,514.0
642.25,514.25
642.5,514.5
642.75,514.75
643.0,515.0
644.0,520.0
645.0,520.0
645.0,521.0
643.0,522.0
644.0,523.0
644.0,523.0
644.0,523.0
644.0,523.0
644.0,524.0
644.0,524.0
644.0,524.0
646.0,525.0
646.0,525.0
645.0,526.0
645.0,526.0
645.0,525.0
646.0,526.0
645.0,524.0
645.0,524.0
645.0,525.0
645.0,524.0
645.0,526.0
