x,y
672.0,786.0
672.0,785.5
672.0,785.0
672.0,784.0
668.0,789.0
577.0,883.0
672.0,784.0
672.0,784.0
666.0,786.0
671.0,784.0
668.0,789.0
672.0,784.0
672.0,784.0
665.0,786.0
672.0,784.0
667.0,788.0
672.0,784.0
666.0,787.0
672.0,784.0
665.0,787.0
672.0,784.0
665.0,785.0
665.0,785.0
666.0,786.0
666.0,786.0
666.0,786.0
665.0,786.0
557.0,779.0
475.0,743.0
475.0,741.0
473.0,742.0
470.0,744.0
469.0,746.0
469.0,748.0
467.0,746.0
468.0,745.0
467.0,747.0
468.0,750.0
439.0,729.0
401.0,708.0
394.0,718.0
395.0,720.0
439.0,731.0
418.0,726.0
394.0,737.0
388.0,758.0
390.6666666666667,750.6666666666666
393.3333333333333,743.3333333333334
396.0,736.0
420.0,725.0
407.0,798.0
489.0,813.0
525.0,862.0
526.0,868.0
526.0,872.0
668.0,784.0
668.5,784.0
669.0,784.0
661.0,786.0
669.0,785.0
661.0,786.0
670.0,784.0
670.0,784.0
670.0,786.0
670.0,784.0
670.0,785.0
670.0,785.0
662.0,786.0
670.0,785.0
661.0,786.0
670.0,785.0
662.0,786.0
670.0,784.0
663.0,786.0
670.0,785.0
664.0,788.0
670.0,784.0
663.0,786.0
671.0,784.0
663.0,786.0
670.0,784.0
664.0,788.0
670.0,784.0
664.0,787.0
670.0,784.0
664.0,787.0
670.0,784.0
663.0,788.0
670.0,786.0
662.0,787.0
670.0,785.0
662.0,788.0
662.0,789.0
662.0,790.0
663.0,791.0
663.0,790.0
662.0,790.0
662.0,790.0
662.0,790.0
662.0,790.0
