x,y
670.0,788.0
671.0,788.0
671.0,788.0
670.0,788.0
671.0,788.0
669.0,786.0
673.0,784.0
674.0,784.0
674.0,784.0
674.0,784.0
674.0,784.0
670.0,788.0
670.0,788.0
669.0,787.0
669.0,788.0
674.0,784.0
674.0,784.0
674.0,784.0
668.0,786.0
669.0,787.0
668.0,787.0
668.0,786.0
668.0,786.0
669.0,787.0
669.0,787.0
668.0,786.0
668.0,786.0
668.0,786.0
667.0,785.0
667.0,785.0
667.0,785.0
668.0,787.0
667.0,787.0
672.0,790.0
672.0,789.0
671.0,789.0
667.0,785.0
662.0,782.0
662.0,780.0
661.0,779.0
661.0,779.0
661.0,779.0
661.0,779.0
661.0,780.0
661.0,779.0
661.0,779.0
661.0,779.0
661.0,779.0
661.0,779.0
660.0,780.0
660.0,779.0
660.0,779.0
660.0,779.0
660.0,779.0
674.0,784.0
661.0,779.0
660.0,778.0
673.0,784.0
674.0,784.0
673.0,784.0
674.0,784.0
575.0,760.0
471.0,805.0
472.0,805.0
474.5,806.25
477.0,807.5
479.5,808.75
482.0,810.0
484.5,811.25
487.0,812.5
489.5,813.75
492.0,815.0
485.0,814.0
483.0,812.0
486.0,812.0
478.0,789.0
470.0,766.0
462.0,743.0
464.0,743.0
464.0,742.0
463.0,741.0
463.0,740.0
462.0,736.0
465.0,735.0
465.0,733.0
464.0,735.0
462.0,733.0
464.0,725.0
469.0,720.0
466.0,719.0
462.0,720.0
461.0,725.0
674.0,785.0
672.0,785.0
670.0,790.0
670.0,789.0
670.0,789.0
670.0,789.0
670.0,789.0
668.0,788.0
