x,y
936.0,674.0
931.0,673.0
929.0,668.0
935.0,665.0
936.0,666.0
931.0,665.0
932.0,661.0
931.0,660.0
932.0,663.0
928.0,667.0
927.0,667.0
927.0,665.0
928.0,665.0
928.0,665.0
929.0,664.0
930.0,663.0
930.0,661.0
931.0,661.0
927.0,663.0
927.0,662.0
926.0,661.0
926.0,661.0
926.0,656.0
926.0,655.0
924.0,659.0
926.0,657.0
925.0,656.0
924.0,656.0
925.0,656.0
925.0,656.0
924.0,656.0
924.0,656.0
924.0,658.0
922.0,658.0
925.0,657.0
925.0,656.0
923.0,653.0
923.0,650.0
925.0,655.0
926.0,656.0
923.0,651.0
924.0,650.0
924.0,649.0
924.0,648.0
924.0,646.0
925.0,646.0
925.0,647.0
925.0,647.0
925.0,647.0
925.0,646.0
924.0,646.0
924.0,646.0
924.0,646.0
924.0,647.0
924.0,647.0
924.0,647.0
923.0,647.0
923.0,647.0
923.0,648.0
922.0,648.0
922.0,649.0
922.0,647.0
922.0,645.0
922.0,644.0
921.0,644.0
919.0,643.0
920.0,642.0
921.0,641.0
919.0,644.0
918.0,643.0
918.0,642.0
918.0,643.0
919.0,644.0
918.0,644.0
918.0,643.0
919.0,644.0
921.0,645.0
920.0,645.0
919.0,646.0
919.0,644.0
919.0,644.0
919.0,644.0
920.0,644.0
919.0,644.0
920.0,644.0
920.0,644.0
921.0,644.0
920.0,645.0
921.0,644.0
920.0,641.0
920.0,639.0
920.0,639.0
921.0,639.0
924.0,638.0
925.0,638.0
925.0,639.0
926.0,638.0
925.0,638.0
925.0,639.0
926.0,639.0
