x,y
1046.0,541.0
1046.0,544.0
1047.0,543.0
1046.0,540.0
1046.0,541.0
1045.0,540.0
1046.0,538.0
1047.0,536.0
1047.0,537.0
1048.0,545.0
1045.0,544.0
1046.0,540.0
1048.0,539.0
1049.0,539.0
1048.0,540.0
1049.0,539.0
1050.0,538.0
1049.0,538.0
1050.0,538.0
1052.0,537.0
1052.0,538.0
1050.0,540.0
1050.0,540.0
1048.0,543.0
1049.0,540.0
1049.0,539.0
1048.0,539.0
1050.0,539.0
1049.0,539.0
1049.0,540.0
1049.0,540.0
1049.0,539.0
1050.0,538.0
1050.0,539.0
1050.0,538.0
1051.0,539.0
1048.0,541.0
1049.0,542.0
1048.0,541.0
1049.0,541.0
1050.0,540.0
1049.0,542.0
1050.0,541.0
1049.0,542.0
1050.0,541.0
1050.0,541.0
1050.0,541.0
1050.0,541.0
1049.0,541.0
1050.0,541.0
1049.0,542.0
1050.0,540.0
1049.0,542.0
1048.0,541.0
1051.0,542.0
1052.0,542.0
1053.0,541.0
1051.0,540.0
1053.0,540.0
1052.0,540.0
1051.0,540.0
1051.0,539.0
1046.0,543.0
1045.0,539.0
1043.0,540.0
1041.0,540.0
1037.0,538.0
1043.0,538.0
1044.0,538.0
1043.0,542.0
1043.0,543.0
1045.0,542.0
1046.0,541.0
1045.0,545.0
1040.0,546.0
1024.0,542.0
1016.0,551.0
1008.0,554.0
988.0,578.0
989.0,592.0
980.0,599.0
966.0,598.0
956.0,594.0
936.0,591.0
922.0,581.0
901.0,565.0
891.0,561.0
878.0,563.0
871.0,563.0
867.0,564.0
871.0,558.0
874.0,564.0
888.0,525.0
883.0,505.0
873.0,490.0
874.0,469.0
895.0,460.0
920.0,441.0
948.0,428.0
991.0,436.0
