x,y
961.0,562.0
961.0,562.0
961.0,562.0
961.0,561.0
961.0,561.0
961.0,561.0
961.0,561.0
961.0,561.0
961.0,561.0
961.0,561.0
966.0,561.0
960.0,561.0
961.0,562.0
967.0,563.0
964.0,565.0
963.0,566.0
968.0,566.0
966.0,566.0
964.0,567.0
964.0,566.0
966.0,566.0
965.0,567.0
964.0,569.0
966.0,569.0
966.0,570.0
966.0,570.0
966.0,571.0
967.0,571.0
966.0,571.0
967.0,571.0
967.0,571.0
967.0,571.0
966.0,571.0
966.0,571.0
966.0,571.0
966.0,571.0
966.0,571.0
967.0,571.0
967.0,571.0
967.0,571.0
967.0,571.0
966.0,572.0
967.0,572.0
967.0,572.0
967.0,572.0
967.0,572.0
967.0,572.0
967.0,572.0
965.0,573.0
965.0,573.0
967.0,572.0
966.0,573.0
966.0,573.0
966.0,574.0
967.0,574.0
966.0,575.0
967.0,577.0
967.0,577.0
967.0,578.0
967.0,578.0
967.0,579.0
968.0,579.0
968.0,579.0
968.0,579.0
968.0,579.0
968.0,580.0
968.0,580.0
968.0,580.0
968.0,580.0
968.0,580.0
968.0,580.0
968.0,580.0
968.0,580.0
968.0,580.0
968.0,580.0
968.0,580.0
968.0,580.0
968.0,580.0
968.0,580.0
968.0,580.0
968.0,580.0
968.0,580.0
968.0,581.0
968.0,581.0
969.0,580.0
968.0,582.0
968.0,582.0
969.0,582.0
970.0,580.0
969.0,582.0
969.0,583.0
969.0,583.0
969.0,583.0
969.0,583.0
969.0,584.0
970.0,584.0
970.0,584.0
969.0,584.0
969.0,584.0
970.0,585.0
