x,y
1672.0,399.0
1671.0,400.0
1671.0,403.0
1667.0,405.0
1667.0,406.0
1667.0,407.0
1667.0,407.0
1668.0,408.0
1667.0,408.0
1668.0,408.0
1668.0,409.0
1666.0,411.0
1665.0,414.0
1665.0,414.0
1663.0,413.0
1664.0,414.0
1665.0,414.0
1665.0,414.0
1664.0,415.0
1665.0,413.0
1665.0,414.0
1664.0,413.0
1664.0,413.0
1665.0,415.0
1665.0,414.0
1664.0,414.0
1664.0,413.0
1661.0,416.0
1661.0,418.0
1661.0,418.0
1661.0,418.0
1661.0,417.0
1661.0,415.0
1659.0,417.0
1659.0,417.0
1660.0,417.0
1661.0,415.0
1662.0,415.0
1660.0,415.0
1654.0,413.0
1653.0,413.0
1653.0,414.0
1653.0,414.0
1653.0,415.0
1653.0,414.0
1653.0,414.0
1658.0,417.0
1652.0,413.0
1652.0,413.0
1652.0,413.0
1657.0,417.0
1653.0,413.0
1652.0,413.0
1652.0,411.0
1651.0,412.0
1651.0,413.0
1652.0,412.0
1652.0,412.0
1653.0,411.0
1652.0,411.0
1652.0,412.0
1652.0,411.0
1652.0,412.0
1651.0,410.0
1650.0,410.0
1651.0,413.0
1650.0,413.0
1650.0,413.0
1651.0,410.0
1651.0,413.0
1652.0,413.0
1652.0,411.0
1652.0,413.0
1652.0,412.0
1651.0,411.0
1651.0,411.0
1652.0,412.0
1652.0,413.0
1651.0,411.0
1661.0,418.0
1684.0,424.0
1664.0,421.0
1664.0,422.0
1681.0,429.0
1686.0,433.0
1704.0,435.0
1711.0,428.0
1701.0,475.0
1686.0,493.0
1660.0,515.0
1623.0,535.0
1584.0,576.0
1558.0,616.0
1529.0,654.0
1505.0,692.0
1479.0,725.0
1473.0,763.0
1449.0,789.0
1416.0,806.0
1376.0,827.0
