x,y
963.0,336.0
964.0,337.0
964.0,337.0
963.0,337.0
963.0,336.0
964.0,337.0
964.0,337.0
964.0,337.0
964.0,338.0
965.0,337.0
966.0,338.0
967.0,338.0
967.0,339.0
967.0,337.0
967.0,336.0
967.0,337.0
967.0,337.0
969.0,338.0
970.0,338.0
971.0,336.0
967.0,331.0
978.0,323.0
972.0,317.0
982.0,310.0
976.0,304.0
982.0,304.0
983.0,295.0
991.0,286.0
990.0,286.0
987.0,274.0
1001.0,269.0
990.0,263.0
991.0,248.0
990.0,241.0
994.0,226.0
994.0,227.0
1000.0,215.0
1000.0,208.0
999.0,212.0
1004.0,206.0
1001.0,211.0
1006.0,214.0
1016.0,208.0
1015.0,211.0
1009.0,208.0
1017.0,209.0
1014.0,207.0
1016.0,211.0
1013.0,206.0
1011.0,208.0
1010.0,207.0
1011.0,207.0
1014.0,208.0
1014.0,204.0
1012.0,208.0
1014.0,209.0
1014.0,207.0
1014.0,207.0
1011.0,209.0
1016.0,207.0
1013.0,208.0
1012.0,208.0
1011.0,209.0
1013.0,207.0
1015.0,206.0
1016.0,205.0
1016.0,206.0
1014.0,206.0
1013.0,207.0
1014.0,206.0
1013.0,205.0
1013.0,205.0
1014.0,206.0
1013.0,206.0
1014.0,206.0
1015.0,207.0
1016.0,205.0
1016.0,207.0
1013.0,206.0
1018.0,205.0
1019.0,206.0
1020.0,204.0
1019.0,205.0
1013.0,205.0
1019.0,204.0
1014.0,205.0
1013.0,205.0
1014.0,205.0
1013.0,203.0
1019.0,203.0
1015.0,206.0
1017.0,206.0
1024.0,207.0
1017.0,208.0
1019.0,210.0
1020.0,211.0
1020.0,209.0
1019.0,210.0
1021.0,211.0
1018.0,214.0
