x,y
1796.0,663.0
1796.0,662.0
1797.0,663.0
1797.0,662.0
1796.0,663.0
1796.0,662.0
1796.0,662.0
1795.0,661.0
1795.0,662.0
1795.0,661.0
1790.0,659.0
1788.0,660.0
1788.0,660.0
1788.0,659.0
1788.0,657.0
1789.0,657.0
1789.0,657.0
1789.0,657.0
1790.0,657.0
1790.0,658.0
1790.0,658.0
1790.0,657.0
1789.0,658.0
1789.0,657.0
1789.0,657.0
1789.0,657.0
1789.0,657.0
1790.0,657.0
1790.0,657.0
1789.0,657.0
1789.0,657.0
1789.0,657.0
1789.0,657.0
1789.0,657.0
1788.0,657.0
1788.0,657.0
1788.0,656.0
1788.0,656.0
1788.0,657.0
1784.0,659.0
1784.0,659.0
1785.0,658.0
1786.0,654.0
1779.0,648.0
1779.0,647.0
1775.0,643.0
1777.0,643.0
1776.0,643.0
1777.0,643.0
1777.0,643.0
1779.0,643.0
1781.0,643.0
1780.0,642.0
1780.0,643.0
1780.0,642.0
1781.0,642.0
1780.0,642.0
1780.0,639.0
1780.0,641.0
1779.0,643.0
1779.0,644.0
1779.0,644.0
1778.0,644.0
1779.0,644.0
1779.0,643.0
1780.0,643.0
1779.0,643.0
1779.0,644.0
1779.0,643.0
1779.0,642.0
1779.0,644.0
1780.0,643.0
1780.0,644.0
1781.0,645.0
1781.0,645.0
1781.0,645.0
1781.0,645.0
1780.0,645.0
1780.0,645.0
1781.0,647.0
1782.0,647.0
1782.0,645.0
1781.0,644.0
1781.0,644.0
1781.0,643.0
1781.0,643.0
1781.0,643.0
1782.0,644.0
1782.0,643.0
1782.0,642.0
1782.0,639.0
1782.0,639.0
1782.0,640.0
1782.0,639.0
1783.0,640.0
1783.0,640.0
1782.0,640.0
1783.0,640.0
1783.0,639.0
1782.0,639.0
