x,y
915.0,597.0
915.0,597.0
915.0,598.0
915.0,598.0
915.0,598.0
914.0,599.0
913.0,599.0
912.0,601.0
909.0,599.0
908.0,597.0
917.0,597.0
920.0,599.0
915.0,597.0
906.0,597.0
898.0,592.0
887.0,570.0
896.0,552.0
900.0,545.0
892.0,532.0
881.0,513.0
879.0,485.0
874.0,463.0
882.0,443.0
898.0,429.0
915.0,432.0
910.0,407.0
927.0,403.0
934.0,395.0
932.0,398.0
935.0,385.0
931.0,391.0
937.0,375.0
936.0,380.0
943.0,379.0
944.0,376.0
950.0,372.0
945.0,365.0
943.0,368.0
946.0,370.0
947.0,368.0
944.0,364.0
944.0,365.0
947.0,368.0
944.0,366.0
946.0,370.0
944.0,364.0
947.0,368.0
945.0,365.0
945.0,365.0
946.0,367.0
947.0,366.0
947.0,365.0
946.0,365.0
946.0,364.0
946.0,367.0
946.0,365.0
946.0,365.0
947.0,365.0
947.0,365.0
947.0,365.0
945.0,364.0
946.0,364.0
946.0,364.0
945.0,364.0
947.0,363.0
947.0,362.0
947.0,364.0
947.0,362.0
947.0,362.0
947.0,361.0
946.0,361.0
946.0,361.0
947.0,361.0
946.0,363.0
946.0,361.0
946.0,361.0
947.0,362.0
946.0,360.0
948.0,363.0
949.0,363.0
948.0,361.0
950.0,357.0
951.0,358.0
953.0,362.0
953.0,362.0
953.0,361.0
952.0,362.0
952.0,362.0
953.0,361.0
950.0,359.0
952.0,362.0
949.0,359.0
950.0,360.0
950.0,357.0
954.0,359.0
957.0,359.0
957.0,357.0
957.0,358.0
958.0,358.0
958.0,357.0
