x,y
280.0,844.0
288.0,840.0
282.0,843.0
285.0,833.0
285.0,829.0
285.0,824.0
283.0,823.0
284.0,821.0
284.0,820.0
281.0,819.0
281.0,819.0
280.0,818.0
279.0,818.0
278.0,819.0
279.0,818.0
280.0,819.0
281.0,819.0
281.0,819.0
281.0,819.0
278.0,818.0
278.0,817.0
278.0,819.0
281.0,819.0
281.0,819.0
280.0,819.0
281.0,819.0
281.0,820.0
283.0,819.0
282.0,820.0
283.0,820.0
282.0,820.0
280.0,820.0
280.0,818.0
280.0,818.0
277.0,819.0
280.0,820.0
271.0,820.0
277.0,819.0
246.0,838.0
249.0,841.0
251.0,847.0
253.28571428571428,857.7142857142857
255.57142857142858,868.4285714285714
257.85714285714283,879.1428571428571
260.14285714285717,889.8571428571429
262.42857142857144,900.5714285714286
264.7142857142857,911.2857142857142
267.0,922.0
258.0,929.0
262.0,945.0
251.5,953.75
241.0,962.5
230.5,971.25
220.0,980.0
199.0,981.0
180.0,1003.0
168.0,1013.0
173.0,1027.0
174.0,1025.0
180.0,1012.0
197.0,1010.0
206.0,1009.0
216.0,1012.0
218.0,1013.0
202.0,1013.0
198.0,1018.0
205.0,1024.0
212.0,1018.0
221.0,1042.0
251.0,1052.0
282.0,1056.0
303.0,1043.0
319.0,1027.0
342.0,1011.0
364.0,988.0
382.0,966.0
404.0,948.0
413.0,933.0
423.0,921.0
443.0,927.0
449.0,926.0
444.0,920.0
438.0,905.0
466.0,915.0
466.0,915.0
469.0,914.0
473.0,915.0
481.0,906.0
480.0,907.0
481.0,905.0
484.0,904.0
485.0,903.0
482.0,901.0
483.0,902.0
476.0,917.0
468.0,918.0
462.0,917.0
453.0,909.0
440.0,901.0
423.0,892.0
