x,y
1019.0,212.0
1020.0,213.0
1020.0,213.0
1020.0,212.0
1020.0,213.0
1020.0,212.0
1020.0,212.0
1020.0,212.0
1021.0,213.0
1022.0,212.0
1022.0,212.0
1026.0,205.0
1022.0,213.0
1023.0,213.0
1026.0,216.0
1026.0,214.0
1029.0,211.0
1027.0,214.0
1028.0,213.0
1028.0,214.0
1028.0,214.0
1029.0,213.0
1030.0,211.0
1029.0,212.0
1029.0,214.0
1029.0,212.0
1030.0,212.0
1029.0,212.0
1030.0,212.0
1031.0,210.0
1035.0,207.0
1034.0,206.0
1035.0,209.0
1036.0,208.0
1035.0,209.0
1035.0,210.0
1035.0,211.0
1036.0,210.0
1036.0,211.0
1035.0,211.0
1035.0,209.0
1035.0,209.0
1036.0,208.0
1036.0,208.0
1036.0,208.0
1036.0,209.0
1036.0,209.0
1034.0,208.0
1035.0,208.0
1036.0,209.0
1035.0,208.0
1035.0,209.0
1036.0,210.0
1037.0,209.0
1035.0,210.0
1037.0,210.0
1037.0,209.0
1036.0,209.0
1038.0,211.0
1036.0,210.0
1037.0,210.0
1042.0,210.0
1040.0,211.0
1038.0,210.0
1040.0,211.0
1040.0,211.0
1039.0,211.0
1040.0,211.0
1040.0,211.0
1040.0,211.0
1040.0,211.0
1040.0,211.0
1040.0,211.0
1040.0,212.0
1040.0,212.0
1040.0,212.0
1040.0,211.0
1041.0,211.0
1040.0,211.0
1040.0,211.0
1042.0,211.0
1045.0,211.0
1044.0,211.0
1043.0,210.0
1044.0,210.0
1044.0,210.0
1044.0,209.0
1045.0,209.0
1045.0,209.0
1044.0,209.0
1044.0,210.0
1044.0,210.0
1044.0,209.0
1044.0,209.0
1045.0,210.0
1044.0,209.0
1044.0,210.0
1044.0,210.0
1044.0,210.0
1044.0,209.0
