x,y
909.0,264.0
908.0,263.0
913.0,258.0
909.0,261.0
917.0,262.0
911.0,257.0
926.0,258.0
927.0,247.0
941.0,243.0
944.0,242.0
940.0,240.0
947.0,241.0
953.0,242.0
961.0,238.0
962.0,235.0
966.0,235.0
972.0,234.0
971.0,235.0
977.0,231.0
976.0,231.0
976.0,232.0
978.0,236.0
978.0,231.0
992.0,227.0
1002.0,201.0
1019.0,184.0
1042.0,164.0
1050.0,130.0
1056.0,110.0
1051.0,78.0
1036.0,49.0
1027.0,33.0
1000.0,16.0
971.0,8.0
939.0,19.0
906.0,45.0
869.0,62.0
831.0,97.0
809.0,119.0
785.0,132.0
766.0,127.0
743.0,112.0
726.0,125.0
701.0,145.0
674.0,162.0
658.0,191.0
635.0,224.0
610.0,277.0
582.0,330.0
547.0,378.0
511.0,412.0
483.0,453.0
464.0,491.0
457.0,511.0
462.0,535.0
467.0,552.0
464.0,564.0
455.0,565.0
449.0,559.0
443.0,564.0
444.0,560.0
437.0,562.0
435.0,564.0
438.0,575.0
441.0,567.0
438.0,561.0
448.0,547.0
435.0,566.0
431.0,568.0
430.0,568.0
435.0,575.0
432.0,566.0
427.0,560.0
430.0,561.0
425.0,561.0
427.0,566.0
428.0,569.0
418.0,555.0
408.0,551.0
377.0,543.0
339.0,543.0
285.0,547.0
221.0,551.0
144.0,560.0
68.0,560.0
2.0,544.0
