x,y
1048.0,791.0
1049.0,790.0
1048.0,792.0
1046.0,793.0
1047.0,792.0
1045.0,793.0
1046.0,793.0
1046.0,792.0
1045.0,791.0
1045.0,792.0
1045.0,793.0
1044.0,794.0
1045.0,793.0
1045.0,793.0
1045.0,793.0
1045.0,793.0
1045.0,793.0
1046.0,792.0
1045.0,792.0
1045.0,793.0
1045.0,793.0
1045.0,793.0
1045.0,793.0
1044.0,793.0
1045.0,793.0
1045.0,793.0
1044.0,793.0
1044.0,793.0
1045.0,792.0
1045.0,793.0
1045.0,793.0
1044.0,793.0
1044.0,793.0
1044.0,793.0
1044.0,793.0
1044.0,793.0
1044.0,792.0
1045.0,793.0
1045.0,792.0
1044.0,792.0
1044.0,792.0
1044.0,793.0
1044.0,793.0
1044.0,792.0
1044.0,793.0
1043.0,794.0
1045.0,795.0
1046.0,796.0
1047.0,795.0
1048.0,795.0
1049.0,794.0
1049.0,793.0
1051.0,794.0
1052.0,791.0
1051.0,789.0
1055.0,790.0
1059.0,789.0
1061.0,788.0
1062.0,788.0
1063.0,786.0
1066.0,787.0
1068.0,787.0
1068.0,789.0
1069.0,790.0
1072.0,791.0
1085.0,793.0
1101.0,785.0
1126.0,789.0
1146.0,792.0
1162.0,788.0
1160.0,792.0
1159.0,789.0
1156.0,787.0
1156.0,794.0
1153.0,778.0
1155.0,787.0
1152.0,781.0
1152.0,774.0
1146.0,782.0
1142.0,775.0
1142.0,779.0
1140.0,779.0
1137.0,778.0
1136.0,771.0
1134.0,775.0
1137.0,777.0
1132.0,776.0
1137.0,775.0
1133.0,771.0
1137.0,774.0
1142.0,777.0
1157.0,777.0
1167.0,771.0
1178.0,758.0
1189.0,740.0
1191.0,722.0
1198.0,706.0
1201.0,692.0
1199.0,696.0
1180.0,703.0
