x,y
473.0,8.0
481.0,16.0
485.0,34.0
497.0,31.0
502.0,38.0
514.0,46.0
530.0,59.0
544.0,80.0
558.0,108.0
569.0,149.0
578.0,194.0
572.0,239.0
569.0,294.0
572.0,331.0
564.0,368.0
570.0,400.0
560.0,434.0
539.0,467.0
525.0,504.0
500.0,543.0
496.0,580.0
498.0,602.0
503.0,623.0
513.0,622.0
511.0,616.0
524.0,621.0
526.0,605.0
518.0,612.0
520.0,607.0
512.0,615.0
520.0,620.0
518.0,621.0
519.0,613.0
520.0,622.0
519.0,612.0
519.0,604.0
513.0,607.0
508.0,602.0
517.0,618.0
518.0,626.0
511.0,625.0
519.0,639.0
511.0,637.0
516.0,636.0
507.0,636.0
519.0,637.0
518.0,632.0
526.0,639.0
524.0,633.0
520.0,644.0
532.0,641.0
528.0,645.0
530.0,645.0
533.0,640.0
527.0,644.0
532.0,641.0
533.0,642.0
529.0,646.0
530.0,644.0
529.0,646.0
536.0,679.0
535.0,678.0
531.0,676.0
535.0,679.0
534.0,678.0
535.0,679.0
536.0,680.0
537.0,680.0
536.0,680.0
536.0,680.0
537.0,680.0
537.0,680.0
536.0,679.0
531.0,676.0
532.0,641.0
531.0,641.0
531.0,641.0
532.0,642.0
532.0,642.0
532.0,645.0
532.0,645.0
531.0,645.0
530.0,645.0
530.0,645.0
529.0,645.0
529.0,644.0
529.0,643.0
529.0,642.0
527.0,642.0
529.0,641.0
528.0,641.0
528.0,641.0
528.0,641.0
529.0,643.0
529.0,646.0
528.0,644.0
529.0,644.0
529.0,644.0
529.0,643.0
529.0,643.0
