x,y
1514.0,561.0
1518.0,566.0
1533.0,559.0
1549.0,565.0
1539.0,572.0
1540.0,586.0
1541.0,603.0
1550.0,635.0
1553.0,642.0
1559.0,667.0
1551.0,689.0
1552.0,711.0
1549.0,713.0
1549.0,715.0
1553.0,721.0
1550.0,721.0
1554.0,727.0
1549.0,726.0
1553.0,742.0
1554.0,744.0
1554.0,745.0
1554.0,742.0
1553.0,743.0
1555.0,744.0
1555.0,745.0
1553.0,744.0
1553.0,742.0
1553.0,743.0
1551.0,744.0
1555.0,745.0
1561.0,745.0
1560.0,752.0
1548.0,761.0
1526.0,765.0
1510.0,764.0
1475.0,766.0
1443.0,768.0
1406.0,769.0
1369.0,776.0
1330.0,795.0
1283.0,816.0
1251.0,837.0
1214.0,844.0
1182.0,856.0
1160.0,854.0
1152.0,857.0
1154.0,854.0
1153.0,856.0
1156.0,852.0
1152.0,853.0
1155.0,845.0
1151.0,848.0
1137.0,855.0
1141.0,851.0
1121.0,851.0
1097.0,848.0
1085.0,837.0
1082.0,826.0
1071.0,815.0
1072.0,759.0
1050.0,737.0
1025.0,704.0
997.0,689.0
976.0,675.0
955.0,673.0
947.0,678.0
942.0,682.0
947.0,684.0
950.0,683.0
951.0,679.0
953.0,676.0
950.0,667.0
951.0,669.0
941.0,668.0
941.0,666.0
938.0,667.0
942.0,661.0
940.0,658.0
941.0,659.0
940.0,662.0
937.0,664.0
941.0,661.0
942.0,657.0
932.0,652.0
913.0,644.0
894.0,633.0
885.0,602.0
874.0,591.0
857.0,582.0
851.0,580.0
863.0,561.0
867.0,551.0
869.0,538.0
880.0,521.0
883.0,501.0
886.0,477.0
890.0,453.0
880.0,431.0
868.0,403.0
867.0,375.0
