x,y
1796.0,987.0
1794.0,987.0
1792.0,987.0
1790.0,987.0
1793.0,987.0
1800.0,988.0
1803.0,989.0
1803.0,989.0
1803.0,989.0
1801.0,989.0
1801.0,990.0
1806.0,989.0
1791.0,987.0
1791.0,987.0
1791.4871794871794,987.0512820512821
1791.974358974359,987.1025641025641
1792.4615384615386,987.1538461538462
1792.948717948718,987.2051282051282
1793.4358974358975,987.2564102564103
1793.923076923077,987.3076923076923
1794.4102564102564,987.3589743589744
1794.8974358974358,987.4102564102565
1795.3846153846155,987.4615384615385
1795.871794871795,987.5128205128206
1796.3589743589744,987.5641025641025
1796.8461538461538,987.6153846153846
1797.3333333333333,987.6666666666666
1797.820512820513,987.7179487179487
1798.3076923076924,987.7692307692307
1798.7948717948718,987.8205128205128
1799.2820512820513,987.8717948717949
1799.7692307692307,987.9230769230769
1800.2564102564102,987.974358974359
1800.7435897435898,988.025641025641
1801.2307692307693,988.0769230769231
1801.7179487179487,988.1282051282051
1802.2051282051282,988.1794871794872
1802.6923076923076,988.2307692307693
1803.179487179487,988.2820512820513
1803.6666666666667,988.3333333333334
1804.1538461538462,988.3846153846154
1804.6410256410256,988.4358974358975
1805.128205128205,988.4871794871794
1805.6153846153845,988.5384615384615
1806.1025641025642,988.5897435897435
1806.5897435897436,988.6410256410256
1807.076923076923,988.6923076923077
1807.5641025641025,988.7435897435897
1808.051282051282,988.7948717948718
1808.5384615384614,988.8461538461538
1809.025641025641,988.8974358974359
1809.5128205128206,988.9487179487179
1810.0,989.0
1809.875,988.875
1809.75,988.75
1809.625,988.625
1809.5,988.5
1809.375,988.375
1809.25,988.25
1809.125,988.125
1809.0,988.0
1808.875,987.875
1808.75,987.75
1808.625,987.625
1808.5,987.5
1808.375,987.375
1808.25,987.25
1808.125,987.125
1808.0,987.0
1807.8333333333333,987.0
1807.6666666666667,987.0
1807.5,987.0
1807.3333333333333,987.0
1807.1666666666667,987.0
1807.0,987.0
1806.8333333333333,987.0
1806.6666666666667,987.0
1806.5,987.0
1806.3333333333333,987.0
1806.1666666666667,987.0
1806.0,987.0
1805.8333333333333,987.0
1805.6666666666667,987.0
1805.5,987.0
1805.3333333333333,987.0
1805.1666666666667,987.0
1805.0,987.0
1808.0,988.0
1807.111111111111,987.0
1806.2222222222222,986.0
1805.3333333333333,985.0
1804.4444444444443,984.0
1803.5555555555557,983.0
1802.6666666666667,982.0
1801.7777777777778,981.0
1800.888888888889,980.0
1800.0,979.0
1801.0,978.0
1803.0,981.0
1805.0,977.0
