x,y
1800.0,981.0
1808.0,983.0
1807.0,982.0
1802.0,981.0
1801.0,983.0
1799.0,983.4
1797.0,983.8
1795.0,984.2
1793.0,984.6
1791.0,985.0
1805.0,989.0
1808.0,988.0
1816.0,991.0
1818.0,990.0
1819.0,990.0
1820.0,990.0
1818.0,990.0
1817.0,986.0
1817.0,986.0
1807.0,986.0
1805.0,985.0
1806.5,984.5
1808.0,984.0
1809.5,983.5
1811.0,983.0
1802.0,981.0
1805.0,983.0
1805.0,984.0
1813.0,984.0
1797.0,984.0
1795.6666666666667,985.0
1794.3333333333333,986.0
1793.0,987.0
1802.0,989.0
1805.0,988.0
1817.0,991.0
1817.0,990.0
1837.0,999.0
1807.0,983.0
1802.0,986.0
1805.5,986.0
1809.0,986.0
1812.5,986.0
1816.0,986.0
1809.0,980.0
1806.0,978.0
1808.0,978.0
1808.0,979.0
1807.0,979.0
1807.0,979.0
1806.0,980.0
1807.0,981.0
1808.0,982.0
1806.0,982.0
1807.0,982.0
1808.0,982.0
1810.0,983.0
1833.0,991.0
1846.0,998.0
1808.0,983.0
1805.6,983.6
1803.2,984.2
1800.8,984.8
1798.4,985.4
1796.0,986.0
1805.0,988.0
1805.0,988.0
1805.0,988.0
1803.0,987.0
1806.0,988.0
1808.0,987.0
1810.0,986.0
1812.0,985.0
1814.0,984.0
1809.0,982.0
1810.0,982.0
1809.0,982.0
1808.0,982.0
1811.0,983.0
1810.2,983.8
1809.4,984.6
1808.6,985.4
1807.8,986.2
1807.0,987.0
1791.0,984.0
1791.0,984.0
1795.0,984.1666666666666
1799.0,984.3333333333334
1803.0,984.5
1807.0,984.6666666666666
1811.0,984.8333333333334
1815.0,985.0
1814.0,984.0
1815.0,985.0
1813.0,984.0
1809.0,983.0
1807.3,983.1
1805.6,983.2
1803.9,983.3
1802.2,983.4
