x,y
1341.0,1040.0
1388.0,1010.0
1451.0,971.0
1469.0,924.0
1454.0,878.0
1466.0,838.0
1497.0,816.0
1534.0,798.0
1560.0,790.0
1575.0,770.0
1557.0,753.0
1523.0,741.0
1495.0,724.0
1462.0,710.0
1442.0,693.0
1453.0,674.0
1479.0,665.0
1508.0,653.0
1531.0,643.0
1526.0,633.0
1519.0,626.0
1513.0,622.0
1502.0,618.0
1493.0,609.0
1490.0,599.0
1492.0,598.0
1498.0,601.0
1500.0,607.0
1505.0,602.0
1504.0,600.0
1506.0,601.0
1506.0,601.0
1506.0,600.0
1508.0,596.0
1503.0,596.0
1504.0,595.0
1505.0,599.0
1506.0,594.0
1505.0,594.0
1504.0,600.0
1504.0,597.0
1504.0,601.0
1503.0,601.0
1504.0,595.0
1501.0,594.0
1504.0,600.0
1504.0,594.0
1504.0,594.0
1502.0,593.0
1503.0,594.0
1502.0,594.0
1502.0,599.0
1502.0,594.0
1499.0,593.0
1501.0,592.0
1500.0,593.0
1500.0,594.0
1500.0,595.0
1499.0,596.0
1500.0,594.0
1499.0,593.0
1500.0,594.0
1500.0,591.0
1500.0,591.0
1500.0,590.0
1499.0,590.0
1499.0,589.0
1500.0,589.0
1500.0,589.0
1500.0,589.0
1499.0,589.0
1499.0,588.0
1498.0,588.0
1498.0,588.0
1498.0,588.0
1498.0,588.0
1498.0,588.0
1498.0,588.0
1498.0,588.0
1498.0,588.0
1498.0,587.0
1498.0,588.0
1498.0,588.0
1498.0,587.0
1498.0,588.0
1499.0,592.0
1498.0,588.0
1501.0,594.0
1503.0,594.0
1512.0,589.0
1513.0,590.0
1511.0,590.0
1512.0,589.0
1512.0,589.0
1514.0,590.0
1513.0,589.0
1513.0,590.0
1514.0,590.0
1514.0,590.0
1513.0,589.0
