x,y
1796.0,982.0
1796.0,982.0
1796.3333333333333,981.6666666666666
1796.6666666666667,981.3333333333334
1797.0,981.0
1790.0,982.0
1790.6521739130435,982.1739130434783
1791.304347826087,982.3478260869565
1791.9565217391305,982.5217391304348
1792.608695652174,982.695652173913
1793.2608695652175,982.8695652173913
1793.9130434782608,983.0434782608696
1794.5652173913043,983.2173913043479
1795.2173913043478,983.3913043478261
1795.8695652173913,983.5652173913044
1796.5217391304348,983.7391304347826
1797.1739130434783,983.9130434782609
1797.8260869565217,984.0869565217391
1798.4782608695652,984.2608695652174
1799.1304347826087,984.4347826086956
1799.7826086956522,984.6086956521739
1800.4347826086957,984.7826086956521
1801.0869565217392,984.9565217391304
1801.7391304347825,985.1304347826087
1802.391304347826,985.304347826087
1803.0434782608695,985.4782608695652
1803.695652173913,985.6521739130435
1804.3478260869565,985.8260869565217
1805.0,986.0
1806.0,985.0
1810.0,986.0
1809.8,986.0
1809.6,986.0
1809.4,986.0
1809.2,986.0
1809.0,986.0
1808.8,986.0
1808.6,986.0
1808.4,986.0
1808.2,986.0
1808.0,986.0
1807.8,986.0
1807.6,986.0
1807.4,986.0
1807.2,986.0
1807.0,986.0
1806.8,986.0
1806.6,986.0
1806.4,986.0
1806.2,986.0
1806.0,986.0
1805.8,986.0
1805.6,986.0
1805.4,986.0
1805.2,986.0
1805.0,986.0
1804.8,986.0
1804.6,986.0
1804.4,986.0
1804.2,986.0
1804.0,986.0
1803.8,986.0
1803.6,986.0
1803.4,986.0
1803.2,986.0
1803.0,986.0
1802.8,986.0
1802.6,986.0
1802.4,986.0
1802.2,986.0
1802.0,986.0
1801.8,986.0
1801.6,986.0
1801.4,986.0
1801.2,986.0
1801.0,986.0
1800.8,986.0
1800.6,986.0
1800.4,986.0
1800.2,986.0
1800.0,986.0
1799.8,986.0
1799.6,986.0
1799.4,986.0
1799.2,986.0
1799.0,986.0
1803.0,986.0
1821.0,992.0
1831.0,996.0
1831.0,996.0
1830.0,995.0
1830.0,995.0
1830.0,995.0
1822.0,992.0
1811.0,988.0
1812.0,988.0
1808.0,987.0
1806.0,986.0
1803.0,985.0
1803.3157894736842,985.0
