x,y
624.0,499.0
623.0,499.0
623.0,499.0
623.0,499.0
623.0,499.0
622.0,498.0
621.0,500.0
621.0,499.0
619.0,500.0
619.0,501.0
619.0,500.0
620.0,498.0
619.0,499.0
620.0,498.0
619.0,501.0
619.0,501.0
617.0,502.0
618.0,502.0
617.0,502.0
614.0,500.0
617.0,495.0
611.0,498.0
612.0,497.0
613.0,496.0
613.0,497.0
613.0,497.0
613.0,496.0
615.0,494.0
616.0,494.0
613.0,495.0
612.0,493.0
612.0,494.0
615.0,492.0
615.0,492.0
614.0,491.0
614.0,491.0
613.0,491.0
615.0,491.0
614.0,492.0
613.0,491.0
614.0,491.0
613.0,491.0
613.0,491.0
613.0,491.0
614.0,487.0
615.0,486.0
617.0,484.0
619.0,486.0
621.0,485.0
621.0,485.0
622.0,487.0
623.0,485.0
624.0,486.0
623.0,486.0
621.0,486.0
623.0,486.0
623.0,487.0
622.0,487.0
623.0,487.0
623.0,487.0
625.0,485.0
626.0,487.0
625.0,486.0
625.0,487.0
624.0,488.0
625.0,488.0
626.0,488.0
625.0,489.0
626.0,486.0
628.0,486.0
628.0,486.0
628.0,487.0
629.0,487.0
629.0,488.0
629.0,488.0
628.0,489.0
629.0,488.0
628.0,489.0
630.0,489.0
628.0,490.0
629.0,490.0
630.0,489.0
629.0,490.0
629.0,490.0
631.0,489.0
631.0,490.0
629.0,490.0
629.0,490.0
631.0,490.0
629.0,490.0
629.0,490.0
629.0,490.0
629.0,490.0
630.0,489.0
628.0,489.0
629.0,489.0
629.0,488.0
630.0,489.0
631.0,489.0
630.0,488.0
