x,y
1172.0,755.0
1174.0,754.0
1174.0,754.0
1174.0,754.0
1173.0,754.0
1174.0,753.0
1173.0,753.0
1174.0,753.0
1174.0,753.0
1174.0,753.0
1171.0,755.0
1171.0,754.0
1173.0,753.0
1173.0,751.0
1174.0,750.0
1174.0,749.0
1174.0,750.0
1174.0,749.0
1174.0,749.0
1174.0,750.0
1174.0,750.0
1174.0,750.0
1171.0,751.0
1174.0,750.0
1174.0,750.0
1174.0,750.0
1169.0,749.0
1169.0,749.0
1169.0,749.0
1170.0,751.0
1169.0,750.0
1169.0,750.0
1170.0,750.0
1170.0,749.0
1169.0,749.0
1170.0,749.0
1170.0,751.0
1170.0,750.0
1170.0,751.0
1169.0,749.0
1169.0,748.0
1170.0,747.0
1169.0,748.0
1170.0,748.0
1170.0,748.0
1170.0,748.0
1170.0,748.0
1170.0,748.0
1171.0,747.0
1171.0,747.0
1171.0,747.0
1171.0,748.0
1171.0,748.0
1170.0,748.0
1171.0,747.0
1171.0,748.0
1171.0,747.0
1171.0,747.0
1175.0,746.0
1175.0,747.0
1175.0,746.0
1176.0,746.0
1175.0,746.0
1175.0,746.0
1175.0,746.0
1176.0,745.0
1176.0,745.0
1176.0,745.0
1176.0,746.0
1176.0,745.0
1176.0,745.0
1175.0,745.0
1175.0,745.0
1175.0,745.0
1175.0,745.0
1175.0,745.0
1175.0,745.0
1175.0,745.0
1171.6666666666667,735.0
1168.3333333333333,725.0
1165.0,715.0
1161.6666666666667,705.0
1158.3333333333333,695.0
1155.0,685.0
1176.0,745.0
1176.0,745.0
1176.0,745.0
1176.0,745.0
1176.0,745.0
1176.0,745.0
1176.0,745.0
1176.0,745.0
1176.0,744.0
1176.0,744.0
1177.0,744.0
1175.0,744.0
1175.0,744.0
1174.0,744.0
1177.0,743.0
1178.0,743.0
