x,y
999.0,894.0
1031.0,889.0
1073.0,882.0
1114.0,882.0
1136.0,876.0
1152.0,864.0
1154.0,853.0
1137.0,845.0
1131.0,831.5
1125.0,818.0
1121.0,805.0
1131.0,791.0
1143.5,787.5
1156.0,784.0
1157.0,789.0
1158.0,787.0
1158.0,777.0
1159.0,779.0
1160.0,774.0
1158.0,779.0
1156.0,780.0
1157.0,778.0
1154.0,779.0
1155.0,777.0
1154.0,777.0
1154.0,772.0
1153.0,772.0
1154.0,773.0
1153.0,775.0
1153.0,774.0
1151.0,773.0
1156.0,772.0
1152.0,764.0
1154.0,760.0
1157.0,763.0
1160.0,756.0
1161.0,757.0
1160.0,756.0
1162.0,757.0
1161.0,756.0
1162.0,757.0
1162.0,757.0
1162.0,757.0
1163.0,759.0
1164.0,759.0
1163.0,759.0
1164.0,759.0
1163.0,760.0
1163.0,759.0
1163.0,758.0
1162.0,758.0
1161.0,758.0
1162.0,759.0
1161.0,760.0
1161.0,760.0
1161.0,760.0
1160.0,760.0
1160.0,760.0
1160.0,760.0
1160.0,760.0
1160.0,760.0
1160.0,760.0
1160.0,758.0
1159.0,757.0
1159.0,757.0
1158.0,757.0
1158.0,756.0
1158.0,756.0
1158.0,756.0
1157.0,757.0
1157.0,757.0
1158.0,756.0
1158.0,755.0
1158.0,755.0
1158.0,755.0
1158.0,754.0
1160.0,755.0
1160.0,756.0
1159.0,753.0
1160.0,756.0
1159.5,753.5
1159.0,751.0
1159.0,751.0
1159.0,751.0
1160.0,752.0
1160.0,752.0
1160.0,752.0
1160.0,751.0
1160.0,750.0
1161.0,749.0
1161.0,749.0
1162.0,748.0
1163.0,748.0
1163.0,748.0
1162.0,749.0
1162.0,748.0
1164.0,749.0
1168.0,752.0
1171.0,755.0
1170.0,756.0
