x,y
1176.0,741.0
1176.0,740.0
1176.0,741.0
1176.0,740.0
1176.0,742.0
1176.0,740.0
1176.0,740.0
1176.0,740.0
1176.0,740.0
1176.0,740.0
1177.0,740.0
1177.0,740.0
1177.0,740.0
1177.0,740.0
1177.0,740.0
1177.0,740.0
1177.0,740.0
1177.0,740.0
1177.0,739.0
1177.0,740.0
1177.0,740.0
1177.0,740.0
1177.0,740.0
1177.0,740.0
1177.0,740.0
1177.0,740.0
1176.5,740.0
1176.0,740.0
1177.0,740.0
1178.0,741.0
1178.0,742.0
1178.0,742.0
1178.0,742.0
1182.0,743.0
1186.0,744.0
1177.0,743.0
1176.6666666666667,743.0
1176.3333333333333,743.0
1176.0,743.0
1176.0,742.0
1176.0,743.0
1176.0,743.0
1176.0,743.0
1179.0,744.0
1176.0,743.0
1177.0,743.0
1176.0,743.0
1177.0,743.0
1177.0,743.0
1178.0,744.0
1178.0,744.0
1178.0,744.0
1178.0,744.0
1176.0,743.0
1178.0,744.0
1178.0,744.0
1176.0,743.0
1176.0,744.0
1178.0,745.0
1177.0,745.0
1176.0,746.0
1176.0,745.0
1176.0,745.0
1176.0,745.0
1176.0,745.0
1176.0,744.0
1176.0,745.0
1176.0,745.0
1176.0,745.0
1178.0,746.0
1178.0,747.0
1174.0,747.0
1176.0,746.0
1178.0,746.0
1178.0,746.0
1175.0,747.0
1175.0,748.0
1175.0,748.0
1175.0,747.0
1175.0,750.0
1175.0,751.0
1175.0,751.0
1175.0,750.0
1177.0,749.0
1177.0,749.0
1178.0,749.0
1179.0,749.0
1177.0,750.0
1180.0,750.0
1179.0,748.0
1179.0,749.0
1179.0,748.0
1180.0,750.0
1181.0,749.0
1181.0,749.0
1181.0,749.0
1182.0,749.0
1182.0,749.0
1182.0,748.0
1182.0,749.0
