x,y
1296.0,889.0
1298.0,889.0
1296.0,888.0
1296.0,887.0
1295.0,888.0
1294.0,888.0
1293.0,888.0
1294.0,888.0
1295.0,888.0
1295.0,888.0
1295.0,886.0
1294.0,888.0
1296.0,888.0
1295.0,888.0
1296.0,888.0
1298.0,887.0
1298.0,887.0
1298.0,887.0
1298.0,887.0
1299.0,886.0
1298.0,885.0
1297.0,886.0
1297.0,886.0
1297.0,886.0
1297.0,886.0
1296.0,888.0
1295.0,887.0
1300.0,889.0
1311.0,891.0
1327.0,883.0
1326.0,877.0
1319.0,856.0
1293.0,839.0
1281.0,837.0
1252.0,825.0
1235.0,794.0
1225.0,743.0
1219.0,705.0
1202.0,651.0
1172.0,610.0
1120.0,578.0
1058.0,546.0
977.0,524.0
919.0,510.0
886.0,505.0
863.0,504.0
859.0,508.0
858.0,506.0
862.0,502.0
860.0,497.0
872.0,507.0
875.0,508.0
879.0,495.0
888.0,499.0
888.0,499.0
892.0,500.0
890.0,497.0
892.0,496.0
891.0,494.0
892.0,495.0
894.0,490.0
893.0,487.0
898.0,487.0
898.0,488.0
898.0,487.0
899.0,486.0
897.0,486.0
899.0,486.0
898.0,486.0
896.0,486.0
897.0,484.0
897.0,484.0
899.0,484.0
903.0,480.0
902.0,477.0
902.0,477.0
902.0,476.0
903.0,477.0
902.0,477.0
903.0,477.0
902.0,477.0
902.0,477.0
903.0,477.0
902.0,477.0
903.0,478.0
903.0,475.0
903.0,473.0
903.0,471.0
903.0,471.0
903.0,471.0
903.0,472.0
902.0,472.0
903.0,472.0
904.0,472.0
904.0,471.0
904.0,467.0
904.0,464.0
904.0,465.0
905.0,464.0
905.0,464.0
