x,y
632.0,958.0
631.0,959.0
634.0,956.0
633.0,953.0
634.0,951.0
632.0,945.0
633.0,951.0
638.0,950.0
635.0,941.0
634.0,939.0
638.0,939.0
635.0,936.0
636.0,936.0
637.0,935.0
638.0,936.0
635.0,935.0
635.0,935.0
634.0,935.0
633.0,936.0
633.0,935.0
633.0,934.0
634.0,934.0
634.0,934.0
633.0,935.0
638.0,935.0
638.0,935.0
638.0,935.0
638.0,934.0
639.0,934.0
639.0,935.0
634.0,936.0
634.0,936.0
634.0,936.0
633.0,935.0
632.0,935.0
633.0,934.0
635.0,932.0
633.0,933.0
634.0,932.0
633.0,933.0
633.0,933.0
632.0,931.0
632.0,931.0
631.0,931.0
631.0,931.0
633.0,930.0
631.0,931.0
630.0,931.0
631.0,931.0
631.0,931.0
631.0,931.0
632.0,932.0
631.0,932.0
631.0,929.0
630.0,929.0
631.0,928.0
631.0,928.0
630.0,928.0
630.0,928.0
630.0,928.0
629.0,927.0
630.0,927.0
629.0,927.0
629.0,927.0
628.0,925.0
629.0,922.0
629.0,919.0
629.0,918.0
629.0,918.0
629.0,917.0
628.0,917.0
628.0,916.0
628.0,916.0
622.0,918.0
623.0,918.0
622.0,918.0
622.0,918.0
622.0,918.0
628.0,914.0
622.0,916.0
622.0,915.0
621.0,915.0
621.0,915.0
621.0,915.0
621.0,916.0
621.0,916.0
626.0,913.0
624.0,924.0
622.0,924.0
622.0,924.0
619.0,917.0
606.0,925.0
585.0,924.0
556.0,919.0
537.0,913.0
517.0,920.0
492.0,927.0
455.0,926.0
470.0,924.0
476.0,914.0
