x,y
401.0,964.0
401.0,964.0
402.0,965.0
402.0,964.0
402.0,965.0
403.0,965.0
404.0,965.0
404.0,964.0
403.0,964.0
399.0,968.0
399.0,968.0
403.0,965.0
403.0,965.0
403.0,964.0
403.0,965.0
399.0,967.0
403.0,964.0
403.0,964.0
403.0,964.0
403.0,964.0
402.0,964.0
402.0,964.0
402.0,964.0
403.0,965.0
404.0,965.0
406.0,966.0
406.0,965.0
406.0,965.0
407.0,965.0
406.0,967.0
405.0,966.0
407.0,966.0
408.0,969.0
406.0,967.0
406.0,967.0
406.0,967.0
406.0,967.0
406.0,967.0
406.0,967.0
406.0,967.0
406.0,967.0
407.0,967.0
407.0,967.0
407.0,968.0
407.0,968.0
407.0,968.0
407.0,968.0
407.0,968.0
407.0,968.0
407.0,967.0
407.0,968.0
407.0,968.0
407.0,968.0
407.0,968.0
407.0,968.0
407.0,968.0
406.0,968.0
407.0,968.0
406.0,968.0
406.0,968.0
405.0,967.0
406.0,968.0
405.0,967.0
403.0,967.0
402.0,971.0
395.0,971.0
395.0,973.0
394.0,972.0
394.0,973.0
394.0,973.0
395.0,973.0
394.0,971.0
394.0,970.0
397.0,962.0
396.0,959.0
397.0,959.0
398.0,958.0
399.0,955.0
401.0,956.0
399.0,956.0
402.0,957.0
398.0,957.0
398.0,958.0
397.0,957.0
393.0,956.0
392.0,956.0
393.0,956.0
394.0,954.0
394.0,955.0
393.0,956.0
386.0,956.0
359.0,958.0
344.0,947.0
329.0,934.0
309.0,923.0
296.0,904.0
289.0,880.0
274.0,872.0
262.0,864.0
256.0,854.0
