x,y
1800.0,438.0
1727.0,496.0
1656.0,536.0
1584.0,542.0
1533.0,544.0
1492.0,553.0
1458.0,579.0
1428.0,616.0
1397.0,644.0
1382.0,649.0
1374.0,641.0
1352.0,633.0
1338.0,647.0
1319.0,660.0
1292.0,669.0
1267.0,680.0
1250.0,693.0
1229.0,697.0
1219.0,685.0
1214.0,672.0
1205.0,658.0
1203.0,660.0
1201.0,665.0
1201.0,665.0
1203.0,671.0
1214.0,666.0
1216.0,663.0
1222.0,658.0
1224.0,663.0
1221.0,662.0
1208.0,664.0
1198.0,662.0
1190.0,669.0
1188.0,663.0
1185.0,663.0
1185.0,663.0
1185.0,662.0
1182.0,660.0
1182.0,659.0
1180.0,660.0
1180.0,657.0
1178.0,662.0
1178.0,666.0
1171.0,664.0
1178.0,673.0
1170.0,670.0
1166.0,669.0
1169.0,670.0
1171.0,670.0
1163.0,676.0
1167.0,666.0
1162.0,669.0
1162.0,667.0
1169.0,671.0
1163.0,667.0
1169.0,669.0
1168.0,668.0
1169.0,668.0
1170.0,668.0
1170.0,668.0
1170.0,668.0
1170.0,669.0
1166.0,660.0
1170.0,670.0
1165.0,661.0
1169.0,669.0
1170.0,667.0
1169.0,668.0
1170.0,669.0
1170.0,671.0
1169.0,671.0
1169.0,670.0
1168.0,669.0
1169.0,669.0
1169.0,669.0
1170.0,669.0
1169.0,670.0
1170.0,671.0
1170.0,670.0
1170.0,671.0
1167.0,664.0
1170.0,671.0
1170.0,671.0
1170.0,667.0
1170.0,666.0
1168.0,667.0
1167.0,668.0
1166.0,668.0
1165.0,667.0
1165.0,666.0
1166.0,666.0
1166.0,667.0
1166.0,667.0
1166.0,667.0
1166.0,667.0
1166.0,668.0
1166.0,668.0
1166.0,668.0
1165.0,668.0
1165.0,668.0
