x,y
539.0,533.0
535.0,530.0
532.0,529.0
531.0,530.0
532.0,529.0
532.0,529.0
531.0,529.0
531.0,529.0
532.0,529.0
531.0,529.0
531.0,529.0
530.0,529.0
531.0,528.0
531.0,528.0
531.0,528.0
531.0,528.0
531.0,528.0
530.0,528.0
531.0,528.0
531.0,527.0
530.0,527.0
530.0,528.0
530.0,529.0
530.0,529.0
529.0,527.0
529.0,528.0
529.0,528.0
529.0,528.0
528.0,527.0
527.0,527.0
529.0,529.0
527.0,528.0
527.0,527.0
521.0,530.0
520.0,522.0
519.0,521.0
527.0,522.0
520.0,518.0
527.0,519.0
528.0,521.0
528.0,520.0
532.0,517.0
527.0,516.0
527.0,515.0
528.0,515.0
528.0,515.0
528.0,515.0
527.0,516.0
528.0,515.0
528.0,515.0
527.0,515.0
527.0,515.0
527.0,515.0
528.0,516.0
527.0,515.0
528.0,515.0
531.0,514.0
531.0,515.0
531.0,514.0
530.0,514.0
529.0,515.0
531.0,513.0
530.0,515.0
531.0,514.0
530.0,514.0
531.0,514.0
532.0,514.0
534.0,513.0
533.0,516.0
534.0,516.0
533.0,515.0
535.0,515.0
534.0,516.0
536.0,516.0
536.0,516.0
535.0,516.0
536.0,516.0
536.0,516.0
536.0,516.0
535.0,517.0
534.0,514.0
535.0,516.0
536.0,516.0
536.0,515.0
535.0,515.0
532.0,517.0
531.0,518.0
530.0,517.0
528.0,518.0
531.0,515.0
533.0,510.0
529.0,506.0
521.0,501.0
518.0,499.0
504.0,504.0
498.0,492.0
486.0,492.0
467.0,492.0
444.0,480.0
430.0,461.0
