x,y
612.0,488.0
613.0,488.0
613.0,487.0
613.0,488.0
615.0,489.0
614.0,489.0
615.0,489.0
617.0,488.0
617.0,490.0
617.0,490.0
619.0,488.0
621.0,486.0
622.0,488.0
622.0,488.0
624.0,488.0
623.0,488.0
623.0,487.0
624.0,487.0
624.0,487.0
623.0,487.0
623.0,488.0
624.0,488.0
624.0,488.0
625.0,488.0
625.0,488.0
626.0,488.0
626.0,488.0
625.0,488.0
626.0,489.0
627.0,489.0
626.0,489.0
626.0,490.0
627.0,489.0
626.0,489.0
627.0,489.0
627.0,489.0
627.0,490.0
628.0,490.0
628.0,490.0
628.0,490.0
628.0,490.0
628.0,489.0
628.0,489.0
628.0,490.0
629.0,491.0
629.0,490.0
629.0,490.0
628.0,489.0
628.0,489.0
628.0,490.0
629.0,490.0
629.0,490.0
630.0,491.0
629.0,490.0
630.0,490.0
631.0,491.0
630.0,491.0
631.0,492.0
632.0,491.0
632.0,491.0
632.0,492.0
631.0,492.0
630.0,492.0
631.0,493.0
630.0,496.0
630.0,496.0
630.0,496.0
630.0,496.0
630.0,496.0
630.0,496.0
630.0,496.0
629.0,496.0
629.0,497.0
629.0,497.0
630.0,497.0
630.0,497.0
629.0,498.0
629.0,498.0
629.0,498.0
628.0,498.0
628.0,497.0
629.0,496.0
628.0,497.0
629.0,497.0
629.0,498.0
629.0,497.0
629.0,498.0
630.0,500.0
623.0,498.0
624.0,497.0
624.0,498.0
624.0,497.0
623.0,498.0
623.0,498.0
623.0,499.0
623.0,499.0
623.0,499.0
623.0,499.0
622.0,501.0
623.0,499.0
