x,y
1368.327868852459,70.73770491803279
1368.4426229508197,71.24590163934427
1368.5573770491803,71.75409836065573
1368.672131147541,72.26229508196721
1368.7868852459017,72.77049180327869
1368.9016393442623,73.27868852459017
1369.016393442623,73.78688524590164
1369.1311475409836,74.29508196721312
1369.2459016393443,74.80327868852459
1369.360655737705,75.31147540983606
1369.4754098360656,75.81967213114754
1369.5901639344263,76.32786885245902
1369.704918032787,76.8360655737705
1369.8196721311476,77.34426229508196
1369.9344262295083,77.85245901639344
1370.049180327869,78.36065573770492
1370.1639344262296,78.8688524590164
1370.27868852459,79.37704918032787
1370.3934426229507,79.88524590163934
1370.5081967213114,80.39344262295083
1370.622950819672,80.90163934426229
1370.7377049180327,81.40983606557377
1370.8524590163934,81.91803278688525
1370.967213114754,82.42622950819673
1371.0819672131147,82.9344262295082
1371.1967213114754,83.44262295081967
1371.311475409836,83.95081967213115
1371.4262295081967,84.45901639344262
1371.5409836065573,84.9672131147541
1371.655737704918,85.47540983606558
1371.7704918032787,85.98360655737704
1371.8852459016393,86.49180327868852
1372.0,87.0
1370.0,1.0
1368.7272727272727,1.0
1367.4545454545455,1.0
1366.1818181818182,1.0
1364.909090909091,1.0
1363.6363636363637,1.0
1362.3636363636363,1.0
1361.090909090909,1.0
1359.8181818181818,1.0
1358.5454545454545,1.0
1357.2727272727273,1.0
1356.0,1.0
1356.0,2.0
1356.0,2.0
1357.0,2.0
1356.6666666666667,2.111111111111111
1356.3333333333333,2.2222222222222223
1356.0,2.3333333333333335
1355.6666666666667,2.4444444444444446
1355.3333333333333,2.5555555555555554
1355.0,2.6666666666666665
1354.6666666666667,2.7777777777777777
1354.3333333333333,2.888888888888889
1354.0,3.0
1419.0,69.0
1401.5,125.5
1384.0,182.0
1400.0,172.4
1416.0,162.8
1432.0,153.2
1448.0,143.6
1464.0,134.0
1473.0,134.0
1474.0,132.0
1414.0,207.0
