x,y
244.0,609.0
245.0,609.0
246.0,611.0
245.0,610.0
245.0,611.0
239.0,612.0
242.0,609.0
242.0,608.0
239.0,609.0
241.0,608.0
240.0,607.0
239.0,607.0
240.0,607.0
241.0,607.0
242.0,608.0
241.0,607.0
239.0,607.0
238.0,607.0
243.0,610.0
243.0,608.0
240.0,606.0
240.0,599.0
243.0,605.0
244.0,603.0
245.0,603.0
247.0,600.0
248.0,600.0
247.0,601.0
247.0,600.0
248.0,601.0
248.0,597.0
252.0,600.0
252.0,601.0
247.0,602.0
241.0,601.0
243.0,608.0
238.0,615.0
243.0,627.0
238.0,647.0
251.0,666.0
257.0,674.0
268.0,671.0
279.0,667.0
300.0,660.0
318.0,647.0
328.0,644.0
340.0,642.0
356.0,650.0
359.0,653.0
363.0,650.0
364.0,647.0
370.0,644.0
374.0,647.0
385.0,654.0
390.0,656.0
390.0,657.0
394.0,652.0
392.0,655.0
393.0,655.0
393.0,656.0
393.0,656.0
392.0,655.0
393.0,655.0
392.0,655.0
392.0,655.0
393.0,657.0
392.0,656.0
392.0,657.0
393.0,658.0
393.0,658.0
393.0,659.0
393.0,658.0
393.0,659.0
393.0,659.0
393.0,660.0
393.0,659.0
393.0,660.0
393.0,660.0
393.0,660.0
394.0,661.0
395.0,662.0
394.0,662.0
396.0,663.0
395.0,663.0
396.0,663.0
396.0,662.0
396.0,662.0
396.0,662.0
397.0,662.0
397.0,661.0
397.0,661.0
396.0,662.0
396.0,662.0
396.0,662.0
396.0,662.0
397.0,661.0
397.0,662.0
397.0,662.0
398.0,662.0
399.0,663.0
