x,y
1217.0,140.0
1205.0,159.0
1193.0,164.0
1185.0,173.0
1180.0,180.0
1169.0,171.0
1165.0,177.0
1156.0,184.0
1154.0,196.0
1153.0,199.0
1155.0,197.0
1157.0,191.0
1162.0,187.0
1158.0,188.0
1156.0,189.0
1156.0,186.0
1161.0,193.0
1154.0,191.0
1153.0,200.0
1161.0,198.0
1169.0,196.0
1161.0,196.0
1162.4,193.8
1163.8,191.6
1165.2,189.4
1166.6,187.2
1168.0,185.0
1169.4,182.8
1170.8,180.6
1172.2,178.4
1173.6,176.2
1175.0,174.0
1173.0,164.0
1183.0,157.0
1205.0,161.0
1216.0,152.0
1222.0,142.0
1226.0,128.0
1238.0,112.0
1244.0,94.0
1239.0,67.0
1226.0,56.0
1218.0,31.0
1199.0,23.0
1187.0,35.0
1171.0,32.0
1167.0,24.0
1160.0,25.0
1166.0,33.0
1157.0,26.0
1146.0,12.0
1134.0,14.0
1133.0,16.0
1130.0,13.0
1133.0,12.0
1131.0,13.0
1132.0,15.0
1155.0,33.0
1154.5833333333333,32.583333333333336
1154.1666666666667,32.166666666666664
1153.75,31.75
1153.3333333333333,31.333333333333332
1152.9166666666667,30.916666666666668
1152.5,30.5
1152.0833333333333,30.083333333333332
1151.6666666666667,29.666666666666668
1151.25,29.25
1150.8333333333333,28.833333333333332
1150.4166666666667,28.416666666666664
1150.0,28.0
1149.0,26.0
1148.0,25.0
1145.0,24.0
1147.0,25.0
1146.0,25.0
1146.0,26.0
1146.0,26.0
1146.0,25.0
1146.0,25.0
1145.0,25.0
1145.0,25.0
1144.0,26.0
1144.0,26.0
1146.0,29.0
1147.0,29.0
1147.0,29.0
1147.0,29.0
1147.0,29.0
