x,y
629.0,488.0
630.0,486.0
631.0,484.0
633.0,486.0
636.0,490.0
648.0,503.0
648.0,516.0
649.0,521.0
637.0,526.0
629.0,498.0
622.0,497.0
614.0,502.0
609.0,517.0
595.0,536.0
590.0,540.0
591.0,532.0
583.0,541.0
576.0,537.0
567.0,546.0
559.0,544.0
552.0,537.0
554.0,544.0
554.0,544.0
554.0,538.0
556.0,538.0
555.0,537.0
556.0,538.0
556.0,538.0
556.0,537.0
557.0,537.0
556.0,536.0
556.0,536.0
557.0,536.0
556.0,535.0
556.0,535.0
556.0,533.0
557.0,533.0
551.0,536.0
551.0,534.0
551.0,532.0
551.0,531.0
551.0,529.0
549.0,524.0
549.0,524.0
549.0,524.0
549.0,529.0
548.0,531.0
548.0,531.0
547.0,530.0
548.0,530.0
547.0,529.0
547.0,530.0
547.0,530.0
548.0,529.0
549.0,530.0
549.0,531.0
547.0,531.0
548.0,531.0
547.0,532.0
547.0,535.0
550.0,535.0
547.0,534.0
546.0,536.0
543.0,538.0
544.0,537.0
544.0,537.0
544.0,538.0
545.0,537.0
543.0,538.0
544.0,538.0
544.0,538.0
544.0,538.0
544.0,538.0
543.0,538.0
543.0,532.0
542.0,532.0
543.0,533.0
542.0,532.0
541.0,534.0
539.0,533.0
541.0,535.0
540.0,533.0
541.0,534.0
541.0,534.0
541.0,533.0
542.0,534.0
543.0,534.0
542.0,534.0
542.0,533.0
542.0,533.0
543.0,534.0
544.0,534.0
544.0,535.0
544.0,534.0
542.0,535.0
542.0,534.0
543.0,533.0
541.0,533.0
540.0,535.0
541.0,534.0
