x,y
1296.0,742.0
1297.0,742.0
1297.0,741.0
1297.0,743.0
1297.0,743.0
1298.0,743.0
1299.0,742.0
1299.0,742.0
1299.0,742.0
1298.0,746.0
1299.0,746.0
1299.0,746.0
1300.0,745.0
1301.0,743.0
1300.0,743.0
1300.0,743.0
1300.0,743.0
1301.0,744.0
1300.0,745.0
1300.0,746.0
1301.0,746.0
1301.0,745.0
1301.0,747.0
1300.0,746.0
1300.0,748.0
1300.0,748.0
1299.0,748.0
1299.0,749.0
1299.0,749.0
1300.0,748.0
1300.0,748.0
1300.0,747.0
1300.0,747.0
1300.0,748.0
1300.0,748.0
1299.0,749.0
1299.0,749.0
1299.0,749.0
1299.0,749.0
1299.0,749.0
1299.0,749.0
1300.0,748.0
1300.0,748.0
1300.0,748.0
1300.0,748.0
1300.0,747.0
1300.0,748.0
1301.0,747.0
1301.0,747.0
1301.0,747.0
1301.0,747.0
1301.0,747.0
1301.0,747.0
1301.0,747.0
1301.0,747.0
1301.0,747.0
1301.0,747.0
1301.0,747.0
1301.0,747.0
1301.0,747.0
1301.0,747.0
1301.0,747.0
1301.0,748.0
1301.0,749.0
1301.0,749.0
1302.0,749.0
1300.0,751.0
1301.0,751.0
1304.0,751.0
1301.0,752.0
1304.0,751.0
1301.0,751.0
1301.0,751.0
1301.0,751.0
1301.0,751.0
1301.0,751.0
1304.0,751.0
1304.0,751.0
1304.0,751.0
1304.0,752.0
1304.0,752.0
1301.0,753.0
1304.0,752.0
1304.0,753.0
1304.0,754.0
1303.0,755.0
1302.0,757.0
1300.0,755.0
1300.0,755.0
1300.0,754.0
1301.0,757.0
1300.0,754.0
1301.0,755.0
1300.0,755.0
1300.0,755.0
1300.0,755.0
1300.0,755.0
1301.0,757.0
1301.0,755.0
1301.0,754.0
