x,y
912.0,414.0
913.0,414.0
913.0,414.0
912.0,414.0
911.0,416.0
910.0,415.0
908.0,415.0
907.0,417.0
906.0,416.0
910.0,415.0
912.0,415.0
916.0,416.0
917.0,414.0
918.0,414.0
920.0,412.0
921.0,415.0
920.0,412.0
920.0,415.0
921.0,416.0
920.0,415.0
919.0,414.0
921.0,416.0
919.0,415.0
918.0,415.0
920.0,415.0
919.0,415.0
920.0,415.0
922.0,417.0
921.0,415.0
918.0,415.0
921.0,415.0
922.0,417.0
921.0,414.0
920.0,418.0
921.0,416.0
920.0,416.0
920.0,419.0
920.0,420.0
922.0,420.0
924.0,421.0
924.0,421.0
924.0,420.0
922.0,420.0
923.0,419.0
923.0,419.0
923.0,418.0
929.0,424.0
934.0,430.0
942.0,450.0
946.0,468.0
964.0,498.0
971.0,525.0
955.0,555.0
962.0,568.0
985.0,591.0
987.0,613.0
980.0,633.0
970.0,648.0
958.0,662.0
952.0,685.0
943.0,696.0
935.0,702.0
922.0,703.0
919.0,711.0
915.0,707.0
908.0,707.0
905.0,702.0
901.0,693.0
889.0,693.0
891.0,693.0
893.0,697.0
902.0,696.0
908.0,686.0
904.0,687.0
903.0,687.0
904.0,685.0
892.0,683.0
892.0,682.0
889.0,687.0
888.0,686.0
888.0,684.0
888.0,684.0
887.0,682.0
887.0,680.0
887.0,678.0
886.0,678.0
887.0,677.0
886.0,679.0
888.0,678.0
886.0,675.0
888.0,674.0
888.0,675.0
887.0,677.0
886.0,677.0
888.0,678.0
886.0,680.0
884.0,675.0
885.0,678.0
885.0,685.0
883.0,676.0
