x,y
900.0,606.0
874.0,566.0
855.0,523.0
834.0,486.0
814.0,468.0
796.0,459.0
772.0,460.0
751.0,461.0
738.0,458.0
722.0,462.0
715.0,457.0
703.0,454.0
698.0,447.0
701.0,433.0
704.0,427.0
706.0,403.0
701.0,386.0
703.0,349.0
702.0,308.0
726.0,278.0
743.0,259.0
766.0,240.0
762.0,213.0
748.0,197.0
733.0,177.0
716.0,150.0
719.0,149.0
709.0,147.0
717.0,157.0
719.0,163.0
725.0,164.0
737.0,157.0
737.0,161.0
742.0,177.0
776.0,182.0
783.0,181.0
787.0,180.0
793.0,183.0
799.0,188.0
806.0,190.0
808.0,188.0
815.0,183.0
809.0,191.0
798.0,178.0
791.0,188.0
784.0,203.0
777.0,218.0
783.0,228.0
766.0,242.0
764.0,248.0
765.0,253.0
770.0,258.0
771.0,265.0
775.0,271.0
772.0,278.0
783.0,285.0
792.0,292.0
803.0,300.0
808.0,304.0
807.0,303.0
812.0,309.0
809.0,304.0
814.0,304.0
818.0,307.0
828.0,318.0
812.0,301.0
810.0,305.0
810.0,305.0
804.0,301.0
803.0,307.0
777.0,322.5
751.0,338.0
750.0,337.0
747.0,345.0
747.0,345.0
747.0,345.0
746.0,349.0
747.0,347.0
751.0,345.0
747.0,341.0
749.0,344.0
759.0,335.0
761.0,345.0
752.0,348.0
752.0,352.0
757.0,354.0
757.0,354.0
757.0,354.0
755.0,360.0
756.0,356.0
759.0,353.0
756.0,357.0
761.0,346.0
760.0,344.0
756.0,331.0
758.0,331.0
754.0,328.0
758.0,332.0
754.0,343.0
754.0,343.0
