x,y
1001.0,917.0
1001.0,917.0
1001.0,916.0
1001.0,916.0
1001.0,916.0
998.0,916.0
997.0,916.0
996.0,916.0
995.0,914.0
994.0,912.0
994.0,912.0
993.0,910.0
992.0,911.0
992.0,909.0
992.0,909.0
993.0,910.0
992.0,909.0
992.0,909.0
993.0,909.0
993.0,909.0
993.0,908.0
993.0,908.0
993.0,908.0
993.0,908.0
993.0,909.0
993.0,909.0
994.0,909.0
994.0,909.0
993.0,909.0
993.0,909.0
993.0,908.0
993.0,908.0
992.0,907.0
994.0,907.0
995.0,907.0
995.0,907.0
995.0,906.0
995.0,907.0
996.0,907.0
996.0,907.0
996.0,907.0
995.0,907.0
994.0,908.0
996.0,907.0
996.0,906.0
997.0,906.0
997.0,905.0
997.0,906.0
997.0,907.0
998.0,906.0
997.0,907.0
997.0,907.0
997.0,908.0
997.0,907.0
997.0,907.0
998.0,906.0
998.0,906.0
998.0,906.0
998.0,906.0
1000.0,906.0
1000.0,905.0
1000.0,905.0
999.0,904.0
999.0,904.0
999.0,904.0
999.0,904.0
999.0,904.0
999.0,904.0
999.0,904.0
999.0,904.0
999.0,903.0
999.0,903.0
1000.0,903.0
1000.0,904.0
1000.0,903.0
1000.0,904.0
1000.0,903.0
999.0,903.0
999.0,904.0
1000.0,903.0
1000.0,903.0
999.0,903.0
999.0,903.0
999.0,903.0
999.0,903.0
999.0,903.0
999.0,903.0
998.0,904.0
997.0,904.0
994.0,898.0
990.0,878.0
988.0,858.0
985.0,817.0
1004.0,792.0
1005.0,769.0
995.0,747.0
981.0,730.0
965.0,694.0
939.0,678.0
918.0,642.0
