x,y
700.0,995.0
720.0,970.0
738.0,949.0
756.0,930.0
775.0,897.0
795.0,866.0
826.0,843.0
831.0,808.0
819.0,771.0
816.0,744.0
828.0,740.0
829.0,751.0
825.0,763.0
825.0,778.0
825.0,789.0
822.0,787.0
836.0,779.0
854.0,756.0
877.0,742.0
897.0,750.0
905.0,760.0
909.0,773.0
920.0,781.0
925.0,776.0
944.0,761.0
963.0,761.0
988.0,758.0
1021.0,759.0
1049.0,760.0
1078.0,749.0
1096.0,752.0
1114.0,764.0
1134.0,767.0
1137.0,767.0
1139.0,776.0
1137.0,788.0
1137.0,790.0
1152.0,794.0
1183.0,792.0
1214.0,774.0
1229.0,742.0
1250.0,707.0
1271.0,680.0
1305.0,663.0
1323.0,652.0
1344.0,655.0
1350.0,661.0
1367.0,661.0
1365.0,667.0
1370.0,674.0
1374.0,670.0
1378.0,667.0
1373.0,664.0
1377.0,671.0
1382.0,668.0
1383.0,668.0
1385.0,667.0
1384.0,668.0
1384.0,667.0
1385.0,667.0
1384.0,668.0
1384.0,668.0
1384.0,668.0
1384.0,667.0
1384.0,668.0
1384.0,666.0
1383.0,668.0
1384.0,666.0
1384.0,666.0
1383.0,667.0
1382.0,666.0
1381.0,667.0
1382.0,667.0
1382.0,667.0
1382.0,667.0
1383.0,666.0
1383.0,666.0
1384.0,665.0
1385.0,665.0
1385.0,665.0
1386.0,665.0
1386.0,665.0
1386.0,665.0
1387.0,665.0
1387.0,665.0
1387.0,665.0
1387.0,665.0
1387.0,665.0
1387.0,665.0
1387.0,665.0
1388.0,664.0
1388.0,664.0
1389.0,664.0
1389.0,664.0
1389.0,664.0
1389.0,664.0
1390.0,664.0
1391.0,662.0
1391.0,662.0
1392.0,662.0
