x,y
858.0,26.0
854.0,29.0
869.0,39.0
869.0,45.0
871.0,56.0
878.0,65.0
882.0,83.0
881.0,91.0
888.0,106.0
889.0,120.0
889.0,140.0
890.0,163.0
888.0,170.0
889.0,159.0
886.0,170.0
886.0,174.0
886.0,184.0
889.0,194.0
887.0,207.0
888.0,215.0
900.0,220.0
902.0,208.0
899.0,207.0
895.0,214.0
891.0,217.0
887.0,216.0
891.0,219.0
886.0,220.0
892.0,230.0
890.0,244.0
889.0,251.0
889.0,252.0
895.0,260.0
893.0,258.0
896.0,260.0
892.0,259.0
892.0,258.0
894.0,255.0
895.0,254.0
895.0,254.0
892.0,258.0
892.0,258.0
892.0,257.0
893.0,257.0
894.0,256.0
899.0,256.0
902.0,255.0
902.0,255.0
903.0,255.0
904.0,254.0
904.0,255.0
905.0,255.0
903.0,258.0
904.0,258.0
905.0,261.0
907.0,259.0
907.0,262.0
903.0,262.0
903.0,263.0
904.0,265.0
903.0,265.0
904.0,265.0
904.0,264.0
904.0,264.0
905.0,264.0
904.0,263.0
905.0,264.0
905.0,263.0
906.0,263.0
906.0,264.0
907.0,263.0
906.0,263.0
906.0,264.0
908.0,261.0
910.0,261.0
906.0,266.0
906.0,263.0
906.0,264.0
906.0,264.0
906.0,265.0
907.0,267.0
908.0,268.0
911.0,273.0
908.0,266.0
909.0,266.0
916.0,269.0
921.0,266.0
921.0,267.0
921.0,268.0
920.0,265.0
920.0,267.0
921.0,266.0
921.0,266.0
922.0,267.0
922.0,266.0
923.0,266.0
924.0,267.0
924.0,267.0
923.0,269.0
924.0,271.0
