x,y
758.0,1073.0
762.125,1073.1666666666667
766.25,1073.3333333333333
770.375,1073.5
774.5,1073.6666666666667
778.625,1073.8333333333333
782.75,1074.0
786.875,1074.1666666666667
791.0,1074.3333333333333
795.125,1074.5
799.25,1074.6666666666667
803.375,1074.8333333333333
807.5,1075.0
811.625,1075.1666666666667
815.75,1075.3333333333333
819.875,1075.5
824.0,1075.6666666666667
828.125,1075.8333333333333
832.25,1076.0
836.375,1076.1666666666667
840.5,1076.3333333333333
844.625,1076.5
848.75,1076.6666666666667
852.875,1076.8333333333333
857.0,1077.0
851.0,1074.0
854.3333333333334,1075.3333333333333
857.6666666666666,1076.6666666666667
861.0,1078.0
861.0,1078.0
874.5,1075.0
888.0,1072.0
885.0,1072.0
883.0,1071.0
886.0,1070.0
904.0,1077.0
922.0,1060.0
926.0,1059.0
912.0,1034.0
