x,y
960.0,380.0
970.0,383.0
979.0,384.0
979.0,380.0
979.0,382.0
980.0,383.0
980.0,386.0
978.0,404.0
978.0,408.0
972.0,397.0
973.0,398.0
967.0,397.0
955.0,424.0
945.0,425.0
946.0,425.0
948.0,419.0
947.0,421.0
946.0,422.0
947.0,423.0
947.0,422.0
947.0,422.0
947.0,423.0
946.0,423.0
947.0,422.0
948.0,423.0
947.0,422.0
947.0,422.0
948.0,422.0
948.0,422.0
947.0,423.0
947.0,423.0
948.0,422.0
949.0,422.0
948.0,421.0
947.0,421.0
947.0,423.0
946.0,422.0
946.0,422.0
946.0,421.0
946.0,419.0
947.0,421.0
944.0,422.0
943.0,423.0
942.0,423.0
939.0,424.0
939.0,424.0
940.0,424.0
939.0,424.0
938.0,425.0
938.0,425.0
937.0,426.0
935.0,427.0
930.0,429.0
926.0,426.0
924.0,425.0
922.0,431.0
920.0,432.0
920.0,426.0
917.0,430.0
917.0,430.0
917.0,429.0
913.0,429.0
914.0,431.0
915.0,432.0
912.0,430.0
912.0,431.0
910.0,429.0
910.0,429.0
910.0,429.0
909.0,427.0
909.0,427.0
909.0,427.0
908.0,427.0
908.0,426.0
908.0,426.0
909.0,428.0
910.0,429.0
908.0,426.0
907.0,426.0
907.0,427.0
907.0,425.0
909.0,427.0
908.0,426.0
908.0,425.0
909.0,423.0
915.0,419.0
909.0,420.0
909.0,419.0
909.0,417.0
913.0,409.0
915.0,410.0
914.0,410.0
913.0,411.0
915.0,411.0
915.0,411.0
914.0,411.0
914.0,411.0
914.0,411.0
915.0,411.0
913.0,410.0
