x,y
1608.0,838.0
1608.0,839.0
1610.0,836.0
1609.0,835.0
1607.0,834.0
1604.0,838.0
1603.0,836.0
1605.0,834.0
1605.0,833.8333333333334
1605.0,833.6666666666666
1605.0,833.5
1605.0,833.3333333333334
1605.0,833.1666666666666
1605.0,833.0
1604.9333333333334,833.0
1604.8666666666666,833.0
1604.8,833.0
1604.7333333333333,833.0
1604.6666666666667,833.0
1604.6,833.0
1604.5333333333333,833.0
1604.4666666666667,833.0
1604.4,833.0
1604.3333333333333,833.0
1604.2666666666667,833.0
1604.2,833.0
1604.1333333333334,833.0
1604.0666666666666,833.0
1604.0,833.0
1604.0,833.0
1604.0,833.0
1604.0,833.0
1604.0,833.0
1604.3333333333333,833.0
1604.6666666666667,833.0
1605.0,833.0
1604.0,834.0
1601.0,834.0
1604.0,833.0
1604.0,832.0
1605.0,833.0
1604.0,833.0
1605.0,833.0
1605.0,833.0
1605.0,833.0
1605.0,834.0
1604.0,833.0
1604.0,833.0
1604.0,833.0
1603.0,832.0
1603.0,832.0
1603.0,831.0
1603.0,832.0
1603.0,832.0
1605.0,833.0
1605.0,833.0
1604.0,833.0
1603.0,832.0
1603.0,832.0
1603.0,832.0
1603.0,832.0
1603.0,832.0
1603.0,832.0
1603.0,832.0
1603.0,832.0
1603.0,831.5
1603.0,831.0
1603.0,830.5
1603.0,830.0
1604.0,829.0
1604.0,830.0
1603.0,831.0
1601.0,831.0
1601.0,831.0
1601.0,831.0
1602.0,831.0
1601.0,832.0
1601.0,831.0
1600.0,831.0
1600.0,831.0
1600.0,830.0
1599.0,829.0
1599.0,829.0
1599.0,829.0
1599.0,829.0
1593.0,824.0
1594.0,824.0
1593.0,823.0
1593.0,823.0
1592.0,823.0
1592.0,823.0
1591.0,822.0
1591.0,823.0
1591.0,823.0
1591.0,823.0
1591.0,823.0
1591.0,823.0
1591.0,823.0
1591.0,823.0
1590.0,822.0
