x,y
1462.0,956.0
1462.0,956.0
1460.0,956.0
1461.0,957.0
1461.0,956.0
1461.0,956.0
1461.0,956.0
1461.0,956.0
1461.0,954.0
1462.0,951.0
1462.0,949.0
1462.0,949.0
1462.0,949.0
1462.0,947.0
1461.0,947.0
1460.0,946.0
1460.0,946.0
1460.0,946.0
1460.0,946.0
1460.0,946.0
1460.0,945.0
1460.0,946.0
1460.0,945.0
1460.0,945.0
1460.0,945.0
1460.0,945.0
1459.0,945.0
1460.0,945.0
1460.0,945.0
1460.0,945.0
1460.0,945.0
1460.0,945.0
1460.0,945.0
1460.0,945.0
1460.0,944.0
1460.0,944.0
1460.0,943.0
1459.0,943.0
1459.0,944.0
1459.0,943.0
1459.0,943.0
1459.0,944.0
1459.0,943.0
1457.0,944.0
1457.0,943.0
1456.0,944.0
1456.0,944.0
1456.0,943.0
1456.0,943.0
1455.0,943.0
1455.0,943.0
1455.0,943.0
1456.0,944.0
1456.0,943.0
1456.0,943.0
1456.0,943.0
1456.0,944.0
1457.0,943.0
1457.0,944.0
1458.0,944.0
1457.0,944.0
1457.0,944.0
1458.0,944.0
1457.0,943.0
1457.0,943.0
1457.0,943.0
1457.0,944.0
1458.0,944.0
1457.0,944.0
1457.0,944.0
1458.0,945.0
1457.0,949.0
1455.0,950.0
1455.0,949.0
1459.0,952.0
1464.0,958.0
1469.0,966.0
1492.0,977.0
1512.0,981.0
1525.0,977.0
1528.0,962.0
1526.0,937.0
1532.0,916.0
1541.0,892.0
1548.0,869.0
1546.0,846.0
1542.0,821.0
1535.0,793.0
1523.0,770.0
1505.0,759.0
1473.0,764.0
1448.0,759.0
1423.0,749.0
1401.0,719.0
1368.0,668.0
1367.0,641.0
1369.0,613.0
1391.0,618.0
1374.0,600.0
1347.0,590.0
