x,y
1001.0,787.0
1001.0,787.0
1000.0,786.0
1001.0,786.0
1000.0,785.0
999.0,786.0
999.0,787.0
1000.0,785.0
997.0,783.0
994.0,781.0
992.0,781.0
996.0,782.0
994.0,780.0
996.0,785.0
996.0,782.0
996.0,782.0
996.0,784.0
994.0,781.0
994.0,780.0
994.0,780.0
995.0,780.0
995.0,781.0
993.0,779.0
993.0,779.0
992.0,779.0
991.0,781.0
991.0,781.0
991.0,781.0
991.0,781.0
991.0,781.0
991.0,781.0
991.0,781.0
991.0,781.0
991.0,781.0
991.0,782.0
990.0,781.0
990.0,781.0
990.0,781.0
990.0,782.0
990.0,781.0
990.0,781.0
990.0,781.0
990.0,781.0
990.0,781.0
989.0,780.0
989.0,780.0
989.0,780.0
989.0,780.0
988.0,780.0
988.0,780.0
988.0,780.0
988.0,780.0
988.0,780.0
988.0,780.0
986.0,778.0
986.0,778.0
987.0,778.0
986.0,778.0
986.0,778.0
986.0,779.0
986.0,779.0
986.0,779.0
986.0,779.0
985.0,779.0
985.0,779.0
986.0,778.0
986.0,778.0
986.0,779.0
986.0,779.0
985.0,779.0
985.0,779.0
985.0,779.0
986.0,778.0
985.0,778.0
987.0,778.0
984.0,779.0
986.0,779.0
984.0,779.0
985.0,779.0
985.0,780.0
984.0,779.0
985.0,778.0
985.0,778.0
985.0,778.0
984.0,777.0
984.0,778.0
985.0,778.0
985.0,779.0
984.0,779.0
984.0,778.0
984.0,778.0
984.0,779.0
985.0,779.0
985.0,780.0
986.0,779.0
986.0,779.0
986.0,779.0
986.0,779.0
986.0,779.0
986.0,780.0
