x,y
504.0,869.0
504.0,872.0
506.0,873.0
505.0,873.0
506.0,874.0
508.0,871.0
506.0,875.0
509.0,873.0
507.0,876.0
509.0,874.0
509.0,875.0
508.0,875.0
508.0,876.0
508.0,876.0
507.0,877.0
508.0,880.0
509.0,881.0
509.0,881.0
508.0,881.0
507.0,882.0
507.0,883.0
507.0,882.0
506.0,883.0
505.0,884.0
505.0,885.0
506.0,885.0
505.0,885.0
504.0,885.0
503.0,887.0
504.0,888.0
504.0,889.0
504.0,888.0
504.0,889.0
505.0,889.0
504.0,888.0
505.0,888.0
505.0,887.0
505.0,887.0
505.0,887.0
505.0,887.0
506.0,889.0
506.0,889.0
506.0,890.0
506.0,890.0
502.0,888.0
500.0,887.0
499.0,887.0
497.0,886.0
496.0,885.0
494.0,884.0
494.0,884.0
492.0,884.0
492.0,884.0
492.0,884.0
493.0,883.0
491.0,885.0
491.0,886.0
492.0,887.0
493.0,885.0
494.0,884.0
495.0,886.0
497.0,887.0
497.0,888.0
497.0,895.0
503.0,908.0
502.0,927.0
493.0,942.0
489.0,974.0
476.0,1008.0
471.0,1030.0
478.0,1055.0
499.0,1071.0
579.0,1070.0
652.0,1050.0
688.0,1054.0
689.0,1054.0
689.0,1054.0
688.0,1054.0
688.0,1054.0
688.0,1054.0
688.0,1054.0
688.0,1055.0
689.0,1055.0
689.0,1055.0
689.0,1055.0
689.0,1055.0
689.0,1054.0
689.0,1054.0
688.0,1054.0
687.0,1054.0
687.0,1054.0
687.0,1054.0
685.0,1054.0
689.0,1051.0
652.0,1051.0
652.0,1051.0
652.0,1051.0
652.0,1051.0
652.0,1051.0
683.0,956.0
