x,y
683.0,955.0
683.0,955.0
683.0,955.0
684.0,954.0
684.0,954.0
685.0,953.0
686.0,952.0
686.0,952.0
687.0,952.0
686.0,952.0
696.0,947.0
696.0,946.0
697.0,946.0
697.0,946.0
697.0,945.0
697.0,945.0
696.0,946.0
696.0,946.0
697.0,945.0
697.0,945.0
697.0,946.0
697.0,945.0
697.0,945.0
697.0,945.0
697.0,945.0
697.0,945.0
697.0,945.0
697.0,945.0
697.0,945.0
697.0,945.0
697.0,945.0
697.0,945.0
697.0,945.0
697.0,945.0
697.0,945.0
697.0,945.0
697.0,945.0
697.0,945.0
697.0,944.0
694.0,943.0
697.0,945.0
696.0,944.0
697.0,945.0
697.0,945.0
697.0,945.0
697.0,945.0
697.0,945.0
697.0,945.0
697.0,945.0
697.0,945.0
697.0,945.0
697.0,945.0
697.0,944.0
697.0,945.0
697.0,945.0
696.0,945.0
697.0,945.0
697.0,945.0
697.0,945.0
697.0,944.0
694.0,943.0
694.0,943.0
697.0,945.0
697.0,945.0
696.0,945.0
697.0,944.0
697.0,944.0
697.0,944.0
697.0,944.0
697.0,944.0
696.0,943.0
695.5,943.0
695.0,943.0
694.5,943.0
694.0,943.0
694.4,943.2
694.8,943.4
695.2,943.6
695.6,943.8
696.0,944.0
696.0,943.8
696.0,943.6
696.0,943.4
696.0,943.2
696.0,943.0
695.8064516129032,945.0322580645161
695.6129032258065,947.0645161290323
695.4193548387096,949.0967741935484
695.2258064516129,951.1290322580645
695.0322580645161,953.1612903225806
694.8387096774194,955.1935483870968
694.6451612903226,957.2258064516129
694.4516129032259,959.258064516129
694.258064516129,961.2903225806451
694.0645161290323,963.3225806451613
693.8709677419355,965.3548387096774
693.6774193548387,967.3870967741935
693.483870967742,969.4193548387096
693.2903225806451,971.4516129032259
693.0967741935484,973.483870967742
