x,y
1373.421052631579,819.578947368421
1373.1842105263158,819.8157894736842
1372.9473684210527,820.0526315789474
1372.7105263157894,820.2894736842105
1372.4736842105262,820.5263157894736
1372.2368421052631,820.7631578947369
1372.0,821.0
1367.0,826.0
1367.0,827.0
1368.0,826.0
1362.3333333333333,821.0
1356.6666666666667,816.0
1351.0,811.0
1323.0,815.0
1322.0,814.0
1322.0,813.0
1322.0,814.0
1323.0,816.0
1324.4,816.4
1325.8,816.8
1327.2,817.2
1328.6,817.6
1330.0,818.0
1321.0,817.0
1321.0,815.0
1321.0,815.0
1322.0,815.0
1322.0,815.0
1323.0,815.0
1352.0,808.0
1419.0,817.0
1529.0,803.0
1642.0,840.0
1718.0,827.0
1717.0,827.0
1716.0,828.0
1717.0,828.0
1719.0,827.0
1717.0,827.0
1717.0,826.0
1718.0,826.0
1718.0,825.0
1718.0,825.0
1718.0,825.0
1718.0,825.0
1719.0,824.0
1719.0,826.0
1724.0,826.0
1703.0,830.0
1702.4,830.0
1701.8,830.0
1701.2,830.0
1700.6,830.0
1700.0,830.0
1703.0,829.0
1704.0,829.0
1704.15,828.9
1704.3,828.8
1704.45,828.7
1704.6,828.6
1704.75,828.5
1704.9,828.4
1705.05,828.3
1705.2,828.2
1705.35,828.1
1705.5,828.0
1705.65,827.9
1705.8,827.8
1705.95,827.7
1706.1,827.6
1706.25,827.5
1706.4,827.4
1706.55,827.3
1706.7,827.2
1706.85,827.1
1707.0,827.0
1719.0,825.0
1718.0,824.0
1719.0,824.0
1717.0,825.0
1723.0,825.0
1724.3333333333333,824.8333333333334
1725.6666666666667,824.6666666666666
1727.0,824.5
1728.3333333333333,824.3333333333334
1729.6666666666667,824.1666666666666
1731.0,824.0
1725.0,824.0
1710.0,827.0
1709.1764705882354,828.1764705882352
1708.3529411764705,829.3529411764706
1707.5294117647059,830.5294117647059
1706.7058823529412,831.7058823529412
1705.8823529411766,832.8823529411765
1705.0588235294117,834.0588235294117
1704.235294117647,835.2352941176471
1703.4117647058824,836.4117647058823
1702.5882352941176,837.5882352941177
1701.764705882353,838.7647058823529
1700.9411764705883,839.9411764705883
