x,y
602.0,836.0
605.0,827.0
606.0,837.0
609.0,828.0
614.0,827.0
613.0,827.0
616.0,829.0
613.0,829.0
611.0,825.0
613.0,825.0
617.0,830.0
618.0,830.0
619.0,831.0
620.0,832.0
619.0,831.0
621.0,838.0
620.0,837.0
610.0,834.0
619.0,838.0
611.0,835.0
613.0,834.0
621.0,836.0
622.0,835.0
615.0,833.0
615.0,833.0
616.0,835.0
622.0,837.0
622.0,837.0
622.0,837.0
621.0,838.0
622.0,838.0
622.0,838.0
622.0,839.0
622.0,839.0
622.0,839.0
622.0,839.0
622.0,838.0
624.0,836.0
624.0,837.0
623.0,837.0
624.0,837.0
624.0,837.0
628.0,834.0
629.0,833.0
628.0,836.0
628.0,835.0
628.0,834.0
629.0,834.0
628.0,834.0
634.0,832.0
628.0,835.0
628.0,835.0
628.0,834.0
629.0,833.0
628.0,833.0
634.0,829.0
629.0,832.0
629.0,833.0
629.0,833.0
637.0,828.0
630.0,827.0
629.0,827.0
628.0,833.0
635.0,828.0
628.0,833.0
629.0,827.0
629.0,829.0
627.0,830.0
628.0,826.0
629.0,826.0
629.0,827.0
632.0,831.0
634.0,828.0
634.0,818.0
635.0,823.0
633.0,817.0
634.0,817.0
634.0,816.0
635.0,816.0
635.0,817.0
635.0,817.0
636.0,818.0
636.0,818.0
637.0,818.0
637.0,818.0
637.0,818.0
636.0,819.0
636.0,819.0
636.0,820.0
638.0,819.0
636.0,820.0
639.0,820.0
639.0,820.0
639.0,820.0
639.0,820.0
640.0,820.0
639.0,817.0
639.0,816.0
638.0,814.0
637.0,812.0
