x,y
1700.1176470588234,841.1176470588235
1699.2941176470588,842.2941176470588
1698.4705882352941,843.4705882352941
1697.6470588235295,844.6470588235294
1696.8235294117646,845.8235294117648
1696.0,847.0
1697.0,849.0
1730.0,847.0
1733.0,848.0
1742.0,845.0
1743.0,843.0
1742.0,837.0
1741.5454545454545,835.6363636363636
1741.090909090909,834.2727272727273
1740.6363636363637,832.9090909090909
1740.1818181818182,831.5454545454545
1739.7272727272727,830.1818181818181
1739.2727272727273,828.8181818181819
1738.8181818181818,827.4545454545455
1738.3636363636363,826.0909090909091
1737.909090909091,824.7272727272727
1737.4545454545455,823.3636363636364
1737.0,822.0
1722.0,824.0
1720.0,823.0
1719.0,822.0
1719.0,823.0
1718.0,822.0
1717.0,823.0
1700.0,825.0
1700.0,825.0
1700.0,825.0
1701.0,825.0
1716.0,824.0
1722.0,824.0
1724.0,824.0
1721.0,825.0
1721.0,824.0
1721.0,823.0
1723.0,823.0
1723.0,823.0
1729.0,823.0
1731.0,825.0
1733.0,827.0
1735.0,829.0
1737.0,831.0
1739.0,833.0
1741.0,835.0
1743.0,837.0
1739.0,843.0
1752.0,841.0
1751.0,841.0
1727.0,847.0
1733.0,847.0
1736.0,850.0
1741.0,854.0
1762.0,853.0
1746.0,835.0
1746.0,834.0
1747.0,834.0
1748.0,833.0
1763.0,844.0
1758.0,847.0
1729.0,849.0
1700.0,849.0
1739.0,837.0
1736.1666666666667,834.8333333333334
1733.3333333333333,832.6666666666666
1730.5,830.5
1727.6666666666667,828.3333333333334
1724.8333333333333,826.1666666666666
1722.0,824.0
1718.0,823.0
1718.0,823.0
1716.0,824.0
1719.0,823.0
1721.0,824.0
1720.75,824.25
1720.5,824.5
1720.25,824.75
1720.0,825.0
1722.0,823.0
1731.0,822.0
1728.2,821.8
1725.4,821.6
1722.6,821.4
1719.8,821.2
1717.0,821.0
1702.0,821.0
1701.0,823.0
1700.0,823.0
1700.0,822.0
1611.0,839.0
1608.0,837.0
1604.0,835.0
1605.0,834.0
1605.0,834.0
1605.0,835.0
1606.0,836.0
1607.0,836.0
