x,y
141.0,503.0
140.0,504.0
140.0,503.0
144.0,502.0
138.0,503.0
138.0,504.0
138.0,504.0
137.0,503.0
137.0,502.0
136.0,503.0
136.0,503.0
137.0,502.0
137.0,501.0
137.0,501.0
135.0,501.0
134.0,500.0
134.0,500.0
134.0,500.0
134.0,500.0
133.0,499.0
133.0,499.0
132.0,499.0
132.0,499.0
132.0,498.0
132.0,498.0
132.0,498.0
132.0,498.0
132.0,498.0
132.0,498.0
132.0,500.0
132.0,499.0
132.0,498.0
132.0,499.0
132.0,499.0
131.0,499.0
130.0,499.0
129.0,498.0
128.0,495.0
129.0,496.0
129.0,495.0
128.0,495.0
128.0,495.0
128.0,494.0
128.0,494.0
128.0,493.0
127.0,492.0
127.0,493.0
127.0,493.0
127.0,493.0
127.0,493.0
127.0,493.0
127.0,493.0
127.0,493.0
127.0,493.0
127.0,493.0
127.0,492.0
126.0,492.0
126.0,491.0
126.0,489.0
126.0,491.0
128.0,490.0
127.0,490.0
127.0,490.0
127.0,488.0
129.0,488.0
129.0,488.0
128.0,488.0
128.0,488.0
128.0,488.0
128.0,487.0
128.0,487.0
128.0,488.0
128.0,488.0
128.0,489.0
127.0,488.0
126.0,489.0
126.0,490.0
126.0,488.0
126.0,489.0
126.0,488.0
126.0,488.0
123.0,487.0
123.0,487.0
119.0,491.0
116.0,494.0
107.0,504.0
99.0,514.0
86.0,511.0
57.0,504.0
40.0,516.0
6.0,523.0
