x,y
442.0,915.0
450.0,922.0
442.0,916.0
442.0,917.0
449.0,922.0
450.0,921.0
449.0,922.0
449.0,923.0
449.0,923.0
447.0,923.0
447.0,922.0
444.0,924.0
444.0,923.0
444.0,922.0
444.0,922.0
446.0,923.0
447.0,922.0
439.0,915.0
440.0,915.0
441.0,915.0
440.0,915.0
441.0,915.0
441.0,915.0
441.0,915.0
440.0,916.0
440.0,915.0
440.0,915.0
441.0,915.0
441.0,916.0
441.0,915.0
440.0,915.0
440.0,915.0
441.0,915.0
442.0,916.0
442.0,916.0
444.0,914.0
442.0,911.0
441.0,911.0
443.0,913.0
442.0,914.0
444.0,915.0
442.0,915.0
442.0,914.0
442.0,914.0
442.0,913.0
442.0,912.0
442.0,913.0
443.0,914.0
444.0,916.0
446.0,914.0
445.0,911.0
451.0,918.0
444.0,909.0
445.0,909.0
446.0,910.0
446.0,911.0
446.0,911.0
445.0,911.0
445.0,910.0
445.0,910.0
445.0,911.0
445.0,912.0
446.0,912.0
446.0,912.0
447.0,911.0
447.0,911.0
448.0,911.0
452.0,915.0
453.0,914.0
453.0,914.0
453.0,915.0
453.0,917.0
452.0,916.0
452.0,916.0
452.0,916.0
453.0,915.0
453.0,916.0
453.0,917.0
453.0,915.0
453.0,917.0
449.0,911.0
448.0,912.0
454.0,917.0
454.0,915.0
455.0,913.0
456.0,913.0
456.0,913.0
457.0,913.0
460.0,913.0
465.0,912.0
467.0,912.0
467.0,916.0
469.0,911.0
468.0,915.0
469.0,911.0
468.0,911.0
468.0,911.0
467.0,912.0
467.0,911.0
467.0,912.0
