x,y
1650.6,996.2
1654.3,1001.1
1658.0,1006.0
1657.3157894736842,1003.2894736842105
1656.6315789473683,1000.578947368421
1655.9473684210527,997.8684210526316
1655.2631578947369,995.1578947368421
1654.578947368421,992.4473684210526
1653.8947368421052,989.7368421052631
1653.2105263157894,987.0263157894736
1652.5263157894738,984.3157894736842
1651.842105263158,981.6052631578947
1651.157894736842,978.8947368421052
1650.4736842105262,976.1842105263158
1649.7894736842106,973.4736842105264
1649.1052631578948,970.7631578947369
1648.421052631579,968.0526315789474
1647.7368421052631,965.3421052631579
1647.0526315789473,962.6315789473684
1646.3684210526317,959.921052631579
1645.6842105263158,957.2105263157895
1645.0,954.5
1644.3157894736842,951.7894736842105
1643.6315789473683,949.078947368421
1642.9473684210527,946.3684210526316
1642.2631578947369,943.6578947368421
1641.578947368421,940.9473684210526
1640.8947368421052,938.2368421052631
1640.2105263157894,935.5263157894736
1639.5263157894738,932.8157894736842
1638.842105263158,930.1052631578947
1638.157894736842,927.3947368421052
1637.4736842105262,924.6842105263158
1636.7894736842106,921.9736842105264
1636.1052631578948,919.2631578947369
1635.421052631579,916.5526315789474
1634.7368421052631,913.8421052631579
1634.0526315789473,911.1315789473684
1633.3684210526317,908.421052631579
1632.6842105263158,905.7105263157895
1632.0,903.0
1631.75,903.1666666666666
1631.5,903.3333333333334
1631.25,903.5
1631.0,903.6666666666666
1630.75,903.8333333333334
1630.5,904.0
1630.25,904.1666666666666
1630.0,904.3333333333334
1629.75,904.5
1629.5,904.6666666666666
1629.25,904.8333333333334
1629.0,905.0
1611.0,907.0
1571.0,890.0
1532.0,849.0
1477.5,861.5
1423.0,874.0
1525.0,856.0
1568.5,875.5
1612.0,895.0
1626.0,876.0
1659.0,886.0
1657.0,882.5
1655.0,879.0
1655.0,879.0
1628.0,900.0
1614.0,962.0
1615.0,1032.0
1522.0,1068.0
