x,y
1317.0,570.0
1276.0,561.0
1240.0,548.0
1221.0,542.0
1220.0,539.0
1221.0,541.0
1234.0,548.0
1239.0,549.0
1233.0,547.0
1234.0,548.0
1233.0,547.0
1234.0,545.0
1227.0,541.0
1227.0,540.0
1226.0,539.0
1228.0,535.0
1228.0,536.0
1227.0,536.0
1228.0,534.0
1228.0,533.0
1229.0,533.0
1228.0,531.0
1226.0,531.0
1226.0,529.0
1227.0,528.0
1228.0,527.0
1229.0,526.0
1229.0,526.0
1229.0,526.0
1227.0,525.0
1227.0,526.0
1228.0,525.0
1228.0,526.0
1226.0,525.0
1226.0,525.0
1226.0,523.0
1226.0,525.0
1227.0,525.0
1228.0,527.0
1226.0,525.0
1226.0,524.0
1225.0,523.0
1226.0,525.0
1228.0,526.0
1228.0,525.0
1228.0,526.0
1229.0,525.0
1227.0,524.0
1224.0,519.0
1227.0,520.0
1227.0,520.0
1226.0,519.0
1226.0,520.0
1231.0,516.0
1231.0,514.0
1229.0,513.0
1231.0,514.0
1229.0,513.0
1228.0,513.0
1228.0,512.0
1231.0,515.0
1230.0,514.0
1230.0,515.0
1230.0,512.0
1229.0,512.0
1229.0,513.0
1230.0,514.0
1223.0,515.0
1224.0,517.0
1251.0,529.0
1286.0,526.0
1314.0,515.0
1356.0,481.0
1398.0,459.0
1423.0,427.0
1454.0,389.0
1457.0,350.0
1464.0,315.0
1481.0,282.0
1507.0,247.0
1524.0,226.0
1528.0,209.0
1518.0,188.0
1520.0,173.0
1526.0,165.0
1527.0,167.0
1523.0,173.0
1528.0,161.0
1526.0,151.0
1524.0,158.0
1535.0,158.0
1539.0,161.0
1537.0,162.0
1546.0,161.0
1570.0,155.0
1587.0,155.0
1623.0,157.0
1657.0,156.0
1705.0,166.0
1749.0,163.0
