x,y
1628.0,276.0
1623.0,281.0
1625.0,281.0
1625.0,282.0
1627.0,282.0
1629.0,283.0
1630.0,283.0
1630.0,283.0
1630.0,285.0
1630.0,285.0
1628.0,284.0
1627.0,284.0
1627.0,284.0
1627.0,283.0
1629.0,282.0
1629.0,283.0
1629.0,282.0
1629.0,282.0
1629.0,283.0
1630.0,283.0
1630.0,284.0
1628.0,284.0
1626.0,283.0
1626.0,284.0
1630.0,283.0
1631.0,281.0
1628.0,283.0
1629.0,283.0
1636.0,279.0
1641.0,284.0
1637.0,280.0
1636.0,289.0
1641.0,284.0
1642.0,292.0
1645.0,303.0
1644.0,319.0
1643.0,313.0
1625.0,310.0
1607.0,311.0
1578.0,315.0
1527.0,316.0
1495.0,338.0
1439.0,363.0
1389.0,397.0
1342.0,444.0
1281.0,498.0
1224.0,552.0
1140.0,586.0
1057.0,598.0
958.0,613.0
854.0,604.0
746.0,609.0
650.0,601.0
562.0,584.0
499.0,567.0
444.0,534.0
418.0,517.0
408.0,512.0
419.0,520.0
441.0,534.0
478.0,554.0
495.0,577.0
503.0,600.0
499.0,623.0
486.0,640.0
485.0,645.0
499.0,661.0
513.0,696.0
494.0,667.0
494.0,677.0
493.0,677.0
489.0,681.0
489.0,682.0
491.0,683.0
491.0,682.0
492.0,682.0
492.0,681.0
492.0,680.0
492.0,680.0
494.0,682.0
491.0,681.0
493.0,684.0
492.0,683.0
493.0,683.0
495.0,681.0
490.0,682.0
488.0,682.0
487.0,681.0
486.0,681.0
489.0,682.0
489.0,682.0
482.0,683.0
478.0,684.0
476.0,683.0
473.0,683.0
471.0,683.0
471.0,684.0
471.0,684.0
472.0,683.0
470.0,683.0
