x,y
1451.6538461538462,713.5
1451.5384615384614,713.3333333333334
1451.423076923077,713.1666666666666
1451.3076923076924,713.0
1451.1923076923076,712.8333333333334
1451.076923076923,712.6666666666666
1450.9615384615386,712.5
1450.8461538461538,712.3333333333334
1450.7307692307693,712.1666666666666
1450.6153846153845,712.0
1450.5,711.8333333333334
1450.3846153846155,711.6666666666666
1450.2692307692307,711.5
1450.1538461538462,711.3333333333334
1450.0384615384614,711.1666666666666
1449.923076923077,711.0
1449.8076923076924,710.8333333333334
1449.6923076923076,710.6666666666666
1449.576923076923,710.5
1449.4615384615386,710.3333333333334
1449.3461538461538,710.1666666666666
1449.2307692307693,710.0
1449.1153846153845,709.8333333333334
1449.0,709.6666666666666
1448.8846153846155,709.5
1448.7692307692307,709.3333333333334
1448.6538461538462,709.1666666666666
1448.5384615384614,709.0
1448.423076923077,708.8333333333334
1448.3076923076924,708.6666666666666
1448.1923076923076,708.5
1448.076923076923,708.3333333333334
1447.9615384615386,708.1666666666666
1447.8461538461538,708.0
1447.7307692307693,707.8333333333334
1447.6153846153845,707.6666666666666
1447.5,707.5
1447.3846153846155,707.3333333333334
1447.2692307692307,707.1666666666666
1447.1538461538462,707.0
1447.0384615384614,706.8333333333334
1446.923076923077,706.6666666666666
1446.8076923076924,706.5
1446.6923076923076,706.3333333333334
1446.576923076923,706.1666666666666
1446.4615384615386,706.0
1446.3461538461538,705.8333333333334
1446.2307692307693,705.6666666666666
1446.1153846153845,705.5
1446.0,705.3333333333334
1445.8846153846155,705.1666666666666
1445.7692307692307,705.0
1445.6538461538462,704.8333333333334
1445.5384615384614,704.6666666666666
1445.423076923077,704.5
1445.3076923076924,704.3333333333334
1445.1923076923076,704.1666666666666
1445.076923076923,704.0
1444.9615384615386,703.8333333333334
1444.8461538461538,703.6666666666666
1444.7307692307693,703.5
1444.6153846153845,703.3333333333334
1444.5,703.1666666666666
1444.3846153846155,703.0
1444.2692307692307,702.8333333333334
1444.1538461538462,702.6666666666666
1444.0384615384614,702.5
1443.923076923077,702.3333333333334
1443.8076923076924,702.1666666666666
1443.6923076923076,702.0
1443.576923076923,701.8333333333334
1443.4615384615386,701.6666666666666
1443.3461538461538,701.5
1443.2307692307693,701.3333333333334
1443.1153846153845,701.1666666666666
1443.0,701.0
1441.3333333333333,698.6666666666666
1439.6666666666667,696.3333333333334
1438.0,694.0
1438.0,694.0
1438.6666666666667,694.8333333333334
1439.3333333333333,695.6666666666666
1440.0,696.5
1440.6666666666667,697.3333333333334
1441.3333333333333,698.1666666666666
1442.0,699.0
1442.2,699.2
1442.4,699.4
1442.6,699.6
1442.8,699.8
1443.0,700.0
1443.0,700.0
1443.0,700.0
1444.0,701.0
1443.3333333333333,700.0
1442.6666666666667,699.0
1442.0,698.0
1442.0,698.0
1442.3333333333333,698.6666666666666
1442.6666666666667,699.3333333333334
