x,y
1514.0,138.0
1514.0,139.0
1515.0,139.0
1515.0,139.0
1515.0,138.0
1514.0,139.0
1514.0,139.0
1514.0,139.0
1514.0,139.0
1514.0,139.0
1514.0,138.0
1513.0,139.0
1513.0,139.0
1513.0,139.0
1513.0,139.0
1513.0,139.0
1513.0,140.0
1514.0,139.0
1514.0,139.0
1514.0,139.0
1513.0,139.0
1513.0,139.0
1514.0,139.0
1514.0,139.0
1513.0,139.0
1513.0,139.0
1514.0,139.0
1514.0,139.0
1514.0,140.0
1514.0,140.0
1514.0,140.0
1514.0,140.0
1514.0,140.0
1514.0,140.0
1515.0,145.0
1515.0,145.0
1515.0,145.0
1521.0,141.0
1513.0,139.0
1514.0,139.0
1513.0,140.0
1514.0,140.0
1513.0,140.0
1514.0,139.0
1514.0,139.0
1514.0,140.0
1515.0,140.0
1515.0,140.0
1515.0,139.0
1514.0,139.0
1514.0,140.0
1514.0,140.0
1514.0,140.0
1514.0,140.0
1514.0,140.0
1513.0,141.0
1515.0,140.0
1517.0,141.0
1515.0,141.0
1516.0,141.0
1515.0,140.0
1514.0,140.0
1516.0,145.0
1514.0,145.0
1513.0,145.0
1513.0,142.0
1513.0,141.0
1513.0,142.0
1513.0,145.0
1516.0,142.0
1516.0,145.0
1516.0,143.0
1516.0,142.0
1515.0,143.0
1514.0,143.0
1514.0,144.0
1513.0,144.0
1514.0,144.0
1515.0,144.0
1515.0,143.0
1513.0,143.0
1514.0,144.0
1514.0,143.0
1515.0,143.0
1514.0,143.0
1515.0,144.0
1517.0,144.0
1514.0,144.0
1514.0,144.0
1514.0,144.0
1514.0,144.0
1515.0,144.0
1515.0,144.0
1515.0,144.0
1515.0,144.0
1515.0,144.0
1515.0,143.0
1515.0,143.0
1515.0,144.0
1514.0,144.0
