x,y
1307.0,765.0
1307.0,765.0
1306.0,764.0
1306.0,764.0
1306.0,764.0
1307.0,764.0
1306.0,764.0
1306.0,764.0
1306.0,764.0
1306.0,765.0
1306.0,765.0
1307.0,764.0
1307.0,764.0
1307.0,764.0
1307.0,765.0
1306.0,764.0
1307.0,763.0
1308.0,763.0
1308.0,763.0
1308.0,763.0
1306.0,763.0
1307.0,763.0
1307.0,763.0
1308.0,762.0
1308.0,761.0
1308.0,761.0
1308.0,762.0
1307.0,762.0
1307.0,763.0
1307.0,763.0
1307.0,763.0
1308.0,762.0
1308.0,761.0
1308.0,761.0
1308.0,760.0
1308.0,761.0
1308.0,760.0
1308.0,761.0
1306.0,762.0
1296.0,756.0
1297.0,756.0
1307.0,761.0
1316.0,738.0
1303.0,769.0
1303.0,768.0
1307.0,761.0
1308.0,761.0
1307.0,761.0
1307.0,761.0
1307.0,761.0
1307.0,761.0
1307.0,761.0
1306.0,762.0
1306.0,761.0
1306.0,761.0
1307.0,761.0
1306.0,761.0
1306.0,761.0
1306.0,760.0
1306.0,760.0
1307.0,760.0
1307.0,760.0
1307.0,760.0
1307.0,760.0
1307.0,759.0
1308.0,759.0
1308.0,758.0
1308.0,758.0
1308.0,758.0
1308.0,759.0
1309.0,757.0
1309.0,757.0
1308.0,758.0
1308.0,758.0
1309.0,758.0
1309.0,757.0
1309.0,757.0
1309.0,756.0
1310.0,756.0
1308.0,755.0
1307.0,755.0
1307.0,755.0
1307.0,754.0
1307.0,754.0
1306.0,755.0
1306.0,754.0
1307.0,753.0
1308.0,752.0
1307.0,753.0
1307.0,752.0
1308.0,751.0
1307.0,752.0
1307.0,752.0
1307.0,751.0
1307.0,751.0
1307.0,751.0
1307.0,751.0
1306.0,751.0
1306.0,752.0
1306.0,752.0
