x,y
696.0,845.0
696.0,845.0
696.0,845.0
696.0,845.0
696.0,845.0
696.0,845.0
696.0,845.0
696.0,845.0
696.0,846.0
697.0,847.0
697.0,845.0
696.0,846.0
696.0,846.0
696.0,845.0
696.0,845.0
696.0,845.5
696.0,846.0
696.0,846.0
696.0,846.0
696.0,846.0
696.0,846.0
696.0,846.0
696.0,846.0
696.0,846.0
696.0,846.0
696.0,846.0
696.0,846.0
696.0,846.0
696.0,846.0
697.0,846.2
698.0,846.4
699.0,846.6
700.0,846.8
701.0,847.0
698.0,849.0
697.0,849.0
699.0,850.0
699.0,849.0
700.0,851.0
704.0,849.0
704.0,849.0
703.0,849.0
707.0,842.0
705.0,844.0
702.0,848.0
702.0,847.0
702.0,834.0
707.0,825.0
717.0,814.0
746.5,808.5
776.0,803.0
822.5,797.5
869.0,792.0
911.0,776.0
945.0,764.0
982.0,753.0
1016.0,739.0
1052.0,718.0
1086.5,714.0
1121.0,710.0
1160.0,724.0
1187.0,737.0
1202.0,744.0
1210.0,740.0
1209.0,736.0
1209.0,735.0
1210.0,742.0
1213.0,744.0
1215.0,742.0
1225.0,745.0
1232.0,753.0
1243.0,752.0
1242.0,751.0
1242.0,750.0
1242.0,749.0
1242.0,750.0
1242.0,750.0
1242.0,750.0
1241.0,749.0
1244.0,748.0
1244.0,748.0
1244.0,749.0
1244.0,749.0
1243.0,748.0
1242.0,749.0
1242.0,748.0
1238.0,751.0
1239.0,749.0
1240.0,750.0
1238.0,752.0
1240.0,752.0
1240.0,752.0
1241.0,752.0
1240.0,750.0
1241.0,752.0
1241.0,752.0
1241.0,752.0
1241.0,752.0
1241.0,752.0
1241.0,752.0
