x,y
746.0,1036.0
730.0,1039.0
721.0,1038.0
709.0,1031.0
708.0,1018.0
696.0,1018.0
688.0,1023.0
687.0,1028.0
684.0,1028.0
680.0,1024.0
684.0,1021.0
685.0,1020.0
681.0,1018.0
681.0,1022.0
677.0,1018.0
674.0,1017.0
669.0,1015.0
663.0,1016.0
661.0,1011.0
658.0,1010.0
650.0,1011.0
657.0,1014.0
653.0,1017.0
648.0,1018.0
644.0,1020.0
640.0,1021.0
629.0,1022.0
614.0,1019.0
598.0,1011.0
587.0,1012.0
569.0,1014.0
566.0,1015.0
572.0,1012.0
568.0,1007.0
571.0,1001.0
562.0,1001.0
557.0,998.0
554.0,996.0
553.0,994.0
554.0,990.0
556.0,991.0
550.0,988.0
558.0,991.0
557.0,990.0
557.0,989.0
557.0,990.0
557.0,990.0
557.0,990.0
556.0,990.0
556.0,990.0
556.0,990.0
556.0,989.0
556.0,989.0
556.0,988.0
557.0,989.0
556.0,989.0
559.0,987.0
559.0,987.0
555.0,988.0
555.0,988.0
557.0,987.0
556.0,988.0
558.0,987.0
558.0,986.0
559.0,983.0
559.0,981.0
558.0,981.0
559.0,980.0
559.0,980.0
559.0,979.0
559.0,980.0
560.0,979.0
560.0,980.0
559.0,980.0
560.0,979.0
561.0,979.0
560.0,979.0
561.0,978.0
561.0,977.0
562.0,977.0
562.0,978.0
563.0,977.0
563.0,977.0
563.0,977.0
563.0,977.0
563.0,977.0
562.0,977.0
562.0,976.0
563.0,976.0
564.0,976.0
563.0,977.0
563.0,977.0
563.0,977.0
562.0,976.0
563.0,976.0
563.0,976.0
564.0,976.0
564.0,974.0
564.0,975.0
564.0,976.0
