x,y
1689.0,653.0
1690.0,653.0
1689.0,654.0
1690.0,654.0
1691.0,655.0
1690.0,654.0
1691.0,654.0
1691.0,654.0
1691.0,654.0
1691.0,654.0
1689.0,654.0
1690.0,655.0
1690.0,656.0
1690.0,655.0
1690.0,655.0
1689.0,655.0
1689.0,655.0
1689.0,656.0
1689.0,654.0
1690.0,656.0
1690.0,655.0
1690.0,655.0
1691.0,656.0
1691.0,655.0
1690.0,655.0
1690.0,655.0
1689.0,655.0
1689.0,655.0
1689.0,653.0
1688.0,652.0
1691.0,651.0
1692.0,650.0
1693.0,648.0
1693.0,649.0
1694.0,648.0
1694.0,647.0
1694.0,647.0
1694.0,645.0
1695.0,647.0
1695.0,646.0
1694.0,645.0
1693.0,647.0
1695.0,645.0
1694.0,648.0
1697.0,652.0
1707.0,652.0
1730.0,655.0
1743.0,649.0
1757.0,651.0
1786.0,658.0
1804.0,668.0
1842.0,684.0
1853.0,714.0
1875.0,744.0
1890.0,789.0
1900.0,821.0
1900.0,854.0
1889.0,888.0
1849.0,916.0
1782.0,936.0
1700.0,947.0
1597.0,946.0
1492.0,936.0
1385.0,899.0
1280.0,854.0
1197.0,791.0
1137.0,736.0
1084.0,675.0
1054.0,627.0
1026.0,584.0
1026.0,545.0
1014.0,526.0
1016.0,492.0
1004.0,486.0
1007.0,468.0
998.0,458.0
1001.0,437.0
1005.0,441.0
1008.0,420.0
996.0,415.0
978.0,410.0
962.0,386.0
949.0,376.0
944.0,366.0
941.0,355.0
936.0,346.0
938.0,338.0
938.0,330.0
943.0,317.0
946.0,315.0
948.0,322.0
956.0,321.0
957.0,319.0
950.0,324.0
951.0,325.0
956.0,319.0
956.0,319.0
950.0,323.0
957.0,319.0
957.0,319.0
