x,y
1509.0,133.0
1509.0,133.0
1510.0,134.0
1509.0,134.0
1508.0,133.0
1508.0,132.0
1508.0,133.0
1510.0,132.0
1509.0,132.0
1507.0,131.0
1507.0,131.0
1507.0,131.0
1507.0,131.0
1505.0,134.0
1505.0,132.0
1510.0,133.0
1504.0,133.0
1507.0,130.0
1508.0,130.0
1507.0,132.0
1507.0,130.0
1507.0,130.0
1507.0,130.0
1507.0,130.0
1507.0,130.0
1507.0,130.0
1507.0,130.0
1507.0,130.0
1507.0,130.0
1507.0,130.0
1506.0,130.0
1505.0,132.0
1504.0,133.0
1504.0,133.0
1503.0,133.0
1505.0,130.0
1506.0,130.0
1506.0,131.0
1506.0,131.0
1506.0,131.0
1506.0,131.0
1506.0,131.0
1504.0,133.0
1505.0,132.0
1504.0,133.0
1503.0,136.0
1503.0,136.0
1502.0,137.0
1502.0,137.0
1503.0,137.0
1504.0,136.0
1504.0,136.0
1509.0,137.0
1506.0,136.0
1506.0,136.0
1508.0,133.0
1509.0,133.0
1507.0,138.0
1509.0,134.0
1506.0,137.0
1508.0,135.0
1509.0,134.0
1509.0,133.0
1512.0,136.0
1510.0,133.0
1509.0,133.0
1509.0,133.0
1509.0,133.0
1509.0,134.0
1509.0,134.0
1509.0,134.0
1507.0,134.0
1508.0,134.0
1509.0,134.0
1510.0,134.0
1510.0,134.0
1512.0,134.0
1514.0,136.0
1513.0,135.0
1514.0,135.0
1513.0,134.0
1514.0,135.0
1513.0,134.0
1513.0,134.0
1513.0,134.0
1513.0,134.0
1513.0,134.0
1514.0,135.0
1514.0,134.0
1515.0,135.0
1515.0,135.0
1515.0,135.0
1515.0,136.0
1515.0,136.0
1514.0,137.0
1514.0,137.0
1514.0,137.0
1514.0,137.0
1514.0,139.0
1514.0,139.0
