x,y
1420.0,1034.0
1388.0,998.0
1376.0,982.0
1360.0,971.0
1342.0,960.0
1326.0,968.0
1303.0,961.0
1295.0,951.0
1280.0,936.0
1279.0,934.0
1262.0,917.0
1262.0,912.0
1258.0,894.0
1257.0,903.0
1241.0,891.0
1244.0,891.0
1235.0,890.0
1235.0,885.0
1234.0,884.0
1234.0,898.0
1228.0,888.0
1226.0,890.0
1226.0,889.0
1226.0,891.0
1225.0,891.0
1226.0,891.0
1226.0,890.0
1222.0,893.0
1223.0,893.0
1222.0,893.0
1223.0,892.0
1221.0,893.0
1230.0,900.0
1229.0,900.0
1229.0,900.0
1228.0,903.0
1220.0,899.0
1229.0,902.0
1228.0,902.0
1221.0,899.0
1222.0,900.0
1219.0,897.0
1218.0,897.0
1218.0,897.0
1217.0,897.0
1215.0,896.0
1216.0,896.0
1217.0,900.0
1217.0,900.0
1214.0,901.0
1214.0,902.0
1214.0,905.0
1214.0,904.0
1214.0,902.0
1215.0,902.0
1215.0,903.0
1215.0,902.0
1216.0,903.0
1216.0,903.0
1216.0,903.0
1215.0,904.0
1215.0,903.0
1213.0,902.0
1213.0,902.0
1211.0,906.0
1211.0,906.0
1211.0,905.0
1212.0,904.0
1211.0,904.0
1211.0,904.0
1211.0,905.0
1210.0,905.0
1211.0,906.0
1211.0,906.0
1211.0,906.0
1211.0,905.0
1211.0,904.0
1214.0,901.0
1215.0,900.0
1216.0,898.0
1222.0,881.0
1210.0,847.0
1197.0,810.0
1172.0,771.0
1141.0,743.0
1101.0,716.0
1060.0,690.0
1042.0,642.0
1018.0,592.0
1006.0,544.0
1003.0,494.0
1007.0,455.0
1008.0,428.0
1009.0,410.0
1023.0,400.0
1013.0,404.0
1019.0,415.0
1007.0,420.0
991.0,418.0
983.0,425.0
