x,y
1534.0,120.0
1533.0,121.0
1534.0,121.0
1532.0,123.0
1529.0,125.0
1530.0,125.0
1530.0,126.0
1530.0,126.0
1528.0,130.0
1530.0,126.0
1530.0,125.0
1530.0,125.0
1531.0,125.0
1531.0,125.0
1531.0,123.0
1530.0,123.0
1531.0,120.0
1531.0,118.0
1528.0,117.0
1527.0,114.0
1525.0,115.0
1527.0,117.0
1527.0,116.0
1527.0,114.0
1527.0,115.0
1526.0,116.0
1527.0,114.0
1525.0,115.0
1533.0,112.0
1533.0,111.0
1533.0,111.0
1535.0,112.0
1534.0,110.0
1535.0,110.0
1535.0,109.0
1535.0,109.0
1535.0,108.0
1535.0,107.0
1533.0,105.0
1533.0,105.0
1534.0,103.0
1533.0,104.0
1534.0,103.0
1534.0,102.0
1534.0,101.0
1534.0,101.0
1534.0,101.0
1534.0,100.0
1534.0,100.0
1534.0,100.0
1534.0,100.0
1534.0,99.0
1530.0,101.0
1530.0,101.0
1530.0,100.0
1531.0,98.0
1533.0,98.0
1532.0,99.0
1532.0,99.0
1532.0,99.0
1534.0,97.0
1532.0,99.0
1536.0,95.0
1538.0,94.0
1537.0,93.0
1534.0,94.0
1531.0,93.0
1532.0,89.0
1531.0,89.0
1531.0,87.0
1535.0,88.0
1534.0,85.0
1534.0,83.0
1534.0,73.0
1547.0,60.0
1562.0,38.0
1576.0,20.0
1579.0,11.0
1567.0,6.0
1555.0,4.0
1557.0,3.0
1611.0,78.0
1615.0,73.0
1615.6842105263158,73.8157894736842
1616.3684210526317,74.63157894736842
1617.0526315789473,75.44736842105263
1617.7368421052631,76.26315789473684
1618.421052631579,77.07894736842105
1619.1052631578948,77.89473684210526
1619.7894736842106,78.71052631578948
1620.4736842105262,79.52631578947368
1621.157894736842,80.34210526315789
1621.842105263158,81.15789473684211
1622.5263157894738,81.97368421052632
1623.2105263157894,82.78947368421052
1623.8947368421052,83.60526315789474
1624.578947368421,84.42105263157895
1625.2631578947369,85.23684210526315
1625.9473684210527,86.05263157894737
1626.6315789473683,86.86842105263158
