x,y
1282.0,754.0
1283.0,753.0
1283.0,753.0
1285.0,753.0
1286.0,752.0
1288.0,751.0
1289.0,750.0
1288.0,749.0
1289.0,749.0
1289.0,750.0
1289.0,749.0
1288.0,748.0
1291.0,748.0
1291.0,748.0
1294.0,744.0
1294.0,745.0
1294.0,745.0
1294.0,746.0
1296.0,747.0
1296.0,747.0
1295.0,747.0
1295.0,746.0
1294.0,746.0
1294.0,746.0
1294.0,746.0
1294.0,745.0
1294.0,744.0
1294.0,745.0
1293.0,744.0
1294.0,744.0
1297.0,739.0
1298.0,737.0
1298.0,738.0
1298.0,736.0
1298.0,736.0
1297.0,733.0
1299.0,732.0
1299.0,732.0
1300.0,734.0
1301.0,732.0
1303.0,728.0
1303.0,726.0
1303.0,724.0
1304.0,724.0
1305.0,723.0
1305.0,722.0
1310.0,719.0
1313.0,729.0
1314.0,730.0
1307.0,721.0
1310.0,720.0
1307.0,720.0
1320.0,726.0
1320.0,721.0
1321.0,724.0
1321.0,723.0
1321.0,720.0
1321.0,721.0
1320.0,725.0
1323.0,723.0
1323.0,723.0
1322.0,722.0
1322.0,721.0
1322.0,723.0
1323.0,723.0
1325.0,725.0
1327.0,730.0
1333.0,731.0
1333.0,730.0
1332.0,727.0
1330.0,726.0
1326.0,721.0
1330.0,725.0
1330.0,730.0
1330.0,725.0
1332.0,727.0
1332.0,725.0
1332.0,724.0
1332.0,723.0
1334.0,726.0
1334.0,726.0
1329.0,734.0
1335.0,725.0
1332.0,726.0
1333.0,727.0
1333.0,726.0
1331.0,721.0
1333.0,720.0
1332.0,719.0
1330.0,717.0
1335.0,719.0
1334.5,718.5
1334.0,718.0
1332.0,718.0
1331.0,718.0
1322.0,721.0
1324.5,718.0
1327.0,715.0
1318.5,723.0
1310.0,731.0
