x,y
1514.0,139.0
1514.0,139.0
1514.0,139.0
1514.0,139.0
1514.0,139.0
1514.0,140.0
1514.0,139.0
1513.0,140.0
1513.0,140.0
1514.0,141.0
1514.0,141.0
1514.0,141.0
1514.0,141.0
1514.0,141.0
1514.0,140.0
1514.0,141.0
1514.0,141.0
1513.0,141.0
1514.0,141.0
1513.0,141.0
1514.0,141.0
1514.0,141.0
1513.0,141.0
1514.0,141.0
1514.0,140.0
1514.0,140.0
1514.0,140.0
1514.0,141.0
1514.0,140.0
1514.0,140.0
1514.0,140.0
1514.0,140.0
1514.0,140.0
1514.0,140.0
1514.0,140.0
1514.0,140.0
1514.0,140.0
1514.0,140.0
1514.0,140.0
1514.0,140.0
1514.0,140.0
1514.0,140.0
1514.0,140.0
1514.0,140.0
1514.0,140.0
1514.0,140.0
1514.0,140.0
1514.0,140.0
1514.0,140.0
1514.0,140.0
1515.0,140.0
1515.0,140.0
1515.0,139.0
1514.0,140.0
1514.0,139.0
1514.0,139.0
1514.0,139.0
1515.0,139.0
1514.0,139.0
1514.0,139.0
1514.0,139.0
1514.0,139.0
1515.0,139.0
1515.0,139.0
1515.0,139.0
1515.0,139.0
1515.0,139.0
1515.0,139.0
1515.0,139.0
1515.0,139.0
1515.0,139.0
1515.0,139.0
1515.0,139.0
1515.0,139.0
1515.0,139.0
1515.0,139.0
1515.0,139.0
1515.0,139.0
1515.0,139.0
1515.0,139.0
1515.0,139.0
1515.0,139.0
1515.0,139.0
1515.0,139.0
1515.0,139.0
1515.0,139.0
1515.0,138.0
1515.0,139.0
1515.0,139.0
1515.0,138.0
1515.0,138.0
1515.0,138.0
1515.0,139.0
1515.0,139.0
1515.0,138.0
1515.0,138.0
1516.0,138.0
1515.0,138.0
1516.0,139.0
1515.0,139.0
