x,y
1096.2702702702702,970.8378378378378
1095.4594594594594,970.3243243243244
1094.6486486486488,969.8108108108108
1093.837837837838,969.2972972972973
1093.027027027027,968.7837837837837
1092.2162162162163,968.2702702702703
1091.4054054054054,967.7567567567568
1090.5945945945946,967.2432432432432
1089.7837837837837,966.7297297297297
1088.972972972973,966.2162162162163
1088.162162162162,965.7027027027027
1087.3513513513512,965.1891891891892
1086.5405405405406,964.6756756756756
1085.7297297297298,964.1621621621622
1084.918918918919,963.6486486486486
1084.1081081081081,963.1351351351351
1083.2972972972973,962.6216216216217
1082.4864864864865,962.1081081081081
1081.6756756756756,961.5945945945946
1080.8648648648648,961.081081081081
1080.054054054054,960.5675675675676
1079.2432432432433,960.0540540540541
1078.4324324324325,959.5405405405405
1077.6216216216217,959.027027027027
1076.8108108108108,958.5135135135135
1076.0,958.0
1084.0,976.0
1020.0,951.0
995.0,945.0
981.0,932.0
974.0,914.0
969.0,893.0
970.0,877.0
964.0,853.0
951.0,832.0
939.0,816.0
927.0,802.0
916.0,793.0
917.0,779.0
924.0,766.0
919.0,748.0
917.0,744.0
923.0,737.0
912.0,735.0
920.0,719.0
912.0,720.0
910.0,717.0
906.0,712.0
900.0,704.0
887.0,704.0
884.0,704.0
882.0,710.0
884.0,707.0
884.0,703.0
884.0,703.0
885.0,702.0
885.0,702.0
884.0,702.0
884.0,703.0
884.0,702.0
884.0,701.0
883.0,704.0
885.0,703.0
885.0,703.0
884.0,703.0
884.0,703.0
885.0,703.0
884.0,702.0
881.0,700.0
880.0,701.0
880.0,701.0
879.0,700.0
878.0,701.0
877.0,700.0
880.0,699.0
876.0,698.0
877.0,700.0
876.0,699.0
877.0,699.0
877.0,699.0
877.0,699.0
876.0,699.0
875.0,697.0
878.0,699.0
876.0,697.0
879.0,695.0
877.0,697.0
881.0,697.0
881.0,697.0
884.0,694.0
878.0,692.0
888.0,690.0
907.0,687.0
907.0,681.0
910.0,666.0
913.0,640.0
914.0,611.0
940.0,570.0
956.0,550.0
975.0,515.0
