x,y
1325.0,750.0
1324.0,750.0
1313.0,749.0
1313.0,747.0
1313.0,748.0
1313.0,748.0
1325.0,748.0
1325.0,748.0
1325.0,749.0
1325.0,749.0
1325.0,749.0
1323.0,754.0
1323.0,753.0
1323.0,753.0
1323.0,754.0
1323.0,754.0
1323.0,754.0
1323.0,754.0
1311.0,753.0
1284.0,766.0
1293.0,758.0
1302.0,750.0
1319.0,737.0
1322.5,744.5
1326.0,752.0
1326.0,751.0
1324.0,756.0
1324.0,756.0
1325.0,751.0
1323.0,756.0
1324.0,756.0
1323.0,756.0
1323.0,756.0
1323.0,756.0
1323.0,756.0
1324.0,752.0
1325.0,752.0
1325.0,752.0
1325.0,752.0
1325.0,752.0
1325.0,752.0
1325.0,752.0
1325.0,752.0
1323.0,756.0
1324.0,752.0
1325.0,752.0
1325.0,752.0
1325.0,753.0
1324.0,755.0
1324.0,754.0
1325.0,753.0
1324.0,756.0
1324.0,756.0
1324.0,757.0
1325.0,753.0
1324.0,755.0
1323.0,756.0
1323.0,756.0
1324.0,753.0
1323.0,756.0
1323.0,756.0
1323.0,754.0
1323.0,755.0
1322.0,754.0
1322.0,755.0
1323.0,752.0
1323.0,754.0
1323.0,756.0
1324.0,756.0
1324.0,754.0
1323.0,756.0
1323.0,755.0
1323.0,755.0
1323.0,756.0
1323.0,755.0
1324.0,755.0
1324.0,755.0
1323.0,755.0
1322.0,758.0
1323.0,754.0
1322.0,756.0
1322.0,760.0
1322.0,759.0
1321.0,759.0
1321.0,759.0
1322.0,755.0
1321.0,755.0
1322.0,760.0
1321.0,760.0
1320.0,760.0
1321.0,755.0
1321.0,757.0
1322.0,756.0
1321.0,760.0
1322.0,755.0
1323.0,758.0
1323.0,758.0
1322.0,758.0
1322.0,758.0
1322.0,756.0
