x,y
1504.0,143.0
1503.0,144.0
1503.0,145.0
1504.0,146.0
1504.0,146.0
1508.0,148.0
1510.0,147.0
1510.0,148.0
1511.0,148.0
1511.0,147.0
1511.0,146.0
1511.0,146.0
1511.0,146.0
1511.0,146.0
1511.0,146.0
1510.0,146.0
1510.0,146.0
1507.0,147.0
1507.0,147.0
1511.0,146.0
1511.0,147.0
1512.0,147.0
1512.0,146.0
1512.0,145.0
1512.0,146.0
1513.0,146.0
1512.0,146.0
1512.0,146.0
1512.0,146.0
1511.0,146.0
1511.0,146.0
1511.0,146.0
1510.0,146.0
1511.0,146.0
1509.0,146.0
1509.0,146.0
1508.0,146.0
1508.0,146.0
1508.0,146.0
1508.0,146.0
1507.0,146.0
1507.0,146.0
1507.0,146.0
1507.0,145.0
1508.0,145.0
1508.0,145.0
1508.0,145.0
1509.0,145.0
1508.0,145.0
1509.0,145.0
1511.0,145.0
1509.0,144.0
1510.0,145.0
1510.0,145.0
1511.0,146.0
1510.0,145.0
1510.0,144.0
1511.0,144.0
1511.0,144.0
1511.0,144.0
1512.0,143.0
1511.0,143.0
1511.0,144.0
1513.0,142.0
1513.0,142.0
1514.0,142.0
1513.0,140.0
1515.0,140.0
1515.0,136.0
1518.0,138.0
1518.0,137.0
1519.0,137.0
1520.0,136.0
1520.0,137.0
1520.0,136.0
1521.0,135.0
1522.0,135.0
1522.0,134.0
1523.0,133.0
1524.0,133.0
1524.0,133.0
1524.0,134.0
1524.0,134.0
1525.0,132.0
1526.0,132.0
1526.0,131.0
1526.0,131.0
1529.0,125.0
1530.0,124.0
1529.0,123.0
1531.0,123.0
1529.0,121.0
1530.0,121.0
1531.0,118.0
1531.0,119.0
1531.0,119.0
1533.0,117.0
1535.0,116.0
1534.0,117.0
1535.0,120.0
