x,y
1898.0,745.0
1826.0,717.0
1764.0,687.0
1721.0,676.0
1672.0,646.0
1622.0,615.0
1547.0,593.0
1484.0,564.0
1414.0,526.0
1319.0,530.0
1243.0,517.0
1175.0,506.0
1130.0,486.0
1106.0,467.0
1084.0,439.0
1067.0,415.0
1048.0,391.0
1036.0,380.0
1036.0,380.0
1038.0,374.0
1040.0,370.0
1037.0,371.0
1036.0,370.0
1040.0,369.0
1038.0,370.0
1040.0,368.0
1039.0,368.0
1041.0,370.0
1041.0,369.0
1041.0,368.0
1040.0,370.0
1042.0,370.0
1041.0,370.0
1042.0,371.0
1042.0,370.0
1043.0,370.0
1041.0,374.0
1041.0,374.0
1043.0,372.0
1045.0,373.0
1045.0,373.0
1046.0,373.0
1046.0,373.0
1046.0,373.0
1046.0,375.0
1044.0,373.0
1046.0,372.0
1046.0,372.0
1046.0,371.0
1043.0,366.0
1038.0,364.0
1040.0,362.0
1035.0,363.0
1033.0,357.0
1031.0,356.0
1030.0,352.0
1021.0,350.0
1018.0,350.0
1014.0,351.0
1016.0,348.0
1015.0,347.0
1015.0,348.0
1015.0,348.0
1014.0,350.0
1014.0,349.0
1014.0,350.0
1011.0,347.0
1000.0,343.0
993.0,341.0
988.0,344.0
989.0,349.0
994.0,349.0
993.0,350.0
991.0,346.0
992.0,344.0
985.0,334.0
967.0,307.0
947.0,270.0
938.0,225.0
935.0,168.0
919.0,105.0
913.0,51.0
901.0,5.0
