x,y
1341.0,741.0
1340.0,741.0
1339.0,741.0
1339.0,742.0
1339.0,743.0
1339.0,742.0
1339.0,743.0
1339.0,742.0
1338.0,743.0
1340.0,742.0
1339.0,742.0
1340.0,742.0
1339.0,742.0
1340.0,741.0
1340.0,741.0
1338.0,742.0
1339.0,742.0
1339.0,742.0
1338.0,742.0
1338.0,742.0
1340.0,741.0
1340.0,741.0
1338.0,742.0
1337.0,743.0
1337.0,743.0
1337.0,743.0
1337.0,743.0
1341.0,741.0
1337.0,743.0
1337.0,744.0
1337.0,743.0
1339.0,742.0
1339.0,742.0
1337.0,744.0
1338.0,742.0
1338.0,743.0
1337.0,743.0
1336.0,744.0
1340.0,745.0
1340.0,745.0
1339.0,746.0
1339.0,747.0
1339.0,747.0
1339.0,747.0
1339.0,750.0
1339.0,751.0
1339.0,751.0
1338.0,752.0
1338.0,754.0
1337.0,755.0
1336.0,756.0
1336.0,757.0
1336.0,758.0
1335.0,759.0
1335.0,760.0
1335.0,760.0
1332.0,760.0
1332.0,760.0
1334.0,762.0
1334.0,762.0
1333.0,762.0
1333.0,765.0
1332.0,765.0
1332.0,766.0
1333.0,766.0
1334.0,766.0
1335.0,767.0
1335.0,767.0
1334.0,767.0
1333.0,766.0
1334.0,767.0
1334.0,767.0
1334.0,768.0
1334.0,767.0
1333.0,767.0
1333.0,767.0
1332.0,766.0
1332.0,766.0
1331.0,767.0
1331.0,767.0
1331.0,766.0
1331.0,767.0
1331.0,767.0
1331.0,767.0
1331.0,767.0
1330.0,768.0
1330.0,768.0
1330.0,768.0
1330.0,768.0
1331.0,768.0
1331.0,767.0
1327.0,765.0
1329.0,769.0
1327.0,765.0
1326.0,765.0
1326.0,766.0
1325.0,766.0
1325.0,765.0
1326.0,766.0
1326.0,766.0
