x,y
977.0,427.0
977.0,426.0
979.0,429.0
973.0,430.0
965.0,433.0
958.0,439.0
965.0,435.0
956.0,428.0
947.0,433.0
946.0,426.0
954.0,427.0
950.0,429.0
948.0,427.0
948.0,430.0
950.0,430.0
952.0,428.0
949.0,431.0
949.0,429.0
952.0,430.0
950.0,430.0
948.0,431.0
949.0,431.0
949.0,431.0
948.0,431.0
948.0,432.0
948.0,432.0
948.0,431.0
947.0,434.0
948.0,435.0
948.0,434.0
943.0,438.0
942.0,437.0
942.0,434.0
945.0,431.0
941.0,433.0
942.0,430.0
942.0,429.0
944.0,429.0
942.0,432.0
941.0,431.0
941.0,429.0
940.0,429.0
940.0,427.0
943.0,428.0
940.0,428.0
944.0,431.0
937.0,426.0
937.0,425.0
940.0,427.0
939.0,428.0
939.0,427.0
938.0,426.0
938.0,426.0
939.0,427.0
935.0,425.0
935.0,425.0
935.0,425.0
935.0,422.0
935.0,419.0
932.0,423.0
931.0,424.0
932.0,421.0
933.0,421.0
933.0,422.0
932.0,421.0
931.0,421.0
931.0,421.0
933.0,422.0
933.0,422.0
934.0,421.0
934.0,421.0
934.0,421.0
933.0,420.0
933.0,420.0
933.0,421.0
932.0,420.0
932.0,417.0
932.0,417.0
928.0,420.0
928.0,419.0
927.0,419.0
926.0,420.0
926.0,419.0
930.0,416.0
928.0,419.0
928.0,419.0
928.0,421.0
928.0,420.0
929.0,419.0
928.0,418.0
926.0,418.0
925.0,418.0
925.0,420.0
923.0,421.0
923.0,420.0
924.0,421.0
921.0,422.0
920.0,422.0
922.0,418.0
922.0,421.0
