x,y
1686.0,631.0
1686.0,631.0
1684.0,631.0
1685.0,632.0
1686.0,631.0
1686.0,630.0
1686.0,631.0
1685.0,631.0
1687.0,630.0
1692.0,629.0
1691.0,629.0
1698.0,628.0
1699.0,631.0
1700.0,637.0
1699.0,638.0
1699.0,639.0
1698.0,640.0
1700.0,638.0
1699.0,638.0
1700.0,639.0
1700.0,638.0
1699.0,639.0
1701.0,639.0
1700.0,639.0
1700.0,642.0
1700.0,640.0
1701.0,639.0
1701.0,640.0
1701.0,640.0
1703.0,642.0
1702.0,642.0
1702.0,641.0
1702.0,642.0
1702.0,643.0
1704.0,641.0
1703.0,644.0
1705.0,645.0
1704.0,646.0
1703.0,647.0
1706.0,649.0
1704.0,648.0
1706.0,649.0
1705.0,650.0
1705.0,650.0
1705.0,650.0
1705.0,650.0
1704.0,650.0
1704.0,650.0
1704.0,650.0
1705.0,651.0
1705.0,650.0
1705.0,651.0
1705.0,652.0
1705.0,652.0
1705.0,652.0
1704.0,653.0
1702.0,653.0
1702.0,655.0
1699.0,656.0
1700.0,655.0
1700.0,655.0
1699.0,654.0
1699.0,654.0
1699.0,654.0
1700.0,653.0
1699.0,653.0
1700.0,654.0
1699.0,653.0
1700.0,654.0
1701.0,655.0
1699.0,655.0
1700.0,656.0
1697.0,655.0
1699.0,656.0
1699.0,656.0
1698.0,656.0
1699.0,657.0
1699.0,656.0
1699.0,656.0
1700.0,656.0
1699.0,655.0
1698.0,656.0
1696.0,654.0
1695.0,653.0
1693.0,653.0
1692.0,653.0
1692.0,653.0
1692.0,653.0
1692.0,652.0
1690.0,652.0
1691.0,652.0
1691.0,651.0
1691.0,652.0
1692.0,652.0
1691.0,651.0
1691.0,652.0
1691.0,651.0
1691.0,652.0
1691.0,652.0
1690.0,652.0
