x,y
1161.0,713.0
1160.0,712.0
1160.0,713.0
1160.0,713.0
1159.0,713.0
1159.0,713.0
1159.0,713.0
1159.0,713.0
1159.0,713.0
1159.0,713.0
1159.0,714.0
1159.0,714.0
1160.0,715.0
1160.0,715.0
1160.0,715.0
1161.0,717.0
1160.0,716.0
1161.0,719.0
1160.0,716.0
1161.0,716.0
1161.0,716.0
1162.0,717.0
1161.0,716.0
1161.0,716.0
1162.0,717.0
1161.0,717.0
1162.0,716.0
1162.0,716.0
1163.0,715.0
1163.0,715.0
1162.0,716.0
1161.0,716.0
1161.0,716.0
1161.0,716.0
1161.0,716.0
1161.0,717.0
1161.0,716.0
1160.0,716.0
1160.0,716.0
1161.0,718.0
1160.0,716.0
1161.0,718.0
1161.0,718.0
1160.0,717.0
1161.0,718.0
1161.0,718.0
1161.0,717.0
1160.0,718.0
1160.0,717.0
1161.0,718.0
1160.0,717.0
1161.0,717.0
1161.0,718.0
1160.0,718.0
1160.0,718.0
1159.0,718.0
1159.0,717.0
1159.0,717.0
1159.0,717.0
1160.0,717.0
1160.0,717.0
1159.0,717.0
1161.0,718.0
1159.0,717.0
1161.0,718.0
1160.0,718.0
1161.0,717.0
1160.0,717.0
1160.0,717.0
1161.0,717.0
1161.0,717.0
1160.0,716.0
1159.0,714.0
1160.0,714.0
1160.0,714.0
1160.0,714.0
1160.0,716.0
1161.0,716.0
1160.0,715.0
1160.0,716.0
1160.0,717.0
1160.0,716.0
1160.0,716.0
1160.0,716.0
1160.0,715.0
1160.0,716.0
1160.0,715.0
1160.0,717.0
1160.0,715.0
1160.0,713.0
1159.0,713.0
1159.0,713.0
1159.0,712.0
1159.0,712.0
1159.0,713.0
1159.0,714.0
1158.0,713.0
1158.0,714.0
1157.0,717.0
1159.0,720.0
