x,y
880.0,502.0
880.0,502.0
881.0,501.0
880.0,502.0
880.0,502.0
881.0,502.0
881.0,502.0
881.0,502.0
881.0,502.0
881.0,502.0
881.0,502.0
881.0,502.0
881.0,502.0
882.0,501.0
882.0,502.0
882.0,502.0
881.0,501.0
882.0,501.0
882.0,501.0
883.0,501.0
884.0,500.0
884.0,500.0
884.0,500.0
884.0,500.0
884.0,500.0
883.0,500.0
884.0,499.0
885.0,499.0
885.0,499.0
884.0,499.0
884.0,499.0
884.0,499.0
884.0,499.0
885.0,499.0
885.0,499.0
885.0,499.0
885.0,499.0
885.0,499.0
885.0,499.0
885.0,499.0
885.0,499.0
885.0,499.0
885.0,499.0
885.0,498.0
885.0,498.0
885.0,499.0
885.0,499.0
885.0,499.0
885.0,499.0
885.0,499.0
885.0,499.0
885.0,499.0
885.0,499.0
885.0,498.0
885.0,499.0
884.0,499.0
884.0,500.0
884.0,500.0
883.0,499.0
880.0,499.0
881.0,501.0
878.0,499.0
879.0,502.0
878.0,499.0
876.0,498.0
875.0,505.0
874.0,501.0
864.0,503.0
860.0,504.0
858.0,507.0
860.0,510.0
860.0,513.0
859.0,514.0
870.0,510.0
865.0,509.0
861.0,521.0
857.0,520.0
858.0,520.0
858.0,520.0
858.0,519.0
858.0,520.0
857.0,522.0
858.0,524.0
857.0,521.0
859.0,523.0
858.0,523.0
861.0,526.0
862.0,526.0
862.0,526.0
862.0,526.0
861.0,524.0
862.0,525.0
862.0,524.0
862.0,524.0
859.0,517.0
861.0,523.0
855.0,529.0
838.0,548.0
824.0,567.0
807.0,592.0
