x,y
874.0,563.0
873.0,563.0
872.0,562.0
872.0,562.0
872.0,562.0
872.0,562.0
872.0,562.0
871.0,562.0
871.0,562.0
871.0,562.0
871.0,562.0
871.0,562.0
871.0,562.0
871.0,561.0
872.0,561.0
872.0,561.0
872.0,561.0
872.0,562.0
872.0,561.0
871.0,561.0
871.0,561.0
871.0,561.0
871.0,561.0
871.0,561.0
871.0,561.0
872.0,561.0
872.0,561.0
872.0,561.0
872.0,561.0
872.0,561.0
872.0,561.0
871.0,562.0
871.0,562.0
871.0,562.0
871.0,561.0
871.0,561.0
871.0,561.0
870.0,560.0
871.0,560.0
871.0,561.0
871.0,561.0
871.0,561.0
871.0,561.0
871.0,561.0
871.0,561.0
871.0,562.0
871.0,561.0
871.0,561.0
870.0,560.0
870.0,559.0
869.0,560.0
869.0,558.0
868.0,558.0
868.0,559.0
868.0,559.0
868.0,559.0
868.0,559.0
868.0,559.0
868.0,559.0
868.0,558.0
868.0,558.0
868.0,558.0
868.0,559.0
868.0,558.0
867.0,558.0
868.0,558.0
868.0,557.0
867.0,557.0
867.0,557.0
867.0,558.0
867.0,557.0
867.0,556.0
868.0,556.0
867.0,555.0
867.0,555.0
867.0,555.0
867.0,554.0
867.0,554.0
867.0,554.0
867.0,554.0
867.0,554.0
867.0,555.0
868.0,553.0
867.0,553.0
867.0,553.0
867.0,553.0
867.0,552.0
868.0,553.0
868.0,553.0
868.0,552.0
867.0,552.0
868.0,551.0
869.0,552.0
869.0,551.0
869.0,551.0
869.0,551.0
869.0,551.0
870.0,551.0
869.0,551.0
869.0,551.0
