x,y
894.0,515.0
894.0,516.0
894.0,515.0
894.0,515.0
894.0,515.0
894.0,515.0
894.0,516.0
894.0,517.0
895.0,516.0
894.0,516.0
894.0,515.0
893.0,514.0
893.0,514.0
892.0,515.0
891.0,515.0
891.0,514.0
890.0,515.0
888.0,513.0
887.0,512.0
887.0,512.0
885.0,512.0
884.0,512.0
884.0,512.0
884.0,512.0
884.0,512.0
883.0,512.0
883.0,512.0
883.0,511.0
884.0,511.0
884.0,511.0
884.0,511.0
884.0,511.0
884.0,512.0
884.0,512.0
885.0,512.0
884.0,512.0
884.0,511.0
882.0,511.0
882.0,511.0
884.0,511.0
884.0,511.0
883.0,511.0
884.0,511.0
884.0,512.0
884.0,512.0
883.0,512.0
883.0,512.0
884.0,513.0
883.0,513.0
883.0,512.0
883.0,512.0
882.0,511.0
881.0,509.0
881.0,508.0
882.0,508.0
882.0,505.0
882.0,505.0
883.0,506.0
883.0,506.0
882.0,505.0
882.0,505.0
882.0,507.0
882.0,508.0
882.0,508.0
882.0,509.0
882.0,507.0
882.0,507.0
883.0,508.0
882.0,507.0
880.0,508.0
882.0,506.0
882.0,505.0
882.0,505.0
882.0,504.0
882.0,504.0
883.0,504.0
883.0,505.0
881.0,504.0
882.0,503.0
882.0,503.0
883.0,506.0
883.0,506.0
883.0,506.0
880.0,507.0
882.0,504.0
882.0,505.0
880.0,506.0
880.0,506.0
880.0,506.0
880.0,505.0
881.0,504.0
879.0,506.0
879.0,505.0
879.0,506.0
879.0,504.0
879.0,503.0
880.0,503.0
879.0,503.0
880.0,502.0
880.0,502.0
