x,y
802.0,606.0
807.0,601.0
809.0,598.0
816.0,593.0
822.0,581.0
829.0,576.0
834.0,567.0
835.0,569.0
830.0,576.0
843.0,573.0
838.0,571.0
851.0,575.0
853.0,574.0
854.0,573.0
855.0,572.0
857.0,570.0
857.0,570.0
857.0,570.0
857.0,570.0
857.0,570.0
858.0,569.0
857.0,569.0
856.0,568.0
857.0,569.0
856.0,569.0
857.0,570.0
857.0,570.0
856.0,571.0
857.0,571.0
857.0,572.0
857.0,572.0
857.0,571.0
857.0,572.0
857.0,572.0
857.0,571.0
857.0,571.0
857.0,571.0
857.0,572.0
857.0,572.0
857.0,572.0
857.0,572.0
856.0,571.0
857.0,572.0
857.0,572.0
857.0,572.0
857.0,571.0
857.0,572.0
857.0,572.0
857.0,573.0
858.0,573.0
858.0,573.0
858.0,573.0
858.0,572.0
859.0,572.0
859.0,572.0
859.0,572.0
859.0,572.0
859.0,572.0
859.0,572.0
859.0,572.0
859.0,572.0
859.0,572.0
858.0,572.0
858.0,572.0
858.0,572.0
858.0,571.0
857.0,571.0
858.0,571.0
858.0,571.0
857.0,571.0
858.0,571.0
858.0,571.0
857.0,571.0
857.0,570.0
856.0,570.0
857.0,569.0
857.0,569.0
857.0,568.0
857.0,568.0
857.0,568.0
857.0,568.0
858.0,567.0
858.0,566.0
858.0,566.0
858.0,564.0
859.0,564.0
859.0,564.0
859.0,564.0
859.0,564.0
859.0,564.0
857.0,563.0
859.0,564.0
856.0,563.0
856.0,563.0
856.0,563.0
856.0,563.0
859.0,564.0
856.0,562.0
858.0,564.0
858.0,564.0
