x,y
1844.0,216.0
1786.0,223.0
1748.0,240.0
1706.0,269.0
1652.0,304.0
1591.0,330.0
1526.0,354.0
1457.0,363.0
1381.0,372.0
1328.0,364.0
1274.0,366.0
1224.0,373.0
1176.0,393.0
1126.0,399.0
1082.0,424.0
1049.0,438.0
1019.0,461.0
992.0,470.0
964.0,474.0
943.0,474.0
922.0,475.0
920.0,472.0
918.0,476.0
916.0,475.0
918.0,474.0
916.0,479.0
922.0,483.0
922.0,482.0
922.0,477.0
921.0,479.0
921.0,478.0
919.0,478.0
919.0,483.0
919.0,490.0
918.0,491.0
919.0,488.0
918.0,488.0
916.0,489.0
915.0,490.0
915.0,492.0
914.0,491.0
913.0,491.0
912.0,491.0
913.0,492.0
915.0,495.0
914.0,495.0
913.0,495.0
913.0,494.0
913.0,493.0
911.0,493.0
911.0,492.0
910.0,493.0
912.0,495.0
910.0,493.0
908.0,493.0
907.0,494.0
908.0,495.0
908.0,496.0
910.0,498.0
911.0,499.0
911.0,499.0
911.0,499.0
911.0,499.0
911.0,499.0
911.0,499.0
912.0,499.0
911.0,499.0
912.0,498.0
911.0,498.0
912.0,498.0
909.0,498.0
911.0,498.0
911.0,497.0
911.0,496.0
911.0,496.0
908.0,496.0
908.0,496.0
909.0,495.0
909.0,496.0
909.0,498.0
909.0,498.0
909.0,498.0
909.0,498.0
909.0,498.0
910.0,498.0
909.0,499.0
909.0,499.0
911.0,500.0
912.0,500.0
912.0,501.0
911.0,502.0
911.0,502.0
911.0,502.0
911.0,502.0
911.0,501.0
910.0,502.0
910.0,502.0
910.0,501.0
910.0,502.0
910.0,502.0
