x,y
972.0,630.0
972.0,631.0
971.0,631.0
973.0,631.0
972.0,631.0
973.0,631.0
973.0,631.0
972.0,630.0
972.0,630.0
972.0,631.0
972.0,631.0
972.0,631.0
972.0,631.0
973.0,631.0
973.0,632.0
973.0,631.0
973.0,631.0
973.0,630.0
973.0,630.0
973.0,631.0
973.0,630.0
973.0,630.0
973.0,630.0
973.0,631.0
973.0,631.0
974.0,631.0
974.0,631.0
973.0,630.0
974.0,631.0
974.0,630.0
973.0,631.0
973.0,631.0
973.0,631.0
973.0,631.0
973.0,631.0
973.0,631.0
974.0,631.0
975.0,628.0
978.0,625.0
980.0,624.0
980.0,623.0
979.0,622.0
981.0,623.0
979.0,624.0
979.0,624.0
980.0,624.0
980.0,624.0
979.0,624.0
979.0,622.0
979.0,623.0
979.0,621.0
978.0,620.0
977.0,621.0
978.0,620.0
978.0,620.0
978.0,621.0
978.0,622.0
979.0,622.0
978.0,621.0
978.0,620.0
978.0,620.0
978.0,620.0
978.0,621.0
978.0,620.0
979.0,621.0
980.0,621.0
980.0,621.0
980.0,621.0
980.0,621.0
980.0,621.0
980.0,621.0
980.0,621.0
979.0,622.0
979.0,621.0
978.0,620.0
978.0,620.0
978.0,620.0
978.0,620.0
978.0,620.0
978.0,620.0
978.0,620.0
978.0,621.0
978.0,620.0
977.0,621.0
977.0,620.0
978.0,622.0
978.0,623.0
979.0,623.0
979.0,625.0
979.0,628.0
979.0,629.0
980.0,629.0
979.0,630.0
979.0,631.0
975.0,631.0
975.0,631.0
973.0,629.0
974.0,631.0
976.0,632.0
978.0,631.0
