x,y
977.0,633.0
977.0,633.0
978.0,632.0
978.0,632.0
978.0,631.0
981.0,633.0
982.0,633.0
982.0,634.0
982.0,638.0
977.0,641.0
977.0,640.0
979.0,639.0
977.0,642.0
979.0,641.0
985.0,644.0
989.0,641.0
984.0,645.0
990.0,642.0
990.0,645.0
997.0,651.0
1000.0,645.0
1005.0,645.0
1006.0,646.0
1006.0,646.0
1007.0,644.0
1009.0,646.0
1013.0,664.0
1036.0,680.0
1053.0,697.0
1070.0,697.0
1091.0,691.0
1094.0,695.0
1092.0,694.0
1090.0,695.0
1091.0,700.0
1092.0,698.0
1093.0,698.0
1093.0,698.0
1093.0,696.0
1092.0,696.0
1094.0,696.0
1093.0,696.0
1093.0,696.0
1093.0,696.0
1094.0,696.0
1093.0,696.0
1094.0,695.0
1094.0,694.0
1094.0,695.0
1093.0,695.0
1093.0,695.0
1094.0,694.0
1094.0,695.0
1094.0,695.0
1094.0,695.0
1094.0,695.0
1094.0,694.0
1093.0,694.0
1093.0,695.0
1093.0,695.0
1093.0,695.0
1093.0,695.0
1093.0,695.0
1093.0,695.0
1094.0,695.0
1094.0,695.0
1094.0,695.0
1095.0,694.0
1094.0,694.0
1095.0,693.0
1095.0,693.0
1095.0,693.0
1095.0,692.0
1095.0,694.0
1096.0,694.0
1096.0,694.0
1096.0,694.0
1096.0,693.0
1099.0,692.0
1100.0,692.0
1100.0,692.0
1099.0,692.0
1099.0,692.0
1098.0,692.0
1099.0,692.0
1099.0,691.0
1101.0,691.0
1101.0,690.0
1101.0,690.0
1101.0,690.0
1101.0,690.0
1101.0,690.0
1101.0,690.0
1102.0,690.0
1102.0,690.0
1102.0,690.0
1101.0,689.0
1102.0,689.0
1102.0,689.0
1102.0,689.0
