x,y
1336.0,902.0
1334.0,903.0
1336.0,902.0
1332.0,903.0
1334.0,903.0
1337.0,904.0
1337.0,904.0
1336.0,905.0
1337.0,903.0
1336.0,905.0
1336.0,904.0
1337.0,904.0
1337.0,904.0
1336.0,904.0
1337.0,903.0
1337.0,905.0
1338.0,905.0
1338.0,905.0
1338.0,906.0
1339.0,906.0
1338.0,906.0
1338.0,906.0
1339.0,906.0
1338.0,907.0
1340.0,907.0
1341.0,905.0
1341.0,904.0
1342.0,904.0
1342.0,904.0
1344.0,901.0
1345.0,902.0
1345.0,902.0
1344.0,903.0
1346.0,902.0
1346.0,902.0
1346.0,901.0
1346.0,902.0
1345.0,902.0
1345.0,902.0
1345.0,902.0
1345.0,902.0
1345.0,902.0
1345.0,902.0
1345.0,903.0
1347.0,902.0
1347.0,902.0
1346.0,904.0
1347.0,901.0
1347.0,904.0
1348.0,900.0
1348.0,900.0
1349.0,901.0
1349.0,900.0
1349.0,900.0
1350.0,899.0
1349.0,900.0
1349.0,899.0
1350.0,899.0
1350.0,899.0
1351.0,899.0
1351.0,899.0
1349.0,899.0
1349.0,900.0
1349.0,899.0
1350.0,899.0
1349.0,899.0
1348.0,899.0
1349.0,900.0
1349.0,900.0
1349.0,900.0
1350.0,899.0
1350.0,899.0
1349.0,900.0
1349.0,900.0
1349.0,900.0
1349.0,900.0
1350.0,899.0
1351.0,899.0
1350.0,900.0
1350.0,900.0
1349.0,900.0
1349.0,900.0
1349.0,900.0
1348.0,899.0
1349.0,899.0
1349.0,898.0
1349.0,898.0
1348.0,899.0
1348.0,899.0
1347.0,898.0
1348.0,897.0
1348.0,895.0
1346.0,894.0
1347.0,894.0
1346.0,894.0
1345.0,894.0
1345.0,894.0
1350.0,896.0
1344.0,893.0
1344.0,892.0
