x,y
93.0,1062.0
108.0,1037.0
137.0,1011.0
157.0,974.0
176.0,948.0
193.0,924.0
197.0,898.0
212.0,887.0
230.0,851.0
245.0,832.0
246.0,810.0
244.0,816.0
237.0,811.0
236.0,808.0
238.0,805.0
232.0,798.0
239.0,789.0
247.0,790.0
240.0,785.0
243.0,783.0
236.0,785.0
231.0,786.0
228.0,789.0
228.0,791.0
229.0,792.0
230.0,791.0
229.0,793.0
229.0,793.0
229.0,793.0
228.0,793.0
228.0,793.0
230.0,793.0
229.0,794.0
230.0,795.0
230.0,797.0
229.0,796.0
229.0,796.0
228.0,796.0
228.0,796.0
229.0,797.0
229.0,796.0
229.0,796.0
228.0,796.0
228.0,796.0
227.0,796.0
227.0,796.0
226.0,796.0
225.0,796.0
226.0,799.0
224.0,796.0
224.0,797.0
225.0,799.0
227.0,798.0
225.0,799.0
228.0,797.0
221.0,792.0
224.0,797.0
223.0,798.0
218.0,802.0
217.0,799.0
217.0,800.0
212.0,803.0
212.0,802.0
213.0,802.0
212.0,801.0
212.0,801.0
211.0,801.0
211.0,801.0
211.0,800.0
210.0,800.0
209.0,802.0
209.0,801.0
209.0,801.0
209.0,801.0
208.0,801.0
208.0,801.0
209.0,802.0
207.0,800.0
206.0,801.0
206.0,800.0
205.0,799.0
204.0,799.0
203.0,800.0
203.0,800.0
203.0,798.0
204.0,798.0
203.0,798.0
204.0,798.0
204.0,797.0
203.0,798.0
203.0,798.0
202.0,797.0
203.0,798.0
203.0,798.0
202.0,797.0
202.0,797.0
203.0,798.0
202.0,797.0
202.0,797.0
203.0,796.0
