x,y
459.0,960.0
459.0,962.0
459.0,961.0
458.0,960.0
453.0,958.0
456.0,963.0
454.0,963.0
452.0,959.0
454.0,963.0
449.0,959.0
450.0,960.0
450.0,960.0
450.0,959.0
449.0,959.0
449.0,957.0
450.0,957.0
449.0,958.0
449.0,958.0
450.0,957.0
449.0,957.0
451.0,957.0
450.0,957.0
454.0,959.0
450.0,955.0
453.0,958.0
450.0,954.0
452.0,955.0
453.0,957.0
457.0,953.0
456.0,945.0
460.0,952.0
456.0,954.0
456.0,954.0
455.0,953.0
456.0,954.0
455.0,953.0
454.0,953.0
454.0,953.0
453.0,953.0
454.0,952.0
453.0,951.0
449.0,950.0
450.0,950.0
461.0,950.0
454.0,951.0
460.0,952.0
460.0,952.0
462.0,952.0
458.0,940.0
459.0,938.0
462.0,952.0
462.0,952.0
461.0,953.0
450.0,950.0
454.0,951.0
454.0,951.0
458.0,952.0
458.0,952.0
458.0,952.0
458.0,953.0
454.0,951.0
460.0,941.0
461.0,938.0
457.0,937.0
457.0,937.0
452.0,945.0
430.0,948.0
433.0,951.0
434.0,951.0
432.0,950.0
433.0,951.0
432.0,950.0
431.0,950.0
432.0,950.0
459.0,934.0
460.0,934.0
460.0,934.0
459.0,934.0
460.0,934.0
459.0,934.0
460.0,934.0
462.0,935.0
462.0,934.0
463.0,934.0
464.0,933.0
463.0,934.0
463.0,934.0
463.0,934.0
463.0,934.0
466.0,934.0
467.0,934.0
466.0,933.0
467.0,934.0
467.0,933.0
466.0,933.0
467.0,933.0
467.0,933.0
466.0,935.0
464.0,934.0
465.0,934.0
