x,y
925.0,822.0
925.0,822.0
927.0,822.0
926.0,821.0
926.0,823.0
928.0,822.0
929.0,821.0
927.0,821.0
929.0,815.0
928.0,816.0
929.0,815.0
930.0,815.0
928.0,818.0
929.0,817.0
929.0,818.0
928.0,818.0
931.0,815.0
931.0,814.0
930.0,813.0
929.0,814.0
929.0,815.0
929.0,816.0
929.0,816.0
930.0,815.0
928.0,818.0
928.0,818.0
928.0,815.0
930.0,812.0
929.0,814.0
926.0,816.0
925.0,818.0
925.0,818.0
926.0,817.0
925.0,819.0
925.0,818.0
925.0,818.0
924.0,818.0
925.0,817.0
926.0,817.0
927.0,816.0
927.0,817.0
927.0,816.0
929.0,815.0
928.0,817.0
929.0,817.0
927.0,819.0
927.0,819.0
926.0,819.0
926.0,819.0
925.0,819.0
925.0,818.0
925.0,818.0
925.0,818.0
924.0,820.0
926.0,820.0
927.0,820.0
929.0,818.0
928.0,817.0
926.0,818.0
927.0,818.0
926.0,819.0
925.0,819.0
925.0,820.0
925.0,820.0
925.0,820.0
925.0,820.0
924.0,821.0
923.0,819.0
924.6666666666666,817.7777777777778
926.3333333333334,816.5555555555555
928.0,815.3333333333334
929.6666666666666,814.1111111111111
931.3333333333334,812.8888888888889
933.0,811.6666666666666
934.6666666666666,810.4444444444445
936.3333333333334,809.2222222222222
938.0,808.0
938.0,807.6666666666666
938.0,807.3333333333334
938.0,807.0
929.0,815.0
929.2,815.6
929.4,816.2
929.6,816.8
929.8,817.4
930.0,818.0
929.8888888888889,818.0
929.7777777777778,818.0
929.6666666666666,818.0
929.5555555555555,818.0
929.4444444444445,818.0
929.3333333333334,818.0
929.2222222222222,818.0
929.1111111111111,818.0
929.0,818.0
930.0,817.0
929.0,817.0
929.1666666666666,817.0
929.3333333333334,817.0
929.5,817.0
