x,y
609.0,424.0
606.0,424.0
604.0,424.0
607.0,427.0
607.0,427.0
607.0,426.0
607.0,426.0
607.0,426.0
608.0,425.0
608.0,424.0
607.0,425.0
606.0,426.0
607.0,426.0
608.0,425.0
608.0,423.0
608.0,422.0
608.0,422.0
608.0,422.0
608.0,422.0
608.0,421.0
607.0,420.0
607.0,420.0
610.0,422.0
607.0,421.0
607.0,421.0
608.0,420.0
606.0,414.0
608.0,412.0
609.0,409.0
611.0,410.0
612.0,412.0
611.0,413.0
611.0,410.0
611.0,408.0
613.0,408.0
613.0,409.0
613.0,408.0
613.0,408.0
614.0,408.0
615.0,409.0
612.0,409.0
613.0,408.0
612.0,409.0
612.0,410.0
611.0,413.0
611.0,414.0
614.0,406.0
611.0,404.0
612.0,405.0
611.0,403.0
611.0,404.0
611.0,404.0
613.0,403.0
611.0,400.0
612.0,401.0
612.0,401.0
609.0,401.0
613.0,403.0
608.0,400.0
609.0,400.0
612.0,401.0
612.0,401.0
611.0,400.0
610.0,402.0
609.0,401.0
609.0,402.0
609.0,401.0
608.0,400.0
607.0,400.0
607.0,399.0
606.0,400.0
608.0,397.0
607.0,397.0
607.0,397.0
606.0,400.0
606.0,400.0
608.0,397.0
608.0,397.0
608.0,396.0
606.0,395.0
602.0,396.0
597.0,399.0
594.0,399.0
590.0,404.0
586.0,407.0
568.0,414.0
573.0,417.0
578.0,412.0
573.0,410.0
569.0,398.0
573.0,393.0
563.0,386.0
562.0,378.0
555.0,381.0
541.0,379.0
529.0,374.0
509.0,364.0
501.0,354.0
489.0,341.0
467.0,332.0
