x,y
151.0,501.0
150.0,501.0
151.0,501.0
150.0,499.0
151.0,499.0
150.0,501.0
151.0,498.0
151.0,498.0
151.0,498.0
151.0,497.0
151.0,497.0
151.0,497.0
151.0,497.0
151.0,498.0
152.0,498.0
151.0,498.0
152.0,498.0
152.0,498.0
152.0,498.0
153.0,498.0
152.0,498.0
152.0,499.0
153.0,499.0
153.0,499.0
151.0,500.0
151.0,500.0
151.0,501.0
151.0,501.0
151.0,501.0
152.0,502.0
150.0,503.0
151.0,501.0
151.0,501.0
151.0,502.0
150.0,502.0
150.0,502.0
150.0,502.0
151.0,502.0
150.0,503.0
150.0,503.0
150.0,503.0
150.0,504.0
150.0,504.0
150.0,504.0
150.0,504.0
150.0,504.0
148.0,504.0
149.0,505.0
149.0,507.0
148.0,506.0
148.0,506.0
148.0,505.0
148.0,506.0
149.0,506.0
149.0,506.0
150.0,507.0
150.0,507.0
149.0,506.0
151.0,507.0
150.0,507.0
151.0,507.0
151.0,507.0
151.0,507.0
152.0,507.0
149.0,507.0
148.0,508.0
148.0,508.0
149.0,509.0
149.0,509.0
148.0,509.0
155.0,505.0
154.0,504.0
153.0,503.0
149.0,504.0
121.0,515.0
96.0,521.0
62.0,519.0
43.0,513.0
26.0,509.0
12.0,509.0
2.0,510.0
