x,y
519.0,299.0
521.0,299.0
520.0,299.0
520.0,299.0
519.0,299.0
519.0,299.0
519.0,300.0
520.0,300.0
521.0,300.0
521.0,300.0
521.0,300.0
522.0,301.0
522.0,301.0
523.0,301.0
522.0,301.0
522.0,301.0
521.0,300.0
522.0,300.0
522.0,301.0
522.0,301.0
522.0,301.0
521.0,301.0
521.0,301.0
520.0,301.0
521.0,302.0
521.0,302.0
521.0,302.0
521.0,301.0
521.0,301.0
521.0,302.0
521.0,301.0
521.0,302.0
521.0,302.0
521.0,302.0
521.0,302.0
520.0,302.0
525.0,300.0
525.0,298.0
525.0,296.0
525.0,297.0
525.0,297.0
524.0,294.0
524.0,295.0
524.0,295.0
520.0,296.0
523.0,294.0
522.0,294.0
523.0,295.0
523.0,295.0
523.0,297.0
522.0,298.0
523.0,296.0
522.0,295.0
519.0,299.0
519.0,301.0
522.0,307.0
519.0,304.0
517.0,303.0
518.0,302.0
516.0,302.0
518.0,301.0
522.0,304.0
521.0,303.0
521.0,303.0
519.0,304.0
520.0,307.0
521.0,312.0
523.0,310.0
517.0,306.0
507.0,301.0
494.0,296.0
487.0,296.0
480.0,294.0
483.0,306.0
481.0,308.0
468.0,305.0
468.0,295.0
466.0,287.0
461.0,281.0
464.0,262.0
456.0,259.0
455.0,242.0
437.0,227.0
414.0,214.0
396.0,198.0
377.0,176.0
364.0,169.0
351.0,165.0
334.0,145.0
320.0,123.0
310.0,99.0
295.0,66.0
287.0,31.0
272.0,7.0
