x,y
397.0,640.0
397.0,640.0
397.0,640.0
398.0,640.0
397.0,640.0
397.0,639.0
397.0,639.0
397.0,639.0
397.0,639.0
398.0,639.0
398.0,638.0
398.0,638.0
399.0,639.0
399.0,639.0
399.0,639.0
399.0,639.0
399.0,638.0
399.0,638.0
398.0,639.0
399.0,639.0
399.0,639.0
398.0,639.0
399.0,639.0
398.0,639.0
397.0,640.0
398.0,639.0
399.0,639.0
398.0,639.0
398.0,639.0
398.0,639.0
398.0,640.0
398.0,639.0
398.0,640.0
398.0,640.0
398.0,640.0
398.0,640.0
398.0,640.0
398.0,640.0
398.0,640.0
398.0,639.0
398.0,638.0
399.0,638.0
399.0,637.0
400.0,637.0
400.0,636.0
401.0,636.0
401.0,636.0
401.0,636.0
403.0,637.0
403.0,637.0
402.0,637.0
402.0,637.0
402.0,637.0
402.0,637.0
402.0,638.0
401.0,638.0
401.0,638.0
401.0,638.0
401.0,638.0
401.0,638.0
402.0,638.0
401.0,638.0
402.0,638.0
402.0,638.0
403.0,638.0
403.0,638.0
403.0,638.0
403.0,638.0
404.0,639.0
403.0,638.0
403.0,638.0
403.0,638.0
400.0,639.0
397.0,641.0
400.0,641.0
397.0,638.0
392.0,646.0
396.0,649.0
391.0,654.0
382.0,651.0
382.0,641.0
381.0,637.0
386.0,638.0
390.0,635.0
401.0,642.0
406.0,647.0
430.0,648.0
446.0,667.0
462.0,667.0
475.0,667.0
484.0,659.0
490.0,649.0
504.0,642.0
519.0,648.0
531.0,642.0
537.0,634.0
542.0,635.0
556.0,641.0
566.0,635.0
575.0,633.0
