x,y
1406.0,254.0
1406.0,254.0
1406.0,256.0
1409.0,258.0
1407.0,254.0
1407.0,253.0
1407.0,253.0
1407.0,254.0
1407.0,253.0
1407.0,253.0
1408.0,252.0
1408.0,252.0
1408.0,252.0
1409.0,252.0
1409.0,252.0
1409.0,252.0
1409.0,252.0
1410.0,251.0
1410.0,251.0
1409.0,252.0
1410.0,251.0
1410.0,251.0
1410.0,251.0
1409.0,251.0
1410.0,252.0
1409.0,251.0
1409.0,251.0
1410.0,251.0
1409.0,251.0
1409.0,251.0
1409.0,251.0
1409.0,251.0
1410.0,251.0
1410.0,251.0
1410.0,251.0
1410.0,250.0
1411.0,251.0
1411.0,250.0
1411.0,251.0
1412.0,250.0
1412.0,251.0
1413.0,252.0
1414.0,252.0
1415.0,251.0
1414.0,253.0
1414.0,253.0
1414.0,254.0
1414.0,254.0
1414.0,254.0
1414.0,250.0
1416.0,252.0
1415.0,254.0
1417.0,252.0
1415.0,255.0
1416.0,253.0
1418.0,253.0
1416.0,256.0
1416.0,255.0
1417.0,255.0
1417.0,254.0
1417.0,254.0
1419.0,253.0
1422.0,253.0
1422.0,254.0
1422.0,254.0
1423.0,254.0
1423.0,254.0
1423.0,254.0
1423.0,254.0
1423.0,253.0
1423.0,254.0
1423.0,254.0
1423.0,254.0
1426.0,253.0
1424.0,253.0
1424.0,255.0
1424.0,257.0
1425.0,258.0
1424.0,258.0
1425.0,258.0
1426.0,259.0
1426.0,260.0
1424.0,259.0
1426.0,260.0
1426.0,260.0
1425.0,261.0
1426.0,261.0
1425.0,263.0
1425.0,262.0
1425.0,263.0
1425.0,262.0
1424.0,263.0
1424.0,262.0
1424.0,262.0
1424.0,262.0
1424.0,260.0
1424.0,260.0
1423.0,257.0
1425.0,255.0
1427.0,255.0
