x,y
964.0,246.0
964.0,244.0
965.0,243.0
964.0,243.0
967.0,242.0
966.0,241.0
965.0,243.0
965.0,243.0
964.0,244.0
960.0,244.0
957.0,244.0
954.0,243.0
962.0,246.0
973.0,255.0
975.0,260.0
976.0,265.0
982.0,275.0
978.0,290.0
987.0,306.0
1001.0,344.0
1007.0,355.0
1013.0,358.0
1019.0,361.0
1024.0,356.0
1029.0,358.0
1039.0,360.0
1047.0,369.0
1048.0,378.0
1046.0,386.0
1047.0,397.0
1044.0,393.0
1050.0,394.0
1046.0,388.0
1045.0,387.0
1040.0,381.0
1046.0,391.0
1046.0,389.0
1046.0,388.0
1048.0,386.0
1047.0,387.0
1048.0,386.0
1048.0,386.0
1045.0,389.0
1047.0,383.0
1049.0,383.0
1048.0,383.0
1045.0,386.0
1049.0,383.0
1050.0,384.0
1052.0,385.0
1051.0,384.0
1051.0,385.0
1051.0,385.0
1051.0,386.0
1051.0,384.0
1051.0,384.0
1051.0,384.0
1046.0,389.0
1053.0,385.0
1051.0,383.0
1055.0,385.0
1036.0,385.0
1029.0,390.0
1010.0,436.0
991.0,437.0
957.0,443.0
917.0,447.0
887.0,448.0
854.0,464.0
819.0,475.0
791.0,493.0
754.0,495.0
714.0,506.0
679.0,508.0
636.0,531.0
594.0,538.0
569.0,560.0
549.0,571.0
531.0,582.0
523.0,586.0
515.0,595.0
521.0,590.0
521.0,597.0
519.0,592.0
525.0,585.0
524.0,586.0
522.0,586.0
518.0,592.0
521.0,591.0
524.0,594.0
522.0,586.0
525.0,590.0
517.0,594.0
521.0,588.0
520.0,590.0
526.0,594.0
526.0,585.0
525.0,590.0
516.0,588.0
504.0,585.0
