x,y
770.0,131.0
771.0,131.0
771.0,131.0
771.0,132.0
770.0,131.0
770.0,131.0
770.0,131.0
771.0,132.0
770.0,132.0
771.0,132.0
771.0,132.0
771.0,132.0
771.0,132.0
771.0,132.0
771.0,132.0
770.0,132.0
770.0,132.0
770.0,132.0
771.0,133.0
771.0,133.0
771.0,133.0
770.0,133.0
771.0,133.0
770.0,132.0
770.0,132.0
771.0,133.0
770.0,133.0
770.0,133.0
771.0,133.0
771.0,133.0
771.0,133.0
771.0,133.0
771.0,133.0
771.0,133.0
770.0,133.0
771.0,133.0
771.0,133.0
771.0,133.0
771.0,133.0
771.0,133.0
770.0,133.0
771.0,133.0
771.0,133.0
771.0,133.0
770.0,133.0
771.0,133.0
770.0,133.0
769.0,132.0
770.0,132.0
770.0,133.0
770.0,133.0
770.0,133.0
770.0,133.0
771.0,133.0
771.0,133.0
771.0,133.0
770.0,133.0
771.0,133.0
771.0,133.0
770.0,133.0
770.0,133.0
771.0,133.0
771.0,133.0
772.0,133.0
772.0,133.0
773.0,132.0
774.0,134.0
772.0,135.0
773.0,136.0
773.0,136.0
774.0,137.0
777.0,133.0
775.0,138.0
778.0,138.0
777.0,139.0
778.0,138.0
778.0,138.0
778.0,137.0
778.0,137.0
779.0,135.0
778.0,137.0
778.0,137.0
778.0,137.0
778.0,137.0
779.0,137.0
779.0,137.0
779.0,136.0
779.0,136.0
779.0,136.0
780.0,136.0
779.0,136.0
780.0,136.0
780.0,136.0
779.0,136.0
780.0,136.0
780.0,136.0
780.0,136.0
780.0,136.0
780.0,136.0
780.0,136.0
