x,y
929.0,591.0
899.0,596.0
887.0,604.0
867.0,605.0
849.0,604.0
835.0,598.0
828.0,600.0
827.0,590.0
832.0,587.0
835.0,579.0
833.0,570.0
834.0,568.0
833.0,571.0
835.0,574.0
835.0,574.0
835.0,575.0
836.0,576.0
835.0,575.0
836.0,576.0
836.0,576.0
836.0,575.0
836.0,576.0
837.0,575.0
834.0,575.0
837.0,577.0
839.0,576.0
840.0,574.0
839.0,575.0
836.0,572.0
837.0,570.0
836.0,568.0
836.0,569.0
838.0,569.0
836.0,568.0
835.0,568.0
835.0,568.0
835.0,568.0
836.0,568.0
836.0,568.0
835.0,568.0
836.0,567.0
836.0,568.0
836.0,568.0
836.0,567.0
836.0,567.0
838.0,565.0
837.0,563.0
838.0,562.0
838.0,562.0
839.0,562.0
840.0,561.0
841.0,561.0
842.0,559.0
841.0,556.0
842.0,553.0
843.0,551.0
843.0,552.0
843.0,552.0
843.0,551.0
846.0,549.0
847.0,552.0
849.0,549.0
849.0,551.0
850.0,552.0
850.0,549.0
850.0,552.0
849.0,551.0
849.0,552.0
849.0,552.0
849.0,551.0
849.0,552.0
849.0,552.0
850.0,551.0
850.0,550.0
850.0,551.0
849.0,551.0
848.0,551.0
849.0,551.0
851.0,548.0
857.0,552.0
854.0,553.0
854.0,552.0
853.0,554.0
855.0,552.0
852.0,553.0
853.0,552.0
856.0,554.0
854.0,555.0
859.0,558.0
858.0,560.0
858.0,559.0
858.0,559.0
851.0,557.0
855.0,554.0
854.0,557.0
854.0,558.0
857.0,555.0
853.0,558.0
853.0,559.0
853.0,559.0
