x,y
6.0,934.0
7.0,939.0
7.0,938.0
7.0,936.0
7.0,938.0
7.0,938.0
8.0,937.0
7.0,933.0
8.0,938.0
7.0,940.0
7.0,940.0
6.0,941.0
6.0,938.0
6.0,939.0
6.0,940.0
5.0,939.0
6.0,940.0
6.0,941.0
6.0,941.0
6.0,941.0
6.0,940.0
6.0,940.0
7.0,941.0
8.0,943.0
9.0,944.0
7.0,941.0
7.0,941.0
6.0,938.0
5.0,936.0
5.0,936.0
5.0,936.0
5.0,936.0
4.0,937.0
5.0,936.0
4.0,936.0
5.0,937.0
4.0,935.0
3.0,935.0
3.0,934.0
0.0,930.0
0.0,931.3333333333334
0.0,932.6666666666666
0.0,934.0
0.0,935.3333333333334
0.0,936.6666666666666
0.0,938.0
