x,y
782.0,120.0
782.0,120.0
782.0,120.0
781.0,120.0
781.0,120.0
781.0,120.0
781.0,120.0
781.0,120.0
781.0,120.0
781.0,120.0
781.0,120.0
780.0,119.0
781.0,119.0
781.0,119.0
781.0,119.0
780.0,121.0
781.0,119.0
780.0,120.0
781.0,119.0
787.0,123.0
789.0,124.0
788.0,123.0
787.0,124.0
788.0,124.0
788.0,124.0
788.0,124.0
788.0,124.0
787.0,124.0
788.0,125.0
787.0,124.0
787.0,124.0
788.0,125.0
788.0,125.0
788.0,125.0
789.0,126.0
788.0,127.0
789.0,126.0
788.0,126.0
787.0,126.0
788.0,125.0
787.0,125.0
788.0,125.0
788.0,125.0
788.0,126.0
788.0,126.0
787.0,127.0
788.0,126.0
788.0,126.0
787.0,125.0
787.0,125.0
786.0,125.0
786.0,125.0
787.0,126.0
788.0,123.0
788.0,124.0
787.0,123.0
789.0,123.0
789.0,123.0
788.0,123.0
789.0,122.0
789.0,120.0
786.0,118.0
784.0,109.0
793.0,101.0
790.0,109.0
790.0,107.0
784.0,115.0
783.0,115.0
783.0,115.0
783.0,115.0
783.0,114.0
783.0,114.0
783.0,115.0
783.0,115.0
783.0,115.0
783.0,115.0
783.0,114.0
783.0,114.0
783.0,114.0
782.0,114.0
782.0,114.0
783.0,114.0
783.0,114.0
783.0,114.0
783.0,114.0
783.0,114.0
782.0,114.0
783.0,114.0
783.0,114.0
783.0,114.0
783.0,114.0
783.0,114.0
783.0,114.0
783.0,114.0
783.0,114.0
783.0,114.0
783.0,114.0
783.0,115.0
783.0,114.0
783.0,114.0
