x,y
570.0,708.0
570.0,708.0
569.0,707.0
569.0,706.0
568.0,706.0
568.0,705.0
567.0,703.0
567.0,702.0
570.0,704.0
570.0,704.0
567.0,702.0
568.0,703.0
568.0,703.0
568.0,702.0
569.0,704.0
568.0,703.0
568.0,703.0
569.0,702.0
569.0,703.0
569.0,702.0
570.0,702.0
572.0,702.0
572.0,701.0
573.0,700.0
573.0,700.0
575.0,699.0
573.0,698.0
573.0,698.0
571.0,698.0
572.0,698.0
571.0,697.0
571.0,697.0
571.0,695.0
571.0,694.0
571.0,693.0
570.0,693.0
570.0,693.0
569.0,693.0
570.0,693.0
569.0,693.0
570.0,693.0
570.0,693.0
569.0,691.0
571.0,692.0
571.0,691.0
568.0,691.0
567.0,690.0
570.0,685.0
573.0,659.0
585.0,642.0
596.0,625.0
595.0,609.0
606.0,583.0
640.0,594.0
663.0,584.0
689.0,561.0
714.0,549.0
738.0,540.0
760.0,536.0
771.0,536.0
776.0,545.0
773.0,542.0
770.0,529.0
773.0,508.0
766.0,484.0
763.0,451.0
754.0,414.0
752.0,378.0
737.0,338.0
737.0,301.0
722.0,271.0
720.0,239.0
712.0,215.0
706.0,193.0
697.0,176.0
690.0,158.0
686.0,162.0
683.0,167.0
681.0,163.0
686.0,170.0
691.0,167.0
690.0,164.0
701.0,168.0
710.0,173.0
710.0,173.0
708.0,177.0
706.0,168.0
707.0,168.0
707.0,168.0
709.0,177.0
710.0,176.0
711.0,176.0
711.0,173.0
712.0,170.0
712.0,173.0
713.0,169.0
712.0,171.0
711.0,171.0
710.0,170.0
710.0,170.0
