x,y
24.0,921.0
80.0,900.0
129.0,880.0
158.0,866.0
184.0,847.0
190.0,839.0
203.0,825.0
205.0,813.0
215.0,800.0
230.0,781.0
252.0,771.0
256.0,766.0
266.0,762.0
266.0,770.0
275.0,772.0
271.0,772.0
274.0,764.0
272.0,763.0
271.0,760.0
276.0,771.0
274.0,763.0
280.0,774.0
281.0,773.0
279.0,773.0
278.0,774.0
277.0,775.0
273.0,766.0
278.0,773.0
276.0,770.0
277.0,772.0
277.0,773.0
278.0,773.0
278.0,773.0
276.0,772.0
277.0,771.0
276.0,771.0
276.0,773.0
276.0,773.0
274.0,775.0
278.0,770.0
282.0,773.0
285.0,771.0
286.0,772.0
288.0,772.0
287.0,775.0
289.0,774.0
295.0,779.0
295.0,781.0
295.0,781.0
295.0,781.0
295.0,782.0
295.0,781.0
294.0,782.0
295.0,781.0
295.0,782.0
294.0,781.0
296.0,782.0
298.0,779.0
297.0,782.0
300.0,777.0
295.0,781.0
298.0,785.0
302.0,780.0
302.0,782.0
306.0,781.0
307.0,783.0
306.0,785.0
305.0,786.0
302.0,788.0
306.0,787.0
306.0,785.0
306.0,786.0
306.0,786.0
301.0,787.0
301.0,787.0
301.0,787.0
302.0,788.0
302.0,788.0
302.0,789.0
301.0,790.0
301.0,791.0
301.0,795.0
299.0,793.0
299.0,796.0
299.0,796.0
298.0,795.0
300.0,796.0
299.0,796.0
298.0,796.0
298.0,796.0
298.0,796.0
297.0,794.0
298.0,794.0
298.0,792.0
299.0,792.0
293.0,792.0
268.0,790.0
250.0,780.0
230.0,771.0
214.0,760.0
