x,y
685.0,821.0
684.0,820.0
683.0,819.0
682.0,820.0
681.0,819.0
682.0,818.0
682.0,818.0
683.0,816.0
686.0,814.0
686.0,811.0
692.0,811.0
695.0,812.0
695.0,811.0
696.0,812.0
694.0,812.0
694.0,811.0
696.0,812.0
694.0,811.0
694.0,811.0
694.0,811.0
694.0,812.0
694.0,812.0
694.0,812.0
695.0,812.0
695.0,811.0
695.0,811.0
694.0,811.0
695.0,812.0
694.0,812.0
695.0,812.0
694.0,812.0
694.0,812.0
693.0,813.0
693.0,813.0
694.0,812.0
694.0,812.0
694.0,812.0
694.0,811.0
695.0,809.0
696.0,808.0
697.0,808.0
697.0,806.0
698.0,806.0
699.0,804.0
699.0,804.0
698.0,804.0
699.0,804.0
698.0,804.0
699.0,804.0
698.0,804.0
699.0,805.0
698.0,805.0
699.0,804.0
699.0,805.0
700.0,805.0
700.0,805.0
699.0,805.0
700.0,805.0
701.0,804.0
702.0,804.0
703.0,804.0
704.0,803.0
703.0,801.0
705.0,803.0
706.0,803.0
706.0,802.0
706.0,801.0
706.0,803.0
708.0,803.0
708.0,801.0
709.0,802.0
709.0,802.0
709.0,804.0
709.0,804.0
709.0,804.0
709.0,804.0
708.0,804.0
709.0,804.0
709.0,804.0
709.0,804.0
707.0,803.0
709.0,805.0
709.0,804.0
708.0,805.0
707.0,804.0
709.0,807.0
707.0,806.0
709.0,807.0
719.0,815.0
737.0,826.0
755.0,829.0
771.0,820.0
782.0,800.0
801.0,769.0
811.0,732.0
826.0,703.0
853.0,680.0
862.0,667.0
865.0,652.0
868.0,648.0
