x,y
1790.0,724.0
1644.0,800.0
1531.0,871.0
1457.0,947.0
1396.0,995.0
1360.0,1058.0
1336.0,1076.0
1338.0,1076.0
1340.0,1076.0
1342.0,1076.0
1328.0,1066.0
1316.0,1052.0
1308.0,1042.0
1288.0,1034.0
1284.0,1035.0
1269.0,1019.0
1266.0,1006.0
1260.0,1005.0
1258.0,1005.0
1253.0,1007.0
1250.0,1008.0
1251.0,997.0
1246.0,1005.0
1263.0,999.0
1272.0,978.0
1302.0,956.0
1339.0,947.0
1369.0,922.0
1409.0,896.0
1460.0,860.0
1507.0,807.0
1540.0,746.0
1585.0,690.0
1632.0,632.0
1687.0,586.0
1747.0,548.0
1821.0,511.0
1896.0,484.0
1900.6666666666667,449.3333333333333
1905.3333333333333,414.6666666666667
1910.0,380.0
1882.0,381.0
1838.0,399.0
1798.0,426.0
1779.0,427.0
1776.0,424.0
1768.0,411.0
1777.0,387.0
1792.0,353.0
1813.0,334.0
1838.0,306.0
1851.0,297.0
1855.0,332.0
1845.0,417.0
1867.0,555.0
1914.0,759.0
