x,y
565.0,760.0
579.0,797.0
591.0,816.0
598.0,825.0
603.0,820.0
607.0,805.0
618.0,785.0
621.0,775.0
626.0,769.0
636.0,768.0
644.0,771.0
649.0,772.0
643.0,776.0
647.0,776.0
652.0,791.0
668.0,803.0
684.0,811.0
710.0,826.0
726.0,833.0
760.0,833.0
796.0,831.0
815.0,862.0
849.0,881.0
886.0,900.0
920.0,929.0
940.0,909.0
966.0,909.0
995.0,909.0
1015.0,906.0
1034.0,917.0
1051.0,915.0
1062.0,911.0
1079.0,900.0
1095.0,900.0
1115.0,912.0
1127.0,921.0
1133.0,924.0
1143.0,921.0
1153.0,912.0
1159.0,912.0
1156.0,911.0
1158.0,912.0
1159.0,910.0
1160.0,910.0
1160.0,910.0
1160.0,909.0
1160.0,908.0
1160.0,908.0
1160.0,908.0
1160.0,908.0
1160.0,908.0
1159.0,908.0
1158.0,909.0
1159.0,911.0
1160.0,909.0
1160.0,908.0
1160.0,909.0
1160.0,908.0
1160.0,909.0
1160.0,909.0
1159.0,910.0
1160.0,910.0
1159.0,910.0
1161.0,912.0
1162.0,913.0
1163.0,912.0
1163.0,910.0
1164.0,910.0
1165.0,912.0
1165.0,912.0
1165.0,912.0
1165.0,913.0
1165.0,913.0
1165.0,913.0
1165.0,913.0
1165.0,913.0
1166.0,913.0
1167.0,918.0
1168.0,918.0
1168.0,918.0
1168.0,913.0
1168.0,914.0
1169.0,914.0
1169.0,913.0
1168.0,913.0
1168.0,917.0
1168.0,918.0
1168.0,918.0
1165.0,914.0
1166.0,914.0
1167.0,916.0
1171.0,920.0
1173.0,920.0
1175.0,920.0
1175.0,920.0
1175.0,920.0
1175.0,920.0
1175.0,922.0
1174.0,918.0
1175.0,922.0
