x,y
732.0,165.0
732.0,165.0
732.0,165.0
732.0,165.0
732.0,166.0
732.0,166.0
732.0,166.0
732.0,166.0
732.0,166.0
732.0,166.0
731.0,166.0
732.0,166.0
732.0,166.0
732.0,166.0
732.0,166.0
731.0,166.0
731.0,166.0
731.0,166.0
731.0,166.0
731.0,166.0
731.0,166.0
731.0,166.0
731.0,165.0
732.0,166.0
732.0,166.0
732.0,168.0
734.0,168.0
733.0,168.0
732.0,169.0
730.0,170.0
729.0,172.0
728.0,172.0
728.0,173.0
725.0,173.0
723.0,172.0
724.0,174.0
720.0,170.0
708.0,155.0
699.0,133.0
707.0,128.0
709.0,110.0
721.0,80.0
723.0,82.0
732.0,92.0
740.0,89.0
735.0,87.0
732.0,89.0
733.0,97.0
737.0,103.0
744.0,111.0
749.0,116.0
748.0,119.0
750.0,119.0
755.0,118.0
753.0,120.0
755.0,121.0
755.0,121.0
755.0,121.0
757.0,120.0
757.0,121.0
761.0,123.0
756.0,121.0
762.0,121.0
762.0,121.0
762.0,121.0
757.0,124.0
762.0,122.0
762.0,121.0
761.0,121.0
761.0,121.0
762.0,119.0
762.0,120.0
762.0,120.0
762.0,120.0
762.0,120.0
762.0,120.0
761.0,119.0
761.0,119.0
761.0,118.0
762.0,119.0
761.0,119.0
761.0,118.0
760.0,118.0
761.0,118.0
761.0,119.0
761.0,119.0
761.0,118.0
761.0,118.0
761.0,118.0
761.0,118.0
761.0,119.0
762.0,118.0
761.0,119.0
761.0,119.0
761.0,120.0
761.0,120.0
761.0,119.0
761.0,120.0
761.0,119.0
761.0,120.0
