x,y
674.0,856.0
674.0,857.0
675.0,858.0
675.0,858.0
678.0,858.0
678.0,858.0
678.0,858.0
678.0,858.0
678.0,858.0
678.0,859.0
678.0,860.0
678.0,860.0
679.0,859.0
679.0,859.0
679.0,859.0
679.0,859.0
679.0,859.0
678.0,859.0
676.0,857.0
678.0,856.0
679.0,856.0
680.0,855.0
679.0,856.0
679.0,854.0
680.0,855.0
682.0,856.0
682.0,856.0
684.0,855.0
685.0,858.0
686.0,860.0
685.0,859.0
684.0,856.0
685.0,856.0
685.0,858.0
685.0,860.0
677.0,859.0
669.0,860.0
645.0,853.0
638.0,855.0
636.0,837.0
614.0,821.0
594.0,814.0
582.0,814.0
567.0,802.0
553.0,795.0
543.0,793.0
540.0,789.0
540.0,788.0
543.0,789.0
557.0,790.0
554.0,785.0
555.0,789.0
559.0,789.0
555.0,776.0
556.0,776.0
555.0,774.0
554.0,775.0
554.0,776.0
559.0,771.0
556.0,770.0
558.0,768.0
555.0,767.0
555.0,767.0
554.0,769.0
553.0,768.0
554.0,767.0
553.0,767.0
552.0,766.0
552.0,767.0
552.0,767.0
552.0,766.0
550.0,767.0
551.0,767.0
551.0,766.0
552.0,767.0
551.0,766.0
551.0,766.0
552.0,767.0
551.0,767.0
551.0,766.0
551.0,765.0
551.0,766.0
551.0,765.0
552.0,767.0
551.0,765.0
552.0,766.0
552.0,766.0
551.0,765.0
551.0,765.0
552.0,765.0
552.0,765.0
552.0,765.0
552.0,765.0
551.0,765.0
552.0,767.0
552.0,766.0
552.0,766.0
552.0,765.0
553.0,766.0
554.0,766.0
