x,y
309.0,782.0
310.0,788.0
307.0,787.0
310.0,788.0
310.0,787.0
308.0,789.0
308.0,789.0
306.0,790.0
304.0,790.0
307.0,789.0
303.0,790.0
304.0,790.0
302.0,790.0
301.0,790.0
301.0,789.0
301.0,789.0
300.0,788.0
300.0,790.0
299.0,792.0
298.0,791.0
299.0,790.0
297.0,790.0
297.0,789.0
298.0,790.0
297.0,790.0
297.0,791.0
296.0,791.0
297.0,791.0
296.0,790.0
294.0,790.0
293.0,789.0
298.0,785.0
297.0,786.0
299.0,785.0
299.0,785.0
300.0,787.0
300.0,785.0
300.0,785.0
299.0,785.0
296.0,788.0
296.0,788.0
295.0,787.0
293.0,790.0
294.0,789.0
296.0,788.0
296.0,787.0
297.0,786.0
298.0,787.0
297.0,786.0
296.0,788.0
293.0,785.0
284.0,779.0
270.0,764.0
257.0,772.0
249.0,777.0
223.0,785.0
206.0,793.0
199.0,806.0
178.0,823.0
153.0,847.0
116.0,861.0
88.0,873.0
50.0,894.0
19.0,919.0
14.0,950.0
10.0,966.0
7.0,982.0
7.0,992.0
6.0,1002.0
6.0,1016.0
6.0,1009.0
6.0,1002.0
8.0,995.0
8.0,983.0
8.0,978.0
6.0,972.0
5.0,965.0
7.0,957.0
6.0,955.0
9.0,963.0
11.0,955.0
14.0,964.0
15.0,962.0
14.0,980.0
13.0,973.0
8.0,975.0
9.0,967.0
10.0,960.0
11.0,948.0
12.0,945.0
12.0,945.0
12.0,935.0
11.0,937.0
10.0,936.0
9.0,935.0
8.0,935.0
6.0,942.0
6.0,935.0
7.0,935.0
6.0,939.0
