x,y
391.0,533.0
391.0,533.0
392.0,532.0
392.0,533.0
392.0,532.0
392.0,532.0
392.0,532.0
392.0,532.0
392.0,533.0
392.0,532.0
392.0,531.0
391.0,532.0
391.0,532.0
392.0,532.0
392.0,532.0
393.0,532.0
392.0,532.0
393.0,529.0
392.0,531.0
393.0,529.0
393.0,529.0
393.0,529.0
395.0,529.0
396.0,529.0
396.0,528.0
397.0,529.0
396.0,529.0
397.0,529.0
397.0,529.0
396.0,529.0
396.0,529.0
395.0,530.0
395.0,531.0
395.0,533.0
395.0,532.0
396.0,532.0
397.0,532.0
396.0,533.0
395.0,532.0
396.0,532.0
395.0,533.0
396.0,535.0
395.0,535.0
395.0,535.0
395.0,536.0
395.0,536.0
394.0,535.0
394.0,535.0
395.0,532.0
396.0,531.0
395.0,532.0
396.0,529.0
395.0,531.0
396.0,531.0
395.0,531.0
395.0,531.0
395.0,531.0
395.0,531.0
395.0,531.0
394.0,532.0
395.0,532.0
395.0,533.0
395.0,533.0
395.0,535.0
394.0,534.0
395.0,534.0
396.0,535.0
396.0,535.0
395.0,536.0
394.0,538.0
394.0,539.5
394.0,541.0
395.6666666666667,537.6666666666666
397.3333333333333,534.3333333333334
399.0,531.0
399.0,531.0
398.0,532.0
397.0,534.0
396.0,534.0
396.0,534.0
396.0,533.0
396.0,535.0
396.0,534.0
396.0,534.0
396.0,534.0
396.0,534.0
396.0,534.0
395.0,535.0
395.0,535.0
395.0,534.0
396.0,531.0
396.0,532.0
396.0,535.0
400.47058823529414,538.8823529411765
404.94117647058823,542.7647058823529
409.4117647058824,546.6470588235294
413.88235294117646,550.5294117647059
418.3529411764706,554.4117647058823
422.8235294117647,558.2941176470588
427.29411764705884,562.1764705882352
