x,y
810.0,624.0
812.0,614.0
814.0,603.0
813.0,598.0
817.0,590.0
825.0,597.0
824.0,603.0
825.0,601.0
828.0,596.0
820.0,585.0
805.0,565.0
803.0,563.0
818.0,562.0
828.0,580.0
835.0,597.0
847.0,617.0
857.0,629.0
864.0,643.0
877.0,648.0
891.0,659.0
909.0,658.0
932.0,651.0
959.0,634.0
994.0,620.0
1035.0,603.0
1083.0,591.0
1133.0,579.0
1192.0,572.0
1267.0,578.0
1342.0,621.0
1421.0,659.0
1485.0,710.0
1528.0,772.0
1539.0,838.0
1526.0,908.0
1491.0,965.0
1477.0,1009.0
1444.0,1044.0
1432.0,1052.0
1420.0,1064.0
1424.0,1078.0
1427.75,1078.0
1431.5,1078.0
1435.25,1078.0
1439.0,1078.0
1462.0,1075.0
1476.0,1073.0
1501.0,1073.0
1527.0,1071.0
1538.0,1068.0
1535.0,1060.0
1531.0,1052.0
1523.0,1043.0
1513.0,1037.0
1507.0,1030.0
1508.0,1029.0
1502.0,1023.0
1505.0,1019.0
1508.0,1020.0
1511.0,1020.0
1509.0,1022.0
1505.0,1017.0
1511.0,1024.0
1509.0,1016.0
1503.0,1016.0
1504.0,1016.0
1504.0,1015.0
1504.0,1016.0
1503.0,1016.0
1504.0,1016.0
1510.0,1015.0
1510.0,1016.0
1510.0,1016.0
1509.0,1016.0
1509.0,1016.0
1508.0,1014.0
1509.0,1016.0
1509.0,1015.0
1510.0,1017.0
1510.0,1016.0
1505.0,1013.0
1505.0,1012.0
1506.0,1012.0
1511.0,1011.0
1506.0,1011.0
1510.0,1011.0
1511.0,1010.0
1510.0,1010.0
1510.0,1009.0
1510.0,1009.0
1510.0,1009.0
1510.0,1009.0
1510.0,1009.0
1510.0,1008.0
1511.0,1008.0
1510.0,1009.0
1510.0,1009.0
1509.0,1008.0
1509.0,1008.0
1509.0,1007.0
