x,y
996.0,911.0
994.0,909.0
994.0,909.0
994.0,910.0
995.0,912.0
997.0,910.0
992.0,910.0
993.0,909.0
997.0,911.0
993.0,910.0
992.0,910.0
993.0,908.0
993.0,910.0
997.0,911.0
997.0,911.0
997.0,911.0
997.0,911.0
996.0,911.0
996.0,912.0
997.0,912.0
994.0,913.0
994.0,914.0
994.0,915.0
994.0,915.0
993.0,913.0
993.0,913.0
993.0,913.0
992.0,913.0
992.0,913.0
991.0,912.0
992.0,913.0
992.0,913.0
991.0,912.0
992.0,912.0
992.0,911.0
993.0,912.0
993.0,912.0
995.0,911.0
993.0,911.0
994.0,910.0
994.0,910.0
992.0,909.0
994.0,910.0
992.0,910.0
992.0,910.0
992.0,910.0
991.0,909.0
992.0,910.0
992.0,910.0
991.0,912.0
990.0,911.0
989.0,912.0
989.0,908.0
990.0,904.0
982.0,904.0
989.0,907.0
973.0,912.0
956.0,911.0
946.0,914.0
928.0,918.0
904.0,925.0
871.0,934.0
840.0,939.0
796.0,944.0
751.0,947.0
698.0,948.0
646.0,939.0
594.0,929.0
546.0,908.0
507.0,881.0
480.0,858.0
476.0,838.0
473.0,802.0
462.0,785.0
471.0,783.0
465.0,781.0
464.0,790.0
470.0,806.0
462.0,820.0
459.0,814.0
458.0,813.0
456.0,815.0
456.0,817.0
459.0,820.0
458.0,817.0
455.0,818.0
455.0,823.0
455.0,822.0
455.0,823.0
455.0,823.0
456.0,824.0
455.0,824.0
455.0,819.0
455.0,820.0
455.0,824.0
456.0,821.0
456.0,824.0
456.0,824.0
456.0,825.0
457.0,826.0
