x,y
1273.0,914.5
1271.7222222222222,914.25
1270.4444444444443,914.0
1269.1666666666667,913.75
1267.888888888889,913.5
1266.611111111111,913.25
1265.3333333333333,913.0
1264.0555555555557,912.75
1262.7777777777778,912.5
1261.5,912.25
1260.2222222222222,912.0
1258.9444444444443,911.75
1257.6666666666667,911.5
1256.388888888889,911.25
1255.111111111111,911.0
1253.8333333333333,910.75
1252.5555555555557,910.5
1251.2777777777778,910.25
1250.0,910.0
1252.0,910.0
1254.0,910.0
1251.0,911.0
1236.0,896.0
1217.0,895.0
1195.0,895.0
1175.0,902.0
1149.0,909.0
1121.0,901.0
1113.0,890.0
1121.0,878.0
1128.0,867.0
1133.0,852.0
1131.0,839.0
1132.0,830.0
1136.0,813.0
1143.0,803.0
1154.0,784.0
1166.0,783.0
1172.0,777.0
1175.0,771.0
1185.0,758.0
1188.0,759.0
1197.0,754.0
1207.0,759.0
1226.0,755.0
1242.0,755.0
1251.0,745.0
1250.0,735.0
1258.0,748.6666666666666
1266.0,762.3333333333334
1274.0,776.0
1274.0,777.0
1277.0,778.0
1253.0,618.0
1253.0,610.0
1244.0,612.0
1228.0,610.0
1206.0,598.0
1179.0,575.0
1148.0,558.0
1114.0,534.0
1082.0,509.0
1048.0,480.0
1019.0,449.0
996.0,414.0
