x,y
457.0,827.0
457.0,826.0
457.0,826.0
456.0,827.0
457.0,827.0
457.0,828.0
456.0,828.0
456.0,828.0
457.0,828.0
457.0,826.0
455.0,824.0
456.0,824.0
454.0,823.0
454.0,823.0
454.0,823.0
454.0,823.0
454.0,823.0
454.0,823.0
454.0,823.0
454.0,822.0
454.0,823.0
454.0,822.0
454.0,823.0
453.0,822.0
453.0,822.0
453.0,822.0
453.0,823.0
453.0,823.0
453.0,823.0
452.0,822.0
452.0,822.0
452.0,821.0
450.0,820.0
449.0,821.0
441.0,819.0
439.0,819.0
438.0,819.0
437.0,820.0
437.0,821.0
437.0,822.0
437.0,821.0
438.0,821.0
436.0,819.0
435.0,819.0
437.0,820.0
436.0,821.0
435.0,821.0
434.0,820.0
431.0,820.0
432.0,820.0
431.0,821.0
432.0,821.0
430.0,821.0
430.0,821.0
430.0,821.0
430.0,821.0
429.0,821.0
429.0,822.0
429.0,822.0
429.0,822.0
428.0,826.0
428.0,822.0
428.0,826.0
427.0,825.0
427.0,826.0
426.0,825.0
426.0,824.0
425.0,825.0
426.0,826.0
424.0,826.0
425.0,827.0
425.0,827.0
423.0,827.0
424.0,829.0
424.0,829.0
422.0,831.0
424.0,830.0
425.0,829.0
423.0,830.0
423.0,829.0
423.0,830.0
424.0,830.0
423.0,830.0
423.0,830.0
423.0,831.0
424.0,830.0
424.0,831.0
425.0,831.0
424.0,831.0
424.0,831.0
424.0,831.0
423.0,831.0
423.0,831.0
423.0,831.0
424.0,831.0
423.0,832.0
423.0,832.0
424.0,833.0
423.0,833.0
424.0,833.0
