x,y
734.0,137.0
736.0,140.0
734.0,137.0
733.0,138.0
734.0,137.0
734.0,137.0
734.0,137.0
734.0,137.0
735.0,139.0
734.0,137.0
734.0,136.0
735.0,134.0
733.0,134.0
734.0,134.0
734.0,135.0
733.0,135.0
732.0,135.0
732.0,137.0
732.0,136.0
731.0,137.0
731.0,136.0
731.0,135.0
731.0,135.0
730.0,134.0
729.0,133.0
728.0,133.0
728.0,132.0
729.0,131.0
729.0,132.0
728.0,133.0
727.0,133.0
728.0,132.0
728.0,134.0
728.0,133.0
728.0,132.0
728.0,133.0
728.0,133.0
727.0,133.0
727.0,133.0
727.0,133.0
727.0,133.0
727.0,133.0
727.0,133.0
726.0,133.0
726.0,133.0
726.0,133.0
726.0,133.0
726.0,133.0
725.0,132.0
724.0,132.0
725.0,131.0
722.0,124.0
725.0,130.0
729.0,134.0
725.0,130.0
724.0,130.0
725.0,129.0
726.0,129.0
728.0,128.0
728.0,129.0
728.0,129.0
728.0,129.0
728.0,129.0
728.0,128.0
729.0,129.0
729.0,129.0
730.0,129.0
730.0,129.0
730.0,129.0
731.0,129.0
731.0,128.0
731.0,129.0
731.0,129.0
731.0,129.0
731.0,129.0
731.0,128.0
731.0,128.0
732.0,127.0
732.0,128.0
733.0,128.0
733.0,128.0
733.0,126.0
733.0,127.0
730.0,121.0
729.0,123.0
730.0,124.0
729.0,124.0
730.0,126.0
736.0,131.0
736.0,131.0
735.0,131.0
734.0,131.0
726.0,137.0
710.0,156.0
696.0,162.0
679.0,171.0
657.0,197.0
632.0,206.0
619.0,205.0
607.0,206.0
