x,y
863.0,557.0
863.0,557.0
863.0,557.0
863.0,557.0
864.0,556.0
864.0,557.0
864.0,557.0
864.0,556.0
863.0,557.0
862.0,557.0
862.0,558.0
862.0,558.0
863.0,556.0
860.0,555.0
860.0,555.0
860.0,555.0
861.0,554.0
870.0,555.0
867.0,559.0
869.0,555.0
868.0,555.0
869.0,554.0
869.0,554.0
867.0,558.0
869.0,554.0
869.0,554.0
869.0,554.0
869.0,554.0
869.0,554.0
869.0,554.0
869.0,553.0
869.0,554.0
871.0,554.0
871.0,554.0
868.0,560.0
871.0,554.0
871.0,554.0
870.0,554.0
870.0,554.0
868.0,559.0
871.0,554.0
871.0,554.0
872.0,554.0
869.0,559.0
873.0,554.0
869.0,561.0
873.0,554.0
869.0,560.0
871.0,556.0
869.0,559.0
872.0,555.0
869.0,559.0
874.0,556.0
875.0,557.0
876.0,558.0
876.0,557.0
875.0,557.0
876.0,557.0
876.0,557.0
877.0,557.0
876.0,557.0
876.0,558.0
876.0,558.0
876.0,558.0
877.0,558.0
876.0,558.0
876.0,558.0
876.0,558.0
876.0,558.0
876.0,559.0
876.0,559.0
876.0,558.0
876.0,558.0
876.0,559.0
876.0,559.0
876.0,559.0
876.0,558.0
875.0,558.0
875.0,557.0
868.0,559.0
868.0,558.0
868.0,557.0
868.0,569.0
853.0,575.0
850.0,568.0
885.0,566.0
911.0,543.0
899.0,567.0
905.0,570.0
919.0,558.0
923.0,558.0
924.0,560.0
925.0,559.0
926.0,560.0
931.0,556.0
950.0,542.0
944.0,524.0
952.0,521.0
951.0,517.0
951.0,514.0
