x,y
350.0,828.0
420.0,823.0
462.0,834.0
475.0,860.0
496.0,882.0
524.0,905.0
574.0,904.0
630.0,893.0
693.0,878.0
755.0,874.0
797.0,885.0
853.0,895.0
907.0,894.0
948.0,880.0
974.0,878.0
996.0,871.0
1001.0,870.0
1006.0,867.0
1015.0,870.0
1020.0,881.0
1014.0,887.0
1008.0,887.0
1006.0,889.0
1005.0,883.0
1005.0,881.0
1010.0,887.0
1009.0,886.0
1010.0,886.0
1009.0,885.0
1008.0,883.0
1009.0,885.0
1009.0,885.0
1009.0,884.0
1009.0,883.0
1009.0,884.0
1009.0,884.0
1009.0,883.0
1009.0,884.0
1009.0,884.0
1009.0,884.0
1009.0,884.0
1009.0,883.0
1009.0,882.0
1009.0,882.0
1002.0,884.0
1005.0,885.0
1009.0,883.0
1006.0,882.0
1011.0,882.0
1010.0,881.0
1005.0,881.0
1005.0,888.0
1004.0,889.0
1005.0,890.0
1008.0,890.0
1009.0,890.0
1005.0,887.0
1010.0,890.0
1009.0,890.0
1009.0,891.0
1006.0,888.0
1006.0,888.0
1008.0,891.0
1008.0,891.0
1006.0,892.0
1005.0,892.0
1004.0,894.0
1004.0,895.0
1002.0,896.0
1002.0,897.0
1001.0,896.0
1000.0,897.0
1000.0,898.0
1001.0,898.0
1000.0,899.0
999.0,900.0
997.0,900.0
997.0,900.0
997.0,900.0
997.0,901.0
997.0,902.0
993.0,907.0
992.0,906.0
989.0,906.0
990.0,903.0
991.0,904.0
989.0,906.0
989.0,906.0
990.0,907.0
989.0,907.0
989.0,906.0
989.0,908.0
989.0,907.0
988.0,904.0
988.0,904.0
988.0,904.0
988.0,905.0
987.0,906.0
987.0,906.0
994.0,909.0
