x,y
1509.0,1006.0
1509.0,1005.0
1509.0,1005.0
1510.0,1005.0
1510.0,1004.0
1511.0,1004.0
1511.0,1004.0
1511.0,1004.0
1510.0,1003.0
1509.0,1003.0
1509.0,1003.0
1508.0,1002.0
1508.0,1000.0
1508.0,999.0
1508.0,999.0
1508.0,999.0
1508.0,999.0
1508.0,999.0
1508.0,999.0
1508.0,999.0
1508.0,999.0
1508.0,999.0
1508.0,998.0
1508.0,998.0
1510.0,995.0
1511.0,992.0
1512.0,993.0
1513.0,992.0
1513.0,993.0
1509.0,994.0
1508.0,995.0
1508.0,994.0
1508.0,993.0
1508.0,993.0
1508.0,993.0
1508.0,995.0
1507.0,992.0
1509.0,992.0
1508.0,992.0
1510.0,992.0
1509.0,993.0
1507.0,993.0
1508.0,993.0
1508.0,994.0
1509.0,994.0
1508.0,994.0
1509.0,994.0
1509.0,994.0
1509.0,994.0
1509.0,993.0
1508.0,995.0
1509.0,995.0
1509.0,994.0
1509.0,994.0
1509.0,995.0
1509.0,995.0
1509.0,995.0
1508.0,995.0
1509.0,996.0
1511.0,998.0
1508.0,997.0
1508.0,997.0
1508.0,996.0
1508.0,995.0
1509.0,997.0
1508.0,997.0
1507.0,996.0
1507.0,995.0
1507.0,992.0
1514.0,994.0
1529.0,998.0
1542.0,1006.0
1559.0,1006.0
1562.0,1014.0
1568.0,1023.0
1593.0,1036.0
1627.0,1051.0
1653.0,1064.0
1698.0,1068.0
