x,y
867.0,311.0
867.0,311.0
869.0,311.0
867.0,310.0
867.0,310.0
867.0,310.0
870.0,311.0
870.0,311.0
870.0,310.0
871.0,311.0
874.0,312.0
873.0,314.0
878.0,316.0
873.0,315.0
872.0,316.0
872.0,317.0
872.0,317.0
872.0,320.0
874.0,320.0
874.0,320.0
874.0,320.0
872.0,319.0
872.0,320.0
872.0,318.0
873.0,318.0
874.0,317.0
873.0,317.0
873.0,317.0
872.0,317.0
872.0,318.0
872.0,318.0
872.0,317.0
872.0,316.0
872.0,317.0
875.0,318.0
875.0,319.0
875.0,320.0
876.0,320.0
873.0,321.0
875.0,322.0
874.0,323.0
873.0,324.0
873.0,324.0
873.0,324.0
873.0,323.0
873.0,323.0
873.0,323.0
873.0,323.0
873.0,323.0
873.0,323.0
874.0,323.0
874.0,323.0
874.0,324.0
874.0,324.0
874.0,323.0
872.0,323.0
870.0,325.0
869.0,325.0
867.0,324.0
865.0,326.0
866.0,326.0
866.0,325.0
864.0,326.0
864.0,328.0
862.0,329.0
862.0,330.0
861.0,329.0
860.0,328.0
861.0,330.0
859.0,328.0
858.0,329.0
859.0,330.0
858.0,329.0
858.0,329.0
858.0,330.0
858.0,330.0
857.0,330.0
857.0,333.0
858.0,334.0
858.0,333.0
858.0,332.0
859.0,332.0
858.0,329.0
857.0,327.0
855.0,323.0
856.0,322.0
857.0,321.0
856.0,321.0
856.0,321.0
860.0,323.0
861.0,325.0
860.0,327.0
859.0,321.0
866.0,315.0
882.0,314.0
909.0,311.0
931.0,333.0
966.0,339.0
1000.0,348.0
1039.0,358.0
