x,y
10.0,60.0
84.0,73.0
182.0,77.0
263.0,91.0
344.0,92.0
423.0,91.0
499.0,84.0
560.0,77.0
611.0,64.0
639.0,73.0
669.0,82.0
680.0,87.0
682.0,100.0
684.0,111.0
684.0,126.0
685.0,135.0
690.0,143.0
699.0,139.0
698.0,149.0
701.0,137.0
703.0,138.0
704.0,138.0
700.0,146.0
699.0,146.0
699.0,148.0
699.0,148.0
699.0,148.0
700.0,143.0
702.0,142.0
703.0,144.0
704.0,145.0
705.0,144.0
704.0,144.0
706.0,144.0
706.0,144.0
705.0,145.0
706.0,144.0
705.0,144.0
706.0,145.0
706.0,145.0
706.0,145.0
706.0,145.0
706.0,145.0
706.0,145.0
706.0,145.0
706.0,145.0
706.0,145.0
706.0,144.0
706.0,145.0
708.0,144.0
709.0,143.0
710.0,143.0
711.0,143.0
711.0,142.0
712.0,142.0
710.0,144.0
711.0,144.0
711.0,142.0
711.0,141.0
712.0,142.0
712.0,143.0
712.0,143.0
712.0,143.0
712.0,143.0
712.0,142.0
712.0,142.0
711.0,142.0
712.0,141.0
711.0,142.0
712.0,142.0
711.0,141.0
711.0,141.0
712.0,142.0
713.0,142.0
715.0,144.0
716.0,143.0
716.0,143.0
716.0,143.0
716.0,143.0
716.0,143.0
716.0,143.0
716.0,143.0
716.0,143.0
717.0,144.0
717.0,144.0
718.0,145.0
719.0,146.0
720.0,147.0
722.0,147.0
724.0,150.0
724.0,151.0
724.0,151.0
724.0,151.0
725.0,151.0
725.0,151.0
725.0,151.0
722.0,151.0
725.0,150.0
725.0,151.0
724.0,151.0
