x,y
791.0,286.0
792.0,285.0
791.0,285.0
791.0,285.0
791.0,286.0
790.0,286.0
790.0,286.0
790.0,286.0
789.0,285.0
789.0,285.0
789.0,285.0
789.0,285.0
791.0,286.0
792.0,285.0
792.0,285.0
791.0,285.0
791.0,285.0
790.0,285.0
790.0,284.0
790.0,284.0
790.0,284.0
790.0,285.0
790.0,284.0
789.0,284.0
789.0,284.0
789.0,283.0
789.0,283.0
789.0,283.0
788.0,282.0
790.0,282.0
790.0,282.0
791.0,283.0
792.0,284.0
793.0,287.0
794.0,288.0
793.0,288.0
793.0,289.0
794.0,289.0
793.0,290.0
793.0,290.0
794.0,289.0
794.0,288.0
794.0,288.0
794.0,287.0
795.0,286.0
795.0,286.0
797.0,287.0
798.0,288.0
797.0,288.0
798.0,288.0
798.0,288.0
798.0,289.0
798.0,289.0
798.0,289.0
798.0,289.0
798.0,288.0
798.0,288.0
797.0,287.0
797.0,287.0
796.0,288.0
796.0,288.0
796.0,288.0
795.0,287.0
796.0,286.0
797.0,287.0
797.0,286.0
797.0,287.0
797.0,286.0
796.0,287.0
797.0,288.0
798.0,289.0
800.0,292.0
800.0,291.0
798.0,292.0
800.0,292.0
800.0,291.0
800.0,292.0
801.0,291.0
801.0,290.0
800.0,289.0
802.0,289.0
803.0,290.0
802.0,290.0
802.0,289.0
801.0,291.0
798.0,293.0
798.0,298.0
798.0,300.0
798.0,299.0
798.0,299.0
798.0,299.0
799.0,298.0
799.0,298.0
798.0,297.0
799.0,297.0
799.0,296.0
799.0,296.0
799.0,295.0
799.0,295.0
799.0,296.0
