x,y
799.0,296.0
799.0,296.0
800.0,295.0
800.0,296.0
800.0,296.0
801.0,297.0
801.0,298.0
803.0,298.0
800.0,302.0
798.0,304.0
795.0,304.0
792.0,303.0
791.0,303.0
790.0,302.0
788.0,302.0
791.0,297.0
790.0,297.0
788.0,296.0
787.0,296.0
787.0,295.0
786.0,296.0
786.0,295.0
788.0,295.0
789.0,296.0
791.0,297.0
793.0,298.0
789.0,298.0
793.0,296.0
806.0,303.0
822.0,331.0
826.0,341.0
840.0,352.0
844.0,357.0
846.0,356.0
846.0,353.0
851.0,345.0
849.0,345.0
844.0,349.0
845.0,346.0
851.0,348.0
850.0,344.0
849.0,342.0
850.0,342.0
851.0,343.0
851.0,344.0
852.0,345.0
851.0,344.0
851.0,344.0
851.0,344.0
852.0,350.0
852.0,350.0
852.0,350.0
852.0,350.0
846.0,348.0
855.0,351.0
848.0,346.0
847.0,346.0
848.0,346.0
848.0,346.0
849.0,348.0
851.0,351.0
861.0,352.0
862.0,352.0
862.0,349.0
862.0,348.0
859.0,346.0
857.0,345.0
860.0,345.0
858.0,343.0
857.0,342.0
856.0,342.0
856.0,343.0
855.0,343.0
855.0,343.0
855.0,343.0
858.0,342.0
856.0,341.0
857.0,342.0
855.0,342.0
855.0,342.0
855.0,342.0
854.0,342.0
854.0,342.0
853.0,344.0
854.0,344.0
852.0,341.0
852.0,340.0
853.0,340.0
851.0,340.0
851.0,339.0
852.0,338.0
853.0,335.0
855.0,333.0
854.0,332.0
855.0,332.0
856.0,331.0
856.0,331.0
856.0,330.0
856.0,331.0
855.0,331.0
