x,y
339.0,561.0
336.0,557.0
335.0,556.0
338.0,548.0
339.0,545.0
341.0,545.0
336.0,548.0
342.0,545.0
342.0,539.0
341.0,540.0
342.0,538.0
335.0,546.0
336.0,546.0
338.0,547.0
338.0,547.0
338.0,547.0
339.0,546.0
340.0,546.0
340.0,546.0
339.0,544.0
340.0,546.0
340.0,546.0
335.0,546.0
332.0,543.0
336.0,541.0
330.0,539.0
329.0,539.0
331.0,539.0
330.0,538.0
331.0,537.0
331.0,538.0
331.0,539.0
331.0,539.0
330.0,536.0
332.0,532.0
331.0,532.0
331.0,532.0
330.0,532.0
330.0,533.0
330.0,533.0
331.0,532.0
330.0,532.0
330.0,532.0
330.0,532.0
329.0,532.0
330.0,531.0
329.0,528.0
328.0,527.0
326.0,525.0
327.0,525.0
327.0,525.0
328.0,526.0
327.0,524.0
327.0,524.0
327.0,524.0
327.0,526.0
327.0,526.0
326.0,526.0
326.0,526.0
325.0,525.0
325.0,523.0
326.0,520.0
325.0,519.0
325.0,518.0
325.0,519.0
325.0,519.0
326.0,519.0
326.0,519.0
328.0,519.0
327.0,519.0
327.0,519.0
327.0,519.0
327.0,519.0
327.0,519.0
327.0,519.0
329.0,518.0
328.0,517.0
330.0,515.0
330.0,514.0
330.0,514.0
329.0,514.0
330.0,514.0
329.0,513.0
329.0,513.0
330.0,513.0
332.0,512.0
332.0,513.0
330.0,513.0
333.0,513.0
334.0,513.0
335.0,512.0
334.0,513.0
335.0,513.0
334.0,512.0
334.0,512.0
335.0,513.0
335.0,512.0
334.0,512.0
335.0,512.0
337.0,513.0
