x,y
855.0,331.0
855.0,331.0
854.0,330.0
854.0,329.0
854.0,330.0
853.0,329.0
854.0,328.0
854.0,327.0
854.0,324.0
854.0,324.0
854.0,323.0
854.0,322.0
853.0,321.0
854.0,321.0
854.0,321.0
854.0,321.0
854.0,321.0
853.0,321.0
854.0,321.0
855.0,321.0
855.0,321.0
855.0,321.0
857.0,322.0
856.0,321.0
855.0,320.0
855.0,320.0
856.0,320.0
856.0,319.0
856.0,319.0
855.0,319.0
855.0,319.0
855.0,319.0
856.0,318.0
856.0,318.0
857.0,317.0
858.0,316.0
859.0,316.0
858.0,316.0
858.0,317.0
859.0,316.0
859.0,317.0
859.0,317.0
858.0,317.0
857.0,317.0
857.0,319.0
857.0,318.0
857.0,317.0
856.0,318.0
856.0,318.0
857.0,318.0
857.0,317.0
858.0,315.0
858.0,315.0
858.0,314.0
858.0,315.0
858.0,314.0
859.0,315.0
859.0,314.0
858.0,314.0
858.0,314.0
858.0,314.0
858.0,314.0
857.0,315.0
858.0,314.0
860.0,315.0
860.0,315.0
860.0,315.0
859.0,316.0
859.0,315.0
859.0,315.0
859.0,315.0
858.0,314.0
858.0,315.0
858.0,315.0
858.0,315.0
858.0,314.0
860.0,314.0
860.0,313.0
862.0,313.0
864.0,313.0
864.0,313.0
865.0,313.0
865.0,314.0
866.0,313.0
866.0,314.0
865.0,312.0
866.0,312.0
867.0,311.0
869.0,311.0
869.0,311.0
870.0,310.0
870.0,310.0
868.0,309.0
869.0,310.0
869.0,311.0
868.0,311.0
868.0,311.0
870.0,311.0
869.0,311.0
869.0,311.0
