x,y
73.25,878.75
73.5,871.5
73.75,864.25
74.0,857.0
74.25,849.75
74.5,842.5
74.75,835.25
75.0,828.0
90.0,816.0
105.0,804.0
106.0,803.0
107.0,803.0
111.0,801.0
110.0,802.0
105.0,805.0
94.66666666666667,820.3333333333334
84.33333333333333,835.6666666666666
74.0,851.0
73.0,854.0
77.0,831.5
81.0,809.0
78.0,786.0
70.0,753.0
68.0,729.0
88.0,718.0
109.0,704.0
139.0,706.0
181.0,718.0
213.0,729.0
245.0,724.0
283.0,737.0
327.0,754.0
366.0,781.0
405.0,816.0
439.0,843.0
470.0,863.0
498.0,875.0
521.0,886.0
538.0,873.0
550.0,869.0
553.0,863.0
561.0,857.0
571.0,849.0
595.0,849.0
606.0,840.0
601.0,841.0
586.0,831.0
583.0,825.0
580.0,810.0
578.0,785.0
576.0,764.0
575.0,743.0
572.0,711.0
604.0,705.0
621.0,693.0
611.0,667.0
615.0,659.0
609.0,651.0
610.0,655.0
600.0,672.0
595.0,688.0
596.0,704.0
592.0,729.0
603.0,750.0
617.0,762.0
617.0,770.0
634.0,777.0
652.0,777.0
661.0,781.0
670.0,785.0
667.0,793.0
667.0,798.0
667.0,801.0
672.0,803.0
671.0,810.0
675.0,806.0
674.0,813.0
677.0,818.0
680.0,815.0
680.0,813.0
680.0,816.0
680.0,814.0
681.0,814.0
681.0,814.0
680.0,814.0
680.0,814.0
681.0,813.0
680.0,814.0
680.0,814.0
680.0,815.0
680.0,814.0
680.0,813.0
682.0,815.0
682.0,815.0
681.0,815.0
681.0,815.0
681.0,815.0
682.0,814.0
681.0,816.0
682.0,815.0
