x,y
924.0,260.0
919.0,261.0
921.0,260.0
922.0,263.0
921.0,264.0
921.0,263.0
921.0,264.0
921.0,262.0
923.0,261.0
924.0,260.0
916.0,265.0
920.0,262.0
921.0,263.0
921.0,270.0
920.0,270.0
922.0,271.0
921.0,271.0
922.0,270.0
923.0,270.0
923.0,270.0
924.0,271.0
922.0,270.0
920.0,268.0
920.0,270.0
920.0,269.0
920.0,273.0
918.0,271.0
918.0,272.0
920.0,269.0
920.0,269.0
918.0,271.0
918.0,271.0
921.0,271.0
921.0,268.0
921.0,269.0
920.0,268.0
920.0,268.0
920.0,269.0
920.0,268.0
920.0,268.0
920.0,268.0
917.0,265.0
920.0,266.0
920.0,266.0
921.0,265.0
923.0,264.0
924.0,264.0
924.0,266.0
924.0,267.0
928.0,264.0
927.0,263.0
927.0,262.0
922.0,260.0
923.0,259.0
922.0,259.0
920.0,259.0
918.0,254.0
919.0,249.0
923.0,253.0
921.0,248.0
920.0,251.0
924.0,252.0
921.0,254.0
920.0,253.0
916.0,248.0
923.0,254.0
927.0,245.0
942.0,242.0
954.0,247.0
962.0,248.0
967.0,240.0
967.0,235.0
961.0,275.0
953.0,288.0
954.0,305.0
959.0,314.0
958.0,333.0
955.0,362.0
953.0,381.0
957.0,399.0
956.0,425.0
959.0,449.0
958.0,466.0
969.0,475.0
978.0,483.0
988.0,491.0
987.0,492.0
985.0,494.0
979.0,496.0
974.0,499.0
972.0,500.0
966.0,502.0
967.0,505.0
976.0,502.0
963.0,507.0
946.0,515.0
937.0,527.0
937.0,537.0
937.0,548.0
937.0,555.0
