x,y
1608.0,906.0
1612.0,902.0
1613.0,904.0
1617.0,912.0
1619.0,911.0
1624.0,915.0
1634.0,926.0
1633.0,931.0
1637.0,933.0
1633.0,928.0
1635.0,920.0
1643.0,913.0
1651.0,908.0
1653.0,909.0
1655.0,909.0
1651.0,908.0
1637.0,903.0
1619.0,899.0
1606.0,887.0
1593.0,885.0
1582.0,880.0
1567.0,870.0
1572.0,867.0
1597.0,883.0
1601.0,878.0
1592.0,861.0
1572.0,852.0
1550.0,845.0
1533.0,835.0
1519.0,827.0
1508.0,820.0
1501.0,820.0
1506.0,819.0
1518.0,809.0
1540.0,816.0
1547.0,840.0
1546.0,866.0
1539.0,876.0
1522.0,882.0
1496.0,893.0
1465.0,927.0
1433.0,934.0
1404.0,917.0
1378.0,884.0
1350.0,858.0
1332.0,808.0
1323.0,752.0
1318.0,695.0
1316.0,636.0
1315.0,582.0
1295.0,529.0
1254.0,508.0
1210.0,493.0
1157.0,530.0
1111.0,565.0
1073.0,610.0
1031.0,641.0
985.0,652.0
934.0,668.0
899.0,666.0
877.0,671.0
860.0,671.0
849.0,684.0
854.0,698.0
856.0,713.0
835.0,726.0
805.0,736.0
787.0,737.0
788.0,733.0
803.0,734.0
814.0,737.0
817.0,738.0
813.0,745.0
807.0,750.0
807.0,751.0
810.0,760.0
812.0,767.0
819.0,768.0
824.0,764.0
827.0,765.0
832.0,763.0
833.0,768.0
827.0,765.0
828.0,765.0
828.0,765.0
832.0,772.0
833.0,768.0
833.0,769.0
829.0,765.0
830.0,765.0
832.0,764.0
833.0,764.0
830.0,771.0
833.0,765.0
832.0,764.0
836.0,766.0
834.0,763.0
833.0,765.0
833.0,765.0
833.0,764.0
