x,y
625.0,727.0
625.0,728.0
624.0,729.0
625.0,728.0
625.0,727.0
624.0,727.0
624.0,727.0
624.0,727.0
625.0,729.0
623.0,727.0
622.0,725.0
620.0,725.0
620.0,724.0
620.0,725.0
620.0,725.0
618.0,725.0
616.0,726.0
611.0,730.0
609.0,731.0
609.0,730.0
609.0,732.0
609.0,732.0
609.0,732.0
608.0,732.0
610.0,732.0
606.0,732.0
606.0,732.0
605.0,732.0
605.0,731.0
605.0,731.0
605.0,732.0
605.0,734.0
605.0,734.0
605.0,734.0
605.0,733.0
604.0,734.0
604.0,734.0
604.0,734.0
604.0,735.0
604.0,735.0
604.0,734.0
603.0,736.0
603.0,736.0
604.0,737.0
602.0,738.0
604.0,738.0
603.0,738.0
604.0,738.0
605.0,739.0
605.0,739.0
605.0,739.0
606.0,739.0
606.0,739.0
607.0,739.0
607.0,739.0
606.0,739.0
607.0,739.0
606.0,739.0
609.0,739.0
609.0,739.0
607.0,742.0
609.0,742.0
607.0,742.0
607.0,741.0
606.0,742.0
606.0,742.0
607.0,742.0
605.0,740.0
606.0,741.0
605.0,741.0
607.0,742.0
606.0,742.0
606.0,743.0
605.0,742.0
605.0,741.0
604.0,741.0
604.0,739.0
604.0,738.0
605.0,737.0
606.0,741.0
606.0,742.0
604.0,741.0
603.0,740.0
602.0,740.0
608.0,742.0
604.0,742.0
607.0,741.0
601.0,740.0
600.0,740.0
607.0,741.0
607.0,741.0
601.0,741.0
601.0,740.0
604.0,738.0
603.0,736.0
606.0,736.0
601.0,738.0
599.0,740.0
600.0,742.0
601.0,738.0
