x,y
730.0,168.0
729.0,168.0
729.0,168.0
729.0,167.0
729.0,168.0
730.0,168.0
730.0,169.0
729.0,169.0
731.0,169.0
731.0,169.0
731.0,168.0
730.0,169.0
731.0,169.0
731.0,169.0
730.0,168.0
729.0,167.0
727.0,167.0
729.0,168.0
729.0,168.0
730.0,168.0
730.0,167.0
730.0,167.0
728.0,167.0
726.0,169.0
730.0,171.0
730.0,171.0
727.0,170.0
729.0,172.0
729.0,173.0
727.0,173.0
727.0,174.0
725.0,172.0
725.0,173.0
725.0,173.0
725.0,173.0
725.0,173.0
725.0,174.0
725.0,174.0
725.0,173.0
724.0,174.0
723.0,174.0
722.0,174.0
722.0,175.0
722.0,175.0
722.0,175.0
723.0,174.0
722.0,174.0
722.0,175.0
722.0,175.0
722.0,175.0
722.0,174.0
721.0,174.0
721.0,173.0
720.0,173.0
719.0,170.0
718.0,170.0
719.0,169.0
719.0,170.0
719.0,169.0
719.0,169.0
720.0,169.0
718.0,168.0
718.0,168.0
718.0,167.0
719.0,166.0
720.0,166.0
721.0,166.0
720.0,166.0
720.0,167.0
720.0,167.0
720.0,166.0
718.0,165.0
722.0,166.0
720.0,165.0
720.0,165.0
721.0,164.0
721.0,164.0
721.0,164.0
721.0,164.0
721.0,164.0
720.0,164.0
720.0,164.0
722.0,164.0
722.0,163.0
722.0,164.0
723.0,163.0
722.0,163.0
722.0,162.0
722.0,162.0
722.0,162.0
722.0,162.0
722.0,162.0
722.0,163.0
722.0,163.0
722.0,162.0
722.0,162.0
722.0,162.0
723.0,163.0
723.0,163.0
725.0,164.0
