x,y
843.0,518.0
843.0,518.0
844.0,518.0
843.0,518.0
843.0,518.0
843.0,518.0
843.0,518.0
843.0,517.0
842.0,517.0
845.0,517.0
845.0,517.0
845.0,515.0
845.0,517.0
843.0,515.0
845.0,519.0
844.0,515.0
844.0,514.0
845.0,516.0
845.0,516.0
845.0,516.0
844.0,517.0
844.0,516.0
844.0,517.0
843.0,515.0
844.0,514.0
846.0,514.0
845.0,515.0
845.0,514.0
845.0,515.0
845.0,517.0
852.0,514.0
847.0,519.0
849.0,519.0
846.0,520.0
850.0,518.0
850.0,519.0
857.0,514.0
856.0,513.0
847.0,512.0
846.0,513.0
844.0,519.0
846.0,520.0
852.0,522.0
849.0,522.0
856.0,522.0
851.0,518.0
852.0,522.0
853.0,522.0
854.0,521.0
854.0,523.0
857.0,523.0
857.0,523.0
857.0,523.0
857.0,523.0
857.0,524.0
855.0,525.0
855.0,526.0
850.0,518.0
853.0,516.0
855.0,522.0
854.0,514.0
854.0,514.0
857.0,522.0
850.0,519.0
858.0,515.0
854.0,514.0
854.0,513.0
855.0,512.0
858.0,517.0
861.0,516.0
864.0,523.0
872.0,530.0
879.0,528.0
871.0,531.0
864.0,524.0
863.0,522.0
855.0,516.0
847.0,522.0
822.0,521.0
808.0,525.0
784.0,519.0
762.0,511.0
740.0,513.0
722.0,508.0
698.0,513.0
702.0,513.0
693.0,515.0
707.0,514.0
707.0,511.0
697.0,511.0
694.0,499.0
692.0,473.0
680.0,455.0
674.0,455.0
667.0,466.0
668.0,477.0
678.0,476.0
694.0,484.0
673.0,472.0
664.0,474.0
