x,y
160.0,790.0
154.0,777.0
155.0,775.0
151.0,772.0
152.0,780.0
161.0,789.0
174.0,808.0
198.0,807.0
235.0,812.0
280.0,813.0
326.0,826.0
376.0,855.0
418.0,879.0
475.0,892.0
516.0,892.0
551.0,889.0
584.0,876.0
597.0,857.0
608.0,839.0
624.0,831.0
635.0,814.0
643.0,806.0
646.0,803.0
649.0,807.0
654.0,812.0
661.0,815.0
668.0,814.0
671.0,810.0
668.0,809.0
672.0,808.0
672.0,805.0
671.0,806.0
675.0,803.0
675.0,805.0
677.0,805.0
680.0,799.0
682.0,800.0
683.0,801.0
682.0,799.0
683.0,801.0
685.0,800.0
684.0,800.0
684.0,800.0
684.0,799.0
684.0,799.0
684.0,799.0
684.0,800.0
684.0,799.0
684.0,799.0
684.0,799.0
684.0,799.0
684.0,799.0
684.0,799.0
684.0,799.0
684.0,799.0
684.0,799.0
684.0,800.0
684.0,800.0
684.0,800.0
685.0,800.0
684.0,800.0
684.0,800.0
683.0,799.0
684.0,798.0
684.0,798.0
684.0,797.0
685.0,797.0
685.0,797.0
685.0,796.0
685.0,796.0
684.0,797.0
685.0,796.0
684.0,796.0
684.0,797.0
683.0,797.0
683.0,797.0
683.0,796.0
683.0,796.0
683.0,796.0
683.0,796.0
683.0,796.0
682.0,796.0
682.0,795.0
682.0,795.0
682.0,794.0
682.0,794.0
682.0,795.0
683.0,795.0
683.0,795.0
682.0,795.0
682.0,795.0
682.0,795.0
683.0,795.0
683.0,795.0
682.0,795.0
683.0,795.0
682.0,794.0
682.0,794.0
682.0,794.0
682.0,793.0
