x,y
199.0,629.0
199.0,629.0
199.0,630.0
200.0,630.0
200.0,630.0
200.0,630.0
199.0,630.0
200.0,630.0
199.0,631.0
200.0,631.0
200.0,631.0
199.0,631.0
200.0,633.0
200.0,634.0
200.0,633.0
200.0,633.0
199.0,634.0
197.0,633.0
197.0,633.0
197.0,633.0
198.0,635.0
197.0,635.0
195.0,635.0
196.0,636.0
197.0,636.0
195.0,636.0
196.0,636.0
195.0,636.0
195.0,637.0
196.0,637.0
197.0,637.0
196.0,637.0
196.0,637.0
197.0,637.0
198.0,636.0
197.0,635.0
198.0,633.0
198.0,631.0
197.0,631.0
195.0,630.0
196.0,631.0
191.0,634.0
183.0,635.0
174.0,630.0
171.0,614.0
171.0,603.0
181.0,579.0
190.0,566.0
205.0,552.0
205.0,537.0
211.0,535.0
216.0,531.0
217.0,527.0
229.0,525.0
228.0,508.0
232.0,498.0
236.0,492.0
245.0,496.0
252.0,499.0
261.0,512.0
271.0,523.0
286.0,529.0
287.0,540.0
294.0,531.0
289.0,525.0
286.0,521.0
291.0,524.0
291.0,526.0
297.0,524.0
303.0,531.0
297.0,528.0
299.0,523.0
300.0,522.0
298.0,516.0
299.0,515.0
304.0,515.0
305.0,517.0
307.0,523.0
305.0,516.0
305.0,517.0
301.0,516.0
301.0,514.0
304.0,515.0
307.0,515.0
307.0,516.0
306.0,515.0
306.0,515.0
306.0,515.0
307.0,515.0
307.0,515.0
307.0,516.0
307.0,517.0
308.0,514.0
308.0,515.0
309.0,517.0
309.0,516.0
309.0,517.0
309.0,516.0
309.0,516.0
314.0,518.0
