x,y
8.0,60.0
13.0,66.0
11.0,68.0
7.0,74.0
11.0,77.0
7.0,81.0
7.0,89.0
8.0,88.0
8.0,88.0
8.0,90.0
9.0,94.0
9.0,95.0
9.0,102.0
9.0,101.0
10.0,100.0
9.0,99.0
10.0,101.0
11.0,98.0
10.0,99.0
5.0,94.0
8.0,101.0
9.0,98.0
9.0,99.0
7.0,100.0
8.0,99.0
9.0,100.0
9.0,100.0
13.0,99.0
7.0,96.0
8.0,99.0
8.0,99.0
11.0,99.0
7.0,95.0
10.0,99.0
3.0,96.0
7.0,97.0
9.0,97.0
8.0,97.0
4.0,94.0
5.0,94.0
3.0,95.0
3.0,96.0
3.0,96.0
3.0,96.0
3.0,96.0
6.0,99.0
6.0,99.0
6.0,99.0
1.0,97.0
3.0,99.0
3.0,98.0
5.0,98.0
6.0,99.0
6.0,100.0
6.0,100.0
5.0,98.0
6.0,98.0
6.0,98.0
3.0,97.0
5.0,98.0
4.0,99.0
5.0,98.0
4.0,96.0
4.0,96.0
3.0,96.0
4.0,97.0
4.0,96.0
4.0,96.0
4.0,97.0
3.0,96.0
4.0,96.0
3.0,96.0
3.0,96.0
4.0,97.0
3.0,97.0
3.0,98.0
3.0,97.0
1.0,97.0
1.0,95.0
0.0,95.0
