x,y
1725.0,580.0
1724.0,582.0
1725.0,583.0
1719.0,583.0
1718.0,585.0
1718.0,585.0
1718.0,585.0
1718.0,585.0
1719.0,584.0
1718.0,584.0
1718.0,585.0
1718.0,585.0
1717.0,584.0
1717.0,583.0
1716.0,583.0
1716.0,583.0
1716.0,583.0
1716.0,583.0
1716.0,583.0
1716.0,583.0
1715.0,583.0
1715.0,583.0
1716.0,584.0
1715.0,584.0
1715.0,584.0
1716.0,584.0
1716.0,586.0
1715.0,584.0
1715.0,584.0
1715.0,583.0
1716.0,583.0
1716.0,583.0
1716.0,583.0
1715.0,583.0
1716.0,583.0
1715.0,583.0
1715.0,583.0
1715.0,584.0
1715.0,583.0
1715.0,584.0
1715.0,583.0
1715.0,585.0
1716.0,582.0
1713.0,583.0
1715.0,581.0
1715.0,581.0
1714.0,582.0
1713.0,583.0
1713.0,583.0
1713.0,583.0
1714.0,583.0
1714.0,582.0
1715.0,582.0
1711.0,581.0
1712.0,580.0
1710.0,582.0
1710.0,581.0
1712.0,579.0
1710.0,581.0
1710.0,581.0
1710.0,582.0
1709.0,582.0
1710.0,581.0
1711.0,580.0
1710.0,579.0
1710.0,578.0
1709.0,577.0
1711.0,576.0
1711.0,576.0
1711.0,576.0
1711.0,576.0
1710.0,576.0
1710.0,576.0
1711.0,575.0
1710.0,575.0
1710.0,575.0
1710.0,575.0
1710.0,575.0
1709.0,575.0
1707.0,575.0
1706.0,573.0
1706.0,572.0
1707.0,571.0
1708.0,568.0
1706.0,567.0
1705.0,569.0
1707.0,568.0
1705.0,568.0
1702.0,569.0
1702.0,569.0
1703.0,569.0
1702.0,569.0
1706.0,569.0
1706.0,568.0
1707.0,568.0
1705.0,570.0
1707.0,569.0
1708.0,568.0
1709.0,568.0
1709.0,568.0
