x,y
395.0,652.0
394.0,652.0
395.0,651.0
394.0,651.0
395.0,653.0
394.0,653.0
393.0,653.0
394.0,653.0
393.0,652.0
393.0,653.0
393.0,652.0
394.0,652.0
394.0,653.0
393.0,651.0
392.0,652.0
394.0,656.0
389.0,653.0
382.0,654.0
382.0,654.0
388.0,653.0
386.0,652.0
383.0,653.0
382.0,652.0
384.0,648.0
391.0,641.0
399.0,632.0
401.0,619.0
411.0,615.0
423.0,626.0
431.0,654.0
445.0,684.0
464.0,700.0
484.0,731.0
514.0,753.0
535.0,765.0
561.0,780.0
588.0,791.0
613.0,809.0
637.0,830.0
661.0,862.0
693.0,887.0
717.0,908.0
737.0,914.0
759.0,917.0
779.0,927.0
812.0,938.0
798.0,930.0
799.0,923.0
803.0,918.0
805.0,906.0
810.0,906.0
808.0,904.0
804.0,906.0
801.0,905.0
800.0,903.0
806.0,896.0
806.0,895.0
807.0,894.0
814.0,895.0
814.0,893.0
816.0,894.0
817.0,892.0
818.0,894.0
819.0,895.0
819.0,896.0
818.0,895.0
818.0,895.0
819.0,895.0
819.0,895.0
818.0,893.0
817.0,894.0
814.0,892.0
820.0,897.0
818.0,896.0
819.0,896.0
819.0,896.0
820.0,897.0
821.0,895.0
824.0,884.0
824.0,884.0
824.0,885.0
827.0,886.0
828.0,887.0
829.0,886.0
829.0,886.0
830.0,886.0
830.0,885.0
831.0,886.0
831.0,886.0
831.0,886.0
831.0,886.0
831.0,886.0
831.0,886.0
832.0,886.0
832.0,886.0
832.0,886.0
832.0,886.0
832.0,885.0
833.0,885.0
834.0,886.0
