x,y
1444.0,817.0
1445.0,822.0
1446.0,822.0
1444.0,819.0
1443.0,815.0
1444.0,809.0
1445.0,814.0
1446.0,810.0
1447.0,798.0
1450.0,794.0
1450.0,781.0
1455.0,762.0
1475.0,757.0
1491.0,751.0
1519.0,745.0
1541.0,740.0
1555.0,735.0
1565.0,736.0
1574.0,745.0
1586.0,748.0
1589.0,761.0
1591.0,777.0
1593.0,785.0
1590.0,796.0
1585.0,802.0
1583.0,802.0
1584.0,799.0
1584.0,802.0
1584.0,801.0
1583.0,801.0
1589.0,806.0
1577.0,803.0
1577.0,804.0
1576.0,807.0
1569.0,804.0
1569.0,801.0
1570.0,804.0
1570.0,805.0
1567.0,806.0
1566.0,810.0
1565.0,809.0
1567.0,811.0
1564.0,809.0
1563.0,810.0
1562.0,812.0
1563.0,812.0
1562.0,817.0
1562.0,820.0
1562.0,820.0
1564.0,819.0
1562.0,821.0
1563.0,822.0
1563.0,822.0
1563.0,823.0
1564.0,824.0
1564.0,824.0
1565.0,824.0
1566.0,825.0
1566.0,825.0
1567.0,827.0
1566.0,828.0
1570.0,829.0
1569.0,827.0
1569.0,828.0
1568.0,828.0
1568.0,828.0
1568.0,827.0
1568.0,827.0
1567.0,829.0
1580.0,826.0
1584.0,824.0
1588.0,823.0
1612.0,819.0
1652.0,817.0
1677.0,822.0
1721.0,832.0
1757.0,853.0
1785.0,874.0
1786.0,909.0
1778.0,934.0
1760.0,949.0
1748.0,959.0
1744.0,972.0
1752.0,980.0
1766.0,980.0
1777.0,976.0
1798.0,972.0
1812.0,959.0
1809.0,948.0
1797.0,936.0
1800.0,923.0
1800.0,922.0
1808.0,920.0
1811.0,920.0
1814.0,919.0
1815.0,923.0
1825.0,915.0
1840.0,908.0
1866.0,888.0
1906.0,883.0
