x,y
37.0,111.0
37.0,111.0
37.0,111.0
40.5,107.0
44.0,103.0
44.0,102.0
45.0,100.0
51.0,98.0
46.0,98.0
44.0,96.0
33.0,88.0
32.0,71.0
39.0,52.0
40.0,47.0
43.68181818181818,47.04545454545455
47.36363636363636,47.09090909090909
51.04545454545455,47.13636363636363
54.72727272727273,47.18181818181818
58.40909090909091,47.22727272727273
62.09090909090909,47.27272727272727
65.77272727272728,47.31818181818182
69.45454545454545,47.36363636363637
73.13636363636363,47.40909090909091
76.81818181818181,47.45454545454545
80.5,47.5
84.18181818181819,47.54545454545455
87.86363636363636,47.59090909090909
91.54545454545455,47.63636363636363
95.22727272727272,47.68181818181818
98.9090909090909,47.72727272727273
102.5909090909091,47.77272727272727
106.27272727272727,47.81818181818182
109.95454545454545,47.86363636363637
113.63636363636363,47.90909090909091
117.31818181818181,47.95454545454545
121.0,48.0
122.0,47.0
122.0,47.0
121.0,49.0
122.0,50.0
124.0,48.0
126.0,46.0
125.0,45.0
125.0,46.0
119.0,42.0
119.0,45.0
117.0,38.0
120.0,36.0
118.0,35.0
117.0,35.0
110.0,33.0
110.0,33.0
110.0,32.0
120.0,35.0
119.0,32.0
126.0,20.0
139.0,12.0
137.0,0.0
126.7,0.5
116.4,1.0
106.1,1.5
95.8,2.0
85.5,2.5
75.19999999999999,3.0
64.89999999999999,3.5
54.599999999999994,4.0
44.3,4.5
34.0,5.0
17.0,13.0
8.0,26.0
7.428571428571429,38.14285714285714
6.857142857142858,50.285714285714285
6.285714285714286,62.42857142857143
5.714285714285714,74.57142857142857
5.142857142857143,86.71428571428571
4.571428571428571,98.85714285714286
4.0,111.0
2.0,131.0
4.0,133.0
6.0,137.0
9.0,147.0
12.0,147.0
23.0,149.0
25.0,149.0
33.0,144.0
35.0,145.0
27.0,144.0
24.0,144.0
16.0,149.0
10.0,152.0
7.0,167.0
5.0,185.0
3.666666666666667,210.0
2.3333333333333335,235.0
1.0,260.0
9.0,304.0
23.0,337.0
37.0,352.0
73.0,372.0
112.0,394.0
