x,y
281.0,492.0
282.0,492.0
282.0,493.0
282.0,492.0
283.0,493.0
283.0,493.0
282.0,493.0
285.0,493.0
284.0,493.0
285.0,493.0
285.0,493.0
285.0,493.0
285.0,493.0
284.0,494.0
281.0,493.0
280.0,493.0
280.0,494.0
279.0,495.0
279.0,495.0
280.0,496.0
279.0,496.0
281.0,495.0
281.0,495.0
281.0,496.0
281.0,497.0
281.0,496.0
283.0,497.0
282.0,495.0
282.0,496.0
280.0,495.0
276.0,496.0
269.0,494.0
270.0,494.0
269.0,494.0
269.0,495.0
270.0,494.0
269.0,494.0
270.0,492.0
271.0,494.0
270.0,494.0
270.0,494.0
269.0,493.0
271.0,494.0
271.0,494.0
270.0,496.0
269.0,496.0
270.0,495.0
270.0,495.0
268.0,496.0
268.0,496.0
268.0,496.0
269.0,495.0
270.0,493.0
269.0,496.0
270.0,497.0
270.0,498.0
271.0,497.0
271.0,497.0
271.0,498.0
271.0,498.0
271.0,498.0
271.0,499.0
272.0,501.0
272.0,500.0
272.0,500.0
272.0,499.0
272.0,499.0
272.0,498.0
271.0,498.0
271.0,497.0
270.0,497.0
270.0,497.0
270.0,496.0
269.0,496.0
268.0,497.0
269.0,496.0
267.0,497.0
268.0,497.0
268.0,496.0
268.0,496.0
267.0,497.0
268.0,497.0
268.0,496.0
267.0,496.0
267.0,497.0
267.0,497.0
267.0,496.0
267.0,496.0
267.0,497.0
267.0,497.0
267.0,496.0
267.0,497.0
267.0,496.0
266.0,496.0
266.0,497.0
267.0,497.0
267.0,498.0
267.0,498.0
267.0,498.0
266.0,497.0
