x,y
146.0,78.0
146.0,78.0
145.0,78.0
145.0,78.0
144.0,78.0
143.0,78.0
143.0,78.0
143.0,78.0
143.0,78.0
143.0,79.0
143.0,79.0
143.0,79.0
143.0,79.0
142.0,78.0
141.0,78.0
141.0,76.0
140.0,78.0
140.0,78.0
139.0,77.0
139.0,77.0
138.0,77.0
140.0,76.0
141.0,75.0
139.0,77.0
139.0,77.0
140.0,77.0
141.0,76.0
143.0,76.0
143.0,76.0
143.0,76.0
143.0,76.0
143.0,76.0
142.0,75.0
143.0,76.0
143.0,76.0
143.0,76.0
143.0,76.0
144.0,75.0
143.0,75.0
142.0,75.0
142.0,75.0
141.0,75.0
142.0,74.0
142.0,74.0
141.0,74.0
142.0,75.0
142.0,74.0
142.0,75.0
140.0,77.0
139.0,76.0
140.0,73.0
138.0,72.0
139.0,72.0
139.0,72.0
138.0,72.0
137.0,71.0
140.0,72.0
139.0,76.0
138.0,76.0
138.0,76.0
139.0,76.0
138.0,76.0
139.0,76.0
138.0,76.0
138.0,76.0
137.0,76.0
138.0,76.0
138.0,76.0
136.0,71.0
139.0,75.0
139.0,76.0
139.0,76.0
140.0,75.0
140.0,75.0
139.0,75.0
140.0,75.0
140.0,75.0
139.0,75.0
139.0,75.0
139.0,75.0
139.0,75.0
139.0,75.0
139.0,75.0
139.0,75.0
134.0,72.0
134.0,72.0
133.0,71.0
135.0,69.0
134.0,66.0
131.0,66.0
134.0,66.0
136.0,66.0
135.0,65.0
134.0,66.0
134.0,65.0
135.0,64.0
136.0,65.0
136.0,66.0
135.0,65.0
136.0,65.0
