x,y
1835.0,34.0
1697.0,89.0
1550.0,134.0
1402.0,191.0
1252.0,248.0
1107.0,310.0
976.0,375.0
861.0,457.0
749.0,524.0
659.0,567.0
597.0,577.0
562.0,567.0
543.0,560.0
547.0,556.0
556.0,554.0
562.0,551.0
563.0,550.0
557.0,546.0
551.0,544.0
547.0,545.0
549.0,545.0
544.0,540.0
550.0,536.0
543.0,542.0
543.0,543.0
544.0,542.0
544.0,540.0
545.0,538.0
544.0,538.0
544.0,540.0
544.0,537.0
545.0,538.0
545.0,539.0
546.0,539.0
545.0,538.0
545.0,537.0
543.0,539.0
544.0,536.0
540.0,537.0
542.0,537.0
541.0,537.0
543.0,537.0
542.0,537.0
543.0,536.0
543.0,536.0
542.0,536.0
542.0,536.0
540.0,535.0
539.0,535.0
537.0,534.0
539.0,536.0
538.0,534.0
537.0,532.0
537.0,531.0
535.0,530.0
535.0,530.0
535.0,529.0
534.0,528.0
533.0,526.0
531.0,525.0
528.0,524.0
529.0,523.0
528.0,523.0
528.0,523.0
523.0,518.0
523.0,518.0
521.0,517.0
519.0,516.0
519.0,516.0
520.0,516.0
522.0,517.0
520.0,517.0
521.0,516.0
522.0,515.0
529.0,522.0
528.0,521.0
529.0,520.0
527.0,520.0
528.0,519.0
528.0,520.0
529.0,521.0
528.0,518.0
527.0,519.0
527.0,518.0
526.0,520.0
526.0,521.0
527.0,520.0
528.0,520.0
527.0,521.0
526.0,520.0
525.0,520.0
526.0,519.0
527.0,519.0
528.0,518.0
528.0,516.0
528.0,515.0
529.0,513.0
528.0,514.0
528.0,515.0
529.0,515.0
