x,y
1510.0,65.0
1515.0,73.0
1510.0,82.0
1507.0,91.0
1503.0,102.0
1500.0,105.0
1499.0,120.0
1494.0,130.0
1500.0,134.0
1494.0,141.0
1499.0,137.0
1492.0,147.0
1492.0,148.0
1490.0,146.0
1482.0,155.0
1481.0,175.0
1481.0,178.0
1480.0,177.0
1478.0,178.0
1476.0,166.0
1469.0,168.0
1466.0,171.0
1466.0,172.0
1469.0,191.0
1469.0,194.0
1468.0,198.0
1466.0,204.0
1465.0,205.0
1466.0,211.0
1476.0,211.0
1474.0,215.0
1473.0,216.0
1477.0,214.0
1479.0,215.0
1482.0,220.0
1483.0,219.0
1482.0,219.0
1486.0,220.0
1483.0,220.0
1484.0,221.0
1484.0,222.0
1484.0,221.0
1484.0,221.0
1484.0,222.0
1486.0,221.0
1485.0,220.0
1487.0,223.0
1488.0,223.0
1486.0,221.0
1486.0,220.0
1487.0,220.0
1487.0,222.0
1488.0,223.0
1488.0,223.0
1489.0,225.0
1489.0,225.0
1489.0,225.0
1489.0,226.0
1489.0,226.0
1489.0,224.0
1489.0,224.0
1489.0,225.0
1489.0,225.0
1489.0,225.0
1489.0,226.0
1488.0,227.0
1489.0,226.0
1489.0,226.0
1488.0,226.0
1488.0,225.0
1488.0,226.0
1489.0,225.0
1488.0,225.0
1489.0,226.0
1488.0,223.0
1488.0,227.0
1488.0,225.0
1489.0,228.0
1489.0,228.0
1488.0,229.0
1488.0,228.0
1492.0,231.0
1491.0,231.0
1491.0,231.0
1491.0,231.0
1490.0,234.0
1492.0,232.0
1490.0,235.0
1490.0,234.0
1490.0,234.0
1490.0,234.0
1490.0,234.0
1490.0,235.0
1489.0,234.0
1490.0,234.0
1492.0,235.0
1491.0,235.0
1491.0,234.0
1491.0,235.0
1492.0,235.0
