x,y
1493.0,238.0
1493.0,238.0
1494.0,237.0
1494.0,238.0
1494.0,238.0
1494.0,238.0
1494.0,238.0
1494.0,238.0
1494.0,238.0
1495.0,239.0
1494.0,238.0
1493.0,238.0
1494.0,238.0
1494.0,238.0
1493.0,238.0
1493.0,238.0
1494.0,239.0
1493.0,239.0
1494.0,239.0
1494.0,238.0
1493.0,237.0
1493.0,237.0
1493.0,238.0
1493.0,237.0
1493.0,238.0
1493.0,237.0
1493.0,237.0
1493.0,237.0
1493.0,236.0
1493.0,237.0
1493.0,237.0
1493.0,237.0
1493.0,237.0
1492.0,237.0
1493.0,237.0
1494.0,237.0
1493.0,237.0
1493.0,238.0
1493.0,238.0
1493.0,238.0
1494.0,238.0
1493.0,238.0
1493.0,238.0
1494.0,238.0
1494.0,238.0
1493.0,238.0
1493.0,238.0
1494.0,238.0
1493.0,238.0
1493.0,238.0
1493.0,238.0
1493.0,237.0
1494.0,238.0
1493.0,237.0
1493.0,238.0
1493.0,238.0
1493.0,238.0
1494.0,238.0
1493.0,238.0
1493.0,238.0
1493.0,238.0
1493.0,238.0
1494.0,238.0
1493.0,238.0
1493.0,238.0
1493.0,238.0
1493.0,238.0
1493.0,237.0
1493.0,238.0
1493.0,237.0
1493.0,238.0
1493.0,238.0
1493.0,238.0
1493.0,238.0
1493.0,238.0
1493.0,238.0
1493.0,238.0
1493.0,238.0
1494.0,238.0
1494.0,238.0
1493.0,238.0
1494.0,238.0
1493.0,238.0
1493.0,238.0
1494.0,238.0
1494.0,238.0
1494.0,238.0
1493.0,238.0
1493.0,238.0
1493.0,238.0
1493.0,238.0
1493.0,238.0
1494.0,238.0
1494.0,238.0
1493.0,238.0
1493.0,238.0
1494.0,238.0
1494.0,238.0
1494.0,238.0
1493.0,238.0
