x,y
466.0,686.0
466.0,687.0
464.0,688.0
465.0,690.0
466.0,692.0
466.0,691.0
464.0,690.0
465.0,692.0
463.0,691.0
463.0,690.0
464.0,691.0
463.0,690.0
464.0,691.0
463.0,690.0
463.0,690.0
463.0,691.0
463.0,690.0
464.0,690.0
463.0,690.0
464.0,689.0
464.0,690.0
464.0,689.0
467.0,689.0
466.0,690.0
466.0,689.0
466.0,690.0
464.0,689.0
464.0,689.0
464.0,690.0
466.0,692.0
466.0,692.0
466.0,693.0
466.0,691.0
466.0,693.0
467.0,692.0
467.0,692.0
468.0,692.0
468.0,693.0
468.0,694.0
469.0,692.0
467.0,694.0
468.0,694.0
468.0,693.0
467.0,696.0
468.0,693.0
466.0,693.0
462.0,698.0
462.0,699.0
462.0,700.0
459.0,708.0
460.0,708.0
460.0,707.0
458.0,707.0
457.0,704.0
456.0,706.0
458.0,705.0
458.0,705.0
457.0,708.0
459.0,706.0
457.0,707.0
458.0,708.0
460.0,707.0
459.0,707.0
462.0,700.0
462.0,700.0
459.0,708.0
460.0,708.0
460.0,706.0
459.0,706.0
460.0,706.0
459.0,706.0
457.0,705.0
456.0,704.0
456.0,705.0
457.0,705.0
457.0,705.0
459.0,697.0
457.0,696.0
456.0,695.0
458.0,695.0
457.0,695.0
458.0,694.0
457.0,694.0
457.0,695.0
458.0,694.0
456.0,694.0
458.0,693.0
458.0,694.0
459.0,694.0
458.0,694.0
459.0,701.0
461.0,701.0
459.0,697.0
464.0,705.0
456.0,704.0
455.0,711.0
437.0,708.0
428.0,715.0
427.0,711.0
433.0,726.0
