x,y
1274.0,200.0
1273.0,200.0
1271.0,201.0
1272.0,199.0
1271.0,198.0
1272.0,199.0
1272.0,198.0
1272.0,198.0
1272.0,198.0
1272.0,198.0
1272.0,198.0
1272.0,198.0
1272.0,199.0
1272.0,199.0
1272.0,200.0
1273.0,200.0
1272.0,200.0
1272.0,200.0
1273.0,200.0
1272.0,201.0
1272.0,202.0
1275.0,201.0
1273.0,202.0
1272.0,203.0
1273.0,202.0
1273.0,201.0
1273.0,202.0
1273.0,202.0
1274.0,203.0
1274.0,202.0
1272.0,202.0
1272.0,203.0
1271.0,203.0
1271.0,203.0
1270.0,204.0
1269.0,205.0
1269.0,205.0
1269.0,205.0
1269.0,205.0
1269.0,205.0
1268.0,205.0
1268.0,205.0
1268.0,205.0
1268.0,206.0
1267.0,207.0
1267.0,206.0
1267.0,206.0
1267.0,205.0
1266.0,205.0
1267.0,204.0
1266.0,204.0
1266.0,203.0
1267.0,202.0
1267.0,202.0
1267.0,203.0
1267.0,203.0
1267.0,203.0
1267.0,204.0
1267.0,205.0
1268.0,206.0
1267.0,207.0
1268.0,206.0
1268.0,206.0
1267.0,207.0
1266.0,207.0
1267.0,207.0
1266.0,207.0
1266.0,207.0
1267.0,207.0
1266.0,207.0
1267.0,207.0
1267.0,207.0
1267.0,207.0
1267.0,207.0
1266.0,207.0
1266.0,207.0
1266.0,208.0
1266.0,207.0
1266.0,208.0
1266.0,208.0
1266.0,209.0
1265.0,209.0
1267.0,208.0
1267.0,207.0
1267.0,207.0
1267.0,208.0
1267.0,207.0
1267.0,208.0
1266.0,208.0
1267.0,208.0
1267.0,208.0
1267.0,208.0
1267.0,209.0
1268.0,208.0
1268.0,208.0
1268.0,208.0
1268.0,207.0
1268.0,207.0
1268.0,208.0
1268.0,208.0
