x,y
1001.0,887.0
1002.0,887.0
1001.0,885.0
999.0,886.0
1000.0,887.0
1002.0,888.0
1003.0,888.0
1002.0,888.0
1003.0,889.0
1002.0,889.0
1002.0,890.0
1002.0,890.0
1003.0,891.0
1003.0,890.0
1003.0,891.0
1003.0,891.0
1003.0,891.0
1004.0,893.0
1005.0,893.0
1003.0,892.0
1004.0,892.0
1004.0,893.0
1003.0,891.0
1003.0,892.0
1004.0,892.0
1004.0,892.0
1004.0,892.0
1004.0,892.0
1004.0,892.0
1004.0,892.0
1004.0,893.0
1004.0,893.0
1004.0,894.0
1004.0,893.0
1004.0,894.0
1003.0,893.0
1004.0,893.0
1004.0,893.0
1004.0,893.0
1004.0,893.0
1005.0,894.0
1005.0,894.0
1005.0,893.0
1003.0,893.0
1004.0,895.0
1002.0,892.0
1004.0,893.0
1003.0,892.0
1003.0,893.0
1003.0,892.0
1004.0,893.0
1003.0,893.0
1000.0,901.0
1001.0,901.0
1001.0,895.0
1002.0,894.0
1004.0,894.0
1005.0,894.0
1003.0,896.0
1004.0,895.0
1005.0,894.0
1004.0,895.0
1004.0,894.0
1005.0,894.0
1004.0,894.0
1006.0,894.0
1006.0,894.0
1006.0,894.0
1005.0,893.0
1009.0,892.0
1008.0,894.0
1007.0,894.0
1004.0,895.0
1008.0,907.0
1003.0,923.0
999.0,927.0
1000.0,935.0
1006.0,934.0
1012.0,939.0
1018.0,945.0
1027.0,952.0
1032.0,956.0
1031.0,958.0
1033.0,959.0
1030.0,954.0
1038.0,957.0
1031.0,964.0
1038.0,957.0
1034.0,962.0
1036.0,964.0
1041.0,958.0
1031.0,967.0
1033.0,967.0
1037.0,961.0
1041.0,958.0
1042.0,960.0
1040.0,958.0
1040.0,957.0
1040.0,958.0
1040.0,958.0
