x,y
157.0,503.0
155.0,503.0
157.0,503.0
156.0,503.0
156.0,503.0
156.0,504.0
154.0,504.0
154.0,505.0
154.0,505.0
153.0,505.0
153.0,505.0
154.0,505.0
154.0,506.0
153.0,505.0
156.0,506.0
156.0,506.0
154.0,505.0
154.0,506.0
153.0,506.0
155.0,508.0
155.0,507.0
155.0,508.0
155.0,507.0
154.0,506.0
155.0,506.0
155.0,507.0
155.0,507.0
155.0,507.0
154.0,507.0
150.0,507.0
150.0,506.0
149.0,506.0
148.0,506.0
148.0,506.0
147.0,506.0
148.0,507.0
145.0,509.0
148.0,507.0
145.0,507.0
146.0,507.0
145.0,507.0
146.0,507.0
147.0,508.0
146.0,506.0
147.0,507.0
147.0,506.0
147.0,506.0
147.0,506.0
147.0,506.0
147.0,505.0
147.0,505.0
147.0,506.0
146.0,505.0
146.0,505.0
145.0,506.0
145.0,506.0
144.0,507.0
141.0,509.0
140.0,512.0
140.0,512.0
139.0,512.0
138.0,513.0
136.0,517.0
139.0,509.0
119.0,516.0
107.0,518.0
107.0,512.0
114.0,511.0
120.0,501.0
112.0,517.0
128.0,516.0
122.0,523.0
116.0,528.0
111.0,526.0
115.0,531.0
113.0,523.0
126.0,507.0
142.0,480.0
152.0,452.0
175.0,434.0
177.0,398.0
193.0,377.0
194.0,356.0
210.0,340.0
222.0,329.0
244.0,329.0
272.0,334.0
283.0,332.0
286.0,318.0
293.0,308.0
294.0,281.0
299.0,264.0
304.0,248.0
303.0,242.0
298.0,244.0
298.0,250.0
290.0,261.0
288.0,290.0
288.0,331.0
298.0,376.0
