x,y
466.0,828.0
465.0,828.0
466.0,829.0
465.0,829.0
466.0,832.0
468.0,831.0
465.0,829.0
467.0,829.0
471.0,829.0
474.0,821.0
473.0,826.0
467.0,824.0
462.0,812.0
448.0,788.0
443.0,781.0
438.0,776.0
428.0,776.0
422.0,770.0
417.0,763.0
413.0,759.0
411.0,758.0
401.0,755.0
390.0,752.0
382.0,760.0
373.0,762.0
364.0,759.0
344.0,756.0
352.0,763.0
348.0,759.0
340.0,763.0
335.0,773.0
337.0,778.0
340.0,783.0
346.0,778.0
348.0,775.0
348.0,775.0
349.0,786.0
348.0,777.0
348.0,774.0
340.0,782.0
353.0,774.0
337.0,781.0
347.0,775.0
348.0,775.0
348.0,775.0
350.0,774.0
349.0,775.0
351.0,773.0
351.0,774.0
348.0,777.0
351.0,780.0
352.0,785.0
350.0,785.0
350.0,782.0
351.0,782.0
350.0,783.0
351.0,783.0
351.0,783.0
352.0,783.0
352.0,782.0
352.0,781.0
352.0,781.0
353.0,784.0
352.0,785.0
352.0,784.0
354.0,787.0
354.0,790.0
354.0,788.0
353.0,789.0
351.0,790.0
347.0,793.0
349.0,792.0
346.0,795.0
345.0,796.0
347.0,796.0
350.0,799.0
349.0,798.0
352.0,799.0
355.0,799.0
355.0,799.0
356.0,800.0
356.0,799.0
357.0,799.0
357.0,799.0
357.0,799.0
356.0,798.0
357.0,798.0
357.0,799.0
357.0,799.0
356.0,798.0
356.0,798.0
357.0,799.0
356.0,799.0
357.0,799.0
357.0,798.0
359.0,799.0
359.0,801.0
360.0,803.0
360.0,804.0
359.0,805.0
