x,y
359.0,805.0
360.0,806.0
360.0,807.0
359.0,807.0
359.0,807.0
359.0,807.0
359.0,807.0
359.0,807.0
359.0,806.0
359.0,807.0
359.0,807.0
360.0,807.0
360.0,808.0
358.0,807.0
359.0,808.0
358.0,808.0
359.0,808.0
359.0,808.0
360.0,808.0
359.0,808.0
359.0,808.0
359.0,809.0
359.0,808.0
359.0,808.0
359.0,808.0
359.0,809.0
359.0,808.0
359.0,809.0
358.0,810.0
358.0,810.0
358.0,811.0
359.0,811.0
358.0,811.0
359.0,810.0
359.0,810.0
358.0,810.0
359.0,811.0
358.0,811.0
358.0,811.0
358.0,812.0
357.0,812.0
355.0,815.0
353.0,819.0
352.0,820.0
348.0,817.0
350.0,821.0
349.0,816.0
350.0,817.0
352.0,817.0
349.0,818.0
351.0,817.0
349.0,816.0
351.0,817.0
351.0,817.0
351.0,816.0
350.0,816.0
350.0,816.0
349.0,815.0
348.0,815.0
348.0,814.0
348.0,814.0
349.0,816.0
349.0,816.0
346.0,817.0
346.0,817.0
346.0,817.0
346.0,815.0
346.0,815.0
347.0,814.0
347.0,815.0
346.0,816.0
347.0,814.0
348.0,812.0
349.0,811.0
350.0,809.0
350.0,810.0
349.0,810.0
350.0,809.0
350.0,809.0
351.0,809.0
350.0,809.0
350.0,810.0
351.0,808.0
351.0,808.0
351.0,808.0
351.0,808.0
351.0,808.0
350.0,807.0
350.0,807.0
350.0,807.0
352.0,807.0
352.0,807.0
352.0,808.0
351.0,807.0
351.0,808.0
351.0,807.0
351.0,808.0
351.0,808.0
351.0,809.0
352.0,808.0
