x,y
130.0,762.0
130.0,762.0
130.0,762.0
130.0,762.0
130.0,762.0
130.0,762.0
130.0,762.0
130.0,762.0
130.0,762.0
130.0,762.0
130.0,762.0
130.0,762.0
130.0,762.0
130.0,762.0
130.0,762.0
130.0,762.0
130.0,762.0
130.0,762.0
130.0,762.0
131.0,763.0
130.0,762.0
130.0952380952381,762.0
130.1904761904762,762.0
130.28571428571428,762.0
130.38095238095238,762.0
130.47619047619048,762.0
130.57142857142858,762.0
130.66666666666666,762.0
130.76190476190476,762.0
130.85714285714286,762.0
130.95238095238096,762.0
131.04761904761904,762.0
131.14285714285714,762.0
131.23809523809524,762.0
131.33333333333334,762.0
131.42857142857142,762.0
131.52380952380952,762.0
131.61904761904762,762.0
131.71428571428572,762.0
131.8095238095238,762.0
131.9047619047619,762.0
132.0,762.0
131.9375,762.125
131.875,762.25
131.8125,762.375
131.75,762.5
131.6875,762.625
131.625,762.75
131.5625,762.875
131.5,763.0
131.4375,763.125
131.375,763.25
131.3125,763.375
131.25,763.5
131.1875,763.625
131.125,763.75
131.0625,763.875
131.0,764.0
131.0,763.0
131.0,763.0
130.0,763.0
