x,y
500.0,834.0
501.0,831.0
502.0,829.0
501.0,831.0
501.0,831.0
504.0,826.0
504.0,827.0
504.0,827.0
503.0,827.0
507.0,828.0
502.0,828.0
502.0,830.0
506.0,827.0
504.0,828.0
504.0,827.0
504.0,827.0
503.0,827.0
500.0,827.0
500.0,824.0
500.0,826.0
500.0,823.0
500.0,826.0
499.0,825.0
501.0,820.0
500.0,826.0
499.0,826.0
499.0,826.0
499.0,825.0
498.0,825.0
497.0,825.0
497.0,824.0
495.0,820.0
494.0,821.0
494.0,822.0
495.0,822.0
496.0,822.0
495.0,821.0
496.0,821.0
497.0,821.0
495.0,821.0
495.0,820.0
492.0,819.0
490.0,818.0
488.0,818.0
487.0,817.0
487.0,820.0
486.0,818.0
486.0,819.0
485.0,819.0
483.0,818.0
486.0,824.0
481.0,819.0
477.0,820.0
477.0,820.0
479.0,822.0
477.0,820.0
476.0,819.0
474.0,820.0
473.0,820.0
474.0,820.0
473.0,822.0
473.0,822.0
473.0,823.0
473.0,824.0
472.0,823.0
473.0,824.0
474.0,823.0
473.0,822.0
473.0,821.0
473.0,821.0
474.0,821.0
473.0,822.0
470.0,822.0
471.0,822.0
470.0,821.0
470.0,822.0
470.0,822.0
470.0,823.0
469.0,824.0
471.0,824.0
470.0,824.0
470.0,824.0
470.0,825.0
470.0,825.0
470.0,827.0
471.0,826.0
471.0,825.0
470.0,825.0
469.0,827.0
469.0,826.0
469.0,827.0
467.0,825.0
467.0,825.0
466.0,825.0
466.0,825.0
467.0,826.0
467.0,827.0
466.0,826.0
466.0,826.0
466.0,827.0
