x,y
854.0,279.0
854.0,279.0
854.0,280.0
854.0,280.0
854.0,280.0
854.0,280.0
855.0,280.0
854.0,280.0
855.0,280.0
854.0,280.0
854.0,281.0
854.0,279.0
854.0,280.0
854.0,280.0
856.0,279.0
856.0,278.0
856.0,278.0
857.0,278.0
856.0,278.0
856.0,279.0
855.0,279.0
856.0,278.0
855.0,279.0
855.0,279.0
856.0,278.0
856.0,279.0
855.0,279.0
857.0,279.0
856.0,279.0
856.0,279.0
856.0,279.0
856.0,279.0
856.0,279.0
855.0,279.0
855.0,279.0
855.0,276.0
855.0,276.0
854.0,278.0
854.0,278.0
856.0,279.0
855.0,279.0
854.0,278.0
853.0,278.0
855.0,277.0
854.0,278.0
852.0,277.0
851.0,277.0
852.0,275.0
851.0,275.0
850.0,275.0
851.0,275.0
851.0,275.0
851.0,275.0
849.0,274.0
849.0,275.0
848.0,274.0
847.0,274.0
846.0,273.0
846.0,272.0
845.0,272.0
845.0,272.0
845.0,271.0
845.0,271.0
844.0,272.0
845.0,272.0
845.0,272.0
845.0,272.0
845.0,271.0
845.0,272.0
845.0,272.0
845.0,271.0
845.0,272.0
845.0,272.0
845.0,272.0
845.0,272.0
845.0,272.0
845.0,272.0
845.0,272.0
845.0,271.0
845.0,271.0
846.0,273.0
845.0,272.0
846.0,273.0
845.0,271.0
845.0,272.0
845.0,272.0
845.0,272.0
845.0,271.0
846.0,271.0
847.0,272.0
847.0,270.0
848.0,270.0
848.0,269.0
848.0,269.0
847.0,269.0
848.0,269.0
848.0,268.0
848.0,268.0
849.0,270.0
848.0,268.0
