x,y
964.0,516.0
964.0,517.0
964.0,516.0
965.0,517.0
964.0,517.0
964.0,517.0
964.0,518.0
964.0,517.0
964.0,517.0
964.0,518.0
964.0,518.0
964.0,518.0
964.0,518.0
964.0,518.0
964.0,518.0
964.0,518.0
963.0,518.0
963.0,518.0
963.0,519.0
963.0,519.0
964.0,519.0
963.0,519.0
963.0,519.0
963.0,519.0
963.0,519.0
963.0,519.0
963.0,519.0
963.0,518.0
962.0,519.0
963.0,519.0
962.0,519.0
963.0,519.0
962.0,520.0
962.0,520.0
963.0,520.0
963.0,520.0
963.0,521.0
961.0,519.0
961.0,519.0
962.0,520.0
962.0,519.0
961.0,519.0
961.0,519.0
961.0,519.0
962.0,519.0
961.0,519.0
961.0,519.0
960.0,519.0
960.0,519.0
961.0,519.0
963.0,521.0
960.0,520.0
960.0,519.0
961.0,520.0
962.0,520.0
962.0,521.0
961.0,521.0
961.0,520.0
959.0,519.0
962.0,518.0
961.0,517.0
959.0,518.0
958.0,519.0
959.0,518.0
956.0,518.0
957.0,518.0
957.0,519.0
957.0,519.0
958.0,518.0
958.0,518.0
958.0,517.0
957.0,518.0
957.0,518.0
960.0,517.0
959.0,517.0
959.0,517.0
959.0,517.0
959.0,517.0
957.0,518.0
957.0,518.0
958.0,518.0
959.0,518.0
958.0,518.0
965.0,517.0
960.0,518.0
959.0,518.0
959.0,518.0
962.0,517.0
958.0,519.0
958.0,519.0
958.0,519.0
958.0,519.0
958.0,519.0
958.0,519.0
958.0,520.0
957.0,519.0
957.0,519.0
958.0,519.0
958.0,519.0
957.9090909090909,519.1818181818181
