x,y
95.0,768.0
96.0,766.0
96.0,767.0
95.0,767.0
95.0,767.0
90.0,773.0
91.0,773.0
91.0,773.0
93.0,769.0
93.0,769.0
94.0,770.0
94.0,771.0
94.0,770.0
93.0,769.0
93.0,769.0
93.0,769.0
93.0,770.0
93.0,769.0
93.0,769.0
94.0,769.0
94.0,769.0
95.0,768.0
98.0,767.0
97.0,768.0
99.0,767.0
100.0,766.0
101.0,767.0
101.0,766.0
103.0,768.0
103.0,768.0
102.0,768.0
103.0,767.0
102.0,766.0
102.0,767.0
103.0,768.0
102.0,766.0
103.0,767.0
101.0,765.0
103.0,766.0
103.0,766.0
103.0,766.0
103.0,766.0
102.0,765.0
102.0,764.0
103.0,764.0
103.0,764.0
104.0,766.0
104.0,765.0
104.0,766.0
103.0,766.0
103.0,766.0
103.0,767.0
103.0,766.0
102.0,765.0
104.0,764.0
104.0,764.0
103.0,764.0
105.0,764.0
112.0,769.0
113.0,768.0
110.0,770.0
111.0,770.0
111.0,769.0
111.0,768.0
112.0,768.0
112.0,768.0
111.0,768.0
111.0,768.0
111.0,768.0
112.0,768.0
111.0,768.0
111.0,768.0
111.0,769.0
111.0,768.0
111.0,769.0
111.0,769.0
112.0,768.0
112.0,769.0
112.0,769.0
111.0,767.0
111.0,767.0
111.0,768.0
111.0,767.0
112.0,768.0
111.0,768.0
111.0,768.0
111.0,768.0
111.0,769.0
111.0,770.0
111.0,770.0
111.0,770.0
110.0,770.0
110.0,770.0
110.0,770.0
110.0,770.0
110.0,769.0
110.0,769.0
111.0,769.0
111.0,769.0
111.0,769.0
