x,y
1878.0,871.0
1886.0,849.0
1886.0,848.0
1885.0,848.0
1886.0,848.0
1886.0,848.0
1886.0,847.0
1886.0,847.0
1887.0,848.0
1887.0,848.0
1887.0,848.0
1888.0,848.0
1889.0,848.0
1890.0,847.0
1890.0,847.0
1890.0,846.0
1890.0,846.0
1890.0,846.0
1891.0,845.0
1891.0,846.0
1891.0,846.0
1889.0,845.0
1890.0,846.0
1891.0,845.0
1889.0,846.0
1889.0,846.0
1889.0,846.0
1891.0,846.0
1890.0,845.0
1890.0,845.0
1892.0,843.0
1892.0,842.0
1893.0,842.0
1893.0,842.0
1894.0,843.0
1893.0,842.0
1893.0,843.0
1894.0,842.0
1894.0,842.0
1894.0,843.0
1894.0,843.0
1894.0,843.0
1894.0,843.0
1894.0,843.0
1894.0,843.0
1894.0,843.0
1895.0,844.0
1896.0,845.0
1896.0,845.0
1897.0,846.0
1897.0,846.0
1897.0,846.0
1897.0,847.0
1897.0,846.0
1897.0,847.0
1897.0,847.0
1897.0,847.0
1897.0,847.0
1897.0,846.0
1897.0,846.0
1897.0,846.0
1897.0,846.0
1897.0,846.0
1896.0,846.0
1897.0,846.0
1896.0,846.0
1896.0,846.0
1897.0,847.0
1896.0,847.0
1897.0,847.0
1896.0,847.0
1896.0,847.0
1894.0,846.0
1892.0,845.0
1891.0,845.0
1891.0,846.0
1890.0,847.0
1891.0,847.0
1890.0,849.0
1891.0,855.0
1896.0,856.0
1904.0,864.0
1908.0,870.0
1912.0,886.0
1916.0,895.0
1913.0,901.0
1913.0,905.0
1911.0,886.0
1918.0,872.0
1916.5,838.0
1915.0,804.0
1910.0,782.0
1888.0,758.0
1870.0,727.0
1845.0,698.0
1826.0,683.0
1799.0,672.0
1789.0,661.0
1775.0,645.0
1752.0,641.0
