x,y
1529.0,748.0
1528.0,748.0
1529.0,748.0
1528.0,749.0
1529.0,749.0
1528.0,748.0
1527.0,748.0
1528.0,748.0
1528.0,749.0
1528.0,749.0
1528.0,749.0
1528.0,750.0
1529.0,749.0
1528.0,751.0
1528.0,750.0
1527.0,750.0
1525.0,751.0
1525.0,749.0
1524.0,749.0
1524.0,749.0
1522.0,750.0
1523.0,750.0
1523.0,749.0
1523.0,749.0
1522.0,749.0
1521.0,749.0
1521.0,750.0
1521.0,751.0
1521.0,751.0
1522.0,751.0
1522.0,752.0
1522.0,753.0
1521.0,753.0
1521.0,753.0
1519.0,751.0
1519.0,751.0
1518.0,750.0
1518.0,749.0
1518.0,749.0
1518.0,749.0
1518.0,750.0
1517.0,748.0
1516.0,749.0
1516.0,752.0
1515.0,752.0
1515.0,753.0
1513.0,753.0
1513.0,753.0
1512.0,753.0
1512.0,753.0
1513.0,754.0
1512.0,753.0
1511.0,754.0
1511.0,754.0
1512.0,754.0
1513.0,754.0
1512.0,754.0
1512.0,754.0
1512.0,754.0
1513.0,755.0
1511.0,755.0
1510.0,755.0
1510.0,755.0
1510.0,755.0
1509.0,755.0
1509.0,755.0
1508.0,755.0
1506.0,754.0
1506.0,753.0
1507.0,754.0
1506.0,752.0
1506.0,753.0
1506.0,752.0
1506.0,752.0
1507.0,753.0
1507.0,753.0
1506.0,752.0
1507.0,753.0
1506.0,753.0
1506.0,753.0
1506.0,752.0
1505.0,753.0
1504.0,752.0
1504.0,751.0
1504.0,751.0
1504.0,752.0
1503.0,751.0
1503.0,750.0
1503.0,750.0
1503.0,751.0
1503.0,751.0
1503.0,751.0
1502.0,749.0
1502.0,749.0
1502.0,750.0
1502.0,749.0
1501.0,748.0
1502.0,748.0
1502.0,748.0
1502.0,747.0
