x,y
1162.0,776.0
1163.0,777.0
1162.0,776.0
1162.2,776.2
1162.4,776.4
1162.6,776.6
1162.8,776.8
1163.0,777.0
1163.5,778.0
1164.0,779.0
1177.0,772.0
1190.0,765.0
1203.0,758.0
1216.0,751.0
1229.0,744.0
1242.0,737.0
1255.0,730.0
1268.0,723.0
1271.0,729.0
1277.0,741.6
1283.0,754.2
1289.0,766.8
1295.0,779.4
1301.0,792.0
1300.0,791.0
1300.0,789.0
1307.0,769.0
1301.5,724.5
1296.0,680.0
1293.0,681.0
1290.0,681.0
1274.0,701.0
1274.0,702.0
1274.0,696.0
1277.0,687.0
1283.0,683.0
1293.0,690.0
1294.0,688.0
1296.0,690.0
1316.0,681.0
1318.0,683.0
1321.0,765.0
1326.0,771.0
1318.0,791.0
1326.625,803.625
1335.25,816.25
1343.875,828.875
1352.5,841.5
1361.125,854.125
1369.75,866.75
1378.375,879.375
1387.0,892.0
1385.0,887.0
1384.0,888.0
1384.0,887.0
1415.0,891.0
1416.0,891.0
1417.0,891.0
1420.0,890.0
1423.0,890.0
1425.0,889.0
1428.0,889.0
1430.0,889.0
1430.0,884.0
1437.0,887.0
1438.0,885.0
1439.0,885.0
1440.0,884.0
1441.0,884.0
1442.0,883.0
1444.0,882.0
1447.0,881.0
1448.0,882.0
1447.0,881.0
1446.0,882.0
1445.0,883.0
1443.0,884.0
1442.0,885.0
1442.0,885.0
1442.0,884.0
1442.0,885.0
1441.0,884.0
1441.0,885.0
1441.0,885.0
1441.0,885.0
1440.0,884.0
1440.0,884.0
1440.0,884.0
1440.0,884.0
1440.0,884.0
1440.0,884.0
1440.0,884.0
1440.0,884.0
1440.0,883.0
1440.0,883.0
1440.0,884.0
1441.0,884.0
1441.0,884.0
1441.0,884.0
1441.0,884.0
