x,y
1565.0,958.0
1537.0,943.0
1507.0,928.0
1488.0,899.0
1467.0,883.0
1441.0,864.0
1403.0,849.0
1369.0,837.0
1325.0,818.0
1289.0,804.0
1247.0,784.0
1204.0,766.0
1169.0,754.0
1143.0,724.0
1127.0,692.0
1103.0,663.0
1069.0,638.0
1039.0,629.0
1005.0,625.0
975.0,605.0
939.0,573.0
905.0,564.0
865.0,546.0
837.0,543.0
810.0,552.0
792.0,561.0
777.0,580.0
768.0,595.0
765.0,601.0
759.0,613.0
752.0,613.0
752.0,616.0
744.0,612.0
733.0,608.0
732.0,613.0
719.0,624.0
707.0,633.0
716.0,626.0
727.0,611.0
734.0,605.0
740.0,588.0
743.0,563.0
729.0,546.0
723.0,536.0
713.0,518.0
700.0,488.0
691.0,456.0
700.0,436.0
705.0,417.0
708.0,396.0
717.0,373.0
722.0,348.0
730.0,322.0
741.0,294.0
750.0,276.0
765.0,248.0
763.0,229.0
761.0,213.0
756.0,205.0
762.0,194.0
773.0,180.0
781.0,174.0
784.0,159.0
788.0,159.0
787.0,165.0
780.0,163.0
778.0,159.0
781.0,148.0
779.0,141.0
780.0,136.0
778.0,132.0
776.0,128.0
773.0,126.0
770.0,125.0
769.0,123.0
766.0,119.0
761.0,126.0
759.0,125.0
759.0,126.0
757.0,123.0
754.0,125.0
754.0,124.0
753.0,125.0
753.0,124.0
753.0,125.0
754.0,125.0
753.0,125.0
753.0,125.0
754.0,125.0
754.0,125.0
754.0,125.0
753.0,125.0
754.0,126.0
754.0,126.0
754.0,126.0
755.0,126.0
755.0,126.0
754.0,127.0
753.0,127.0
753.0,128.0
