x,y
554.0,835.0
554.0,835.0
555.0,836.0
555.0,836.0
555.0,835.0
557.0,835.0
556.0,834.0
555.0,834.0
555.0,835.0
556.0,834.0
555.0,835.0
555.0,836.0
556.0,835.0
556.0,835.0
556.0,836.0
556.0,835.0
556.0,835.0
557.0,835.0
556.0,836.0
556.0,836.0
556.0,836.0
556.0,837.0
557.0,836.0
558.0,835.0
557.0,835.0
559.0,833.0
560.0,831.0
560.0,832.0
560.0,832.0
560.0,832.0
559.0,832.0
560.0,832.0
561.0,832.0
560.0,832.0
558.0,834.0
557.0,835.0
557.0,835.0
558.0,834.0
559.0,833.0
559.0,835.0
559.0,835.0
560.0,835.0
560.0,837.0
563.0,837.0
564.0,836.0
564.0,836.0
566.0,835.0
566.0,836.0
567.0,835.0
568.0,835.0
568.0,835.0
568.0,835.0
568.0,836.0
567.0,834.0
567.0,836.0
567.0,836.0
567.0,836.0
568.0,836.0
569.0,836.0
568.0,837.0
568.0,836.0
569.0,837.0
570.0,837.0
570.0,837.0
570.0,837.0
569.0,837.0
569.0,837.0
571.0,837.0
570.0,837.0
570.0,837.0
570.0,836.0
572.0,834.0
573.0,833.0
573.0,832.0
572.0,831.0
569.0,829.0
571.0,829.0
570.0,829.0
571.0,828.0
571.0,827.0
571.0,827.0
571.0,828.0
571.0,828.0
571.0,826.0
571.0,826.0
571.0,827.0
571.0,826.0
572.0,828.0
572.0,827.0
572.0,827.0
572.0,828.0
572.0,828.0
572.0,828.0
572.0,828.0
572.0,827.0
572.0,828.0
572.0,827.0
572.0,827.0
572.0,828.0
573.0,826.0
