x,y
727.0,120.0
727.0,120.0
727.0,119.0
725.0,122.0
724.0,122.0
725.0,123.0
724.0,124.0
723.0,125.0
723.0,127.0
723.0,128.0
724.0,128.0
724.0,129.0
723.0,128.0
724.0,129.0
722.0,130.0
724.0,129.0
723.0,131.0
723.0,129.0
722.0,129.0
723.0,129.0
723.0,129.0
723.0,131.0
723.0,132.0
723.0,131.0
723.0,131.0
723.0,129.0
722.0,129.0
724.0,128.0
722.0,129.0
721.0,129.0
721.0,128.0
721.0,128.0
721.0,127.0
719.0,128.0
723.0,134.0
724.0,141.0
725.0,142.0
726.0,143.0
725.0,143.0
725.0,143.0
725.0,143.0
725.0,143.0
724.0,143.0
723.0,143.0
724.0,143.0
724.0,143.0
724.0,143.0
723.0,143.0
723.0,143.0
723.0,143.0
723.0,143.0
725.0,143.0
727.0,143.0
726.0,143.0
726.0,144.0
726.0,144.0
726.0,144.0
727.0,145.0
727.0,145.0
728.0,145.0
728.0,145.0
728.0,145.0
728.0,144.0
724.0,145.0
729.0,144.0
724.0,144.0
729.0,144.0
724.0,144.0
729.0,143.0
729.0,143.0
728.0,142.0
729.0,143.0
729.0,143.0
730.0,143.0
725.0,142.0
726.0,142.0
726.0,142.0
726.0,141.0
727.0,142.0
729.0,143.0
730.0,143.0
730.0,143.0
732.0,144.0
732.0,144.0
733.0,144.0
732.0,144.0
733.0,144.0
732.0,143.0
732.0,143.0
732.0,143.0
732.0,143.0
731.0,143.0
731.0,144.0
732.0,144.0
732.0,143.0
730.0,142.0
729.0,142.0
728.0,142.0
726.0,142.0
725.0,143.0
