x,y
570.0,765.0
569.0,766.0
570.0,767.0
570.0,767.0
570.0,767.0
570.0,767.0
570.0,767.0
570.0,767.0
570.0,767.0
570.0,767.0
570.0,767.0
570.0,766.0
571.0,767.0
571.0,767.0
571.0,767.0
570.0,768.0
570.0,768.0
570.0,768.0
569.0,766.0
568.0,763.0
568.0,762.0
568.0,762.0
568.0,763.0
568.0,762.0
569.0,763.0
567.0,762.0
568.0,762.0
569.0,762.0
567.0,762.0
569.0,762.0
569.0,762.0
568.0,762.0
568.0,762.0
567.0,761.0
568.0,761.0
565.0,760.0
567.0,759.0
565.0,758.0
564.0,757.0
565.0,756.0
565.0,757.0
566.0,755.0
566.0,755.0
566.0,756.0
566.0,756.0
566.0,755.0
566.0,756.0
566.0,756.0
566.0,756.0
566.0,756.0
566.0,756.0
565.0,755.0
564.0,755.0
564.0,755.0
564.0,754.0
565.0,753.0
565.0,752.0
565.0,752.0
566.0,752.0
567.0,753.0
568.0,752.0
568.0,752.0
567.0,752.0
568.0,752.0
568.0,752.0
568.0,752.0
568.0,752.0
569.0,751.0
569.0,751.0
570.0,751.0
570.0,751.0
570.0,751.0
570.0,751.0
569.0,750.0
569.0,750.0
570.0,751.0
570.0,750.0
570.0,751.0
570.0,750.0
570.0,750.0
571.0,751.0
571.0,751.0
570.0,751.0
570.0,751.0
570.0,751.0
571.0,751.0
572.0,750.0
573.0,750.0
573.0,748.0
574.0,748.0
575.0,747.0
576.0,747.0
576.0,747.0
577.0,747.0
580.0,748.0
579.0,748.0
579.0,748.0
580.0,748.0
579.0,747.0
580.0,748.0
