x,y
724.0,142.0
726.0,141.0
730.0,137.0
726.0,125.0
718.0,116.0
718.0,106.0
717.0,102.0
720.0,98.0
713.0,88.0
704.0,79.0
741.0,89.0
755.0,87.0
762.0,78.0
771.0,58.0
785.0,37.0
808.0,30.0
833.0,25.0
845.0,17.0
858.0,12.0
865.0,9.0
874.0,9.0
874.0,6.0
866.0,9.0
861.0,12.0
854.0,8.0
845.0,4.0
821.0,3.0
820.0,2.0
822.5,2.5
825.0,3.0
818.0,8.0
815.0,14.0
808.0,20.0
799.0,24.0
786.0,33.0
765.0,38.0
747.0,52.0
726.0,61.0
711.0,76.0
706.0,86.0
698.0,94.0
693.0,117.0
684.0,131.0
673.0,135.0
663.0,138.0
651.0,144.0
633.0,148.0
625.0,167.0
613.0,179.0
602.0,189.0
592.0,182.0
588.0,183.0
589.0,185.0
578.0,185.0
574.0,190.0
565.0,196.0
552.0,196.0
548.0,205.0
546.0,203.0
541.0,205.0
539.0,207.0
534.0,213.0
536.0,217.0
529.0,221.0
528.0,222.0
527.0,222.0
526.0,223.0
526.0,224.0
526.0,224.0
524.0,224.0
524.0,224.0
524.0,224.0
524.0,224.0
525.0,224.0
525.0,224.0
526.0,223.0
525.0,224.0
525.0,223.0
525.0,224.0
525.0,225.0
525.0,225.0
524.0,225.0
525.0,224.0
525.0,224.0
525.0,224.0
525.0,224.0
524.0,223.0
524.0,222.0
524.0,223.0
522.0,221.0
521.0,220.0
521.0,220.0
521.0,224.0
520.0,221.0
519.0,224.0
519.0,222.0
520.0,221.0
519.0,222.0
519.0,221.0
519.0,221.0
