x,y
119.0,495.0
119.0,494.0
119.0,494.0
118.0,494.0
119.0,494.0
119.0,494.0
119.0,494.0
119.0,494.0
120.0,494.0
120.0,493.0
121.0,492.0
120.0,491.0
123.0,491.0
121.0,490.0
122.0,489.0
122.0,488.0
121.0,488.0
121.0,487.0
121.0,488.0
121.0,488.0
121.0,488.0
121.0,487.0
121.0,488.0
121.0,487.0
121.0,486.0
121.0,485.0
121.0,483.0
121.0,483.0
120.0,483.0
120.0,484.0
120.0,484.0
120.0,484.0
120.0,483.0
120.0,483.0
119.0,483.0
121.0,483.0
121.0,483.0
119.0,483.0
119.0,482.0
119.0,482.0
119.0,482.0
119.0,482.0
119.0,482.0
119.0,482.0
118.0,482.0
117.0,481.0
117.0,481.0
118.0,481.0
117.0,481.0
116.0,481.0
116.0,481.0
116.0,480.0
116.0,480.0
116.0,480.0
115.0,481.0
114.0,481.0
114.0,480.0
114.0,480.0
114.0,480.0
114.0,481.0
114.0,481.0
114.0,480.0
114.0,481.0
114.0,480.0
113.0,481.0
114.0,480.0
113.0,480.0
113.0,481.0
113.0,480.0
113.0,481.0
114.0,480.0
114.0,480.0
114.0,481.0
114.0,480.0
114.0,480.0
114.0,481.0
114.0,480.0
113.0,481.0
114.0,480.0
115.0,480.0
115.0,480.0
115.0,480.0
115.0,478.0
115.0,479.0
115.0,479.0
115.0,479.0
115.0,478.0
115.0,478.0
115.0,478.0
114.0,477.0
113.0,477.0
112.0,476.0
109.0,477.0
109.0,476.0
108.0,476.0
109.0,475.0
108.0,479.0
105.0,477.0
109.0,478.0
108.0,479.0
