x,y
996.0,571.0
996.0,571.0
996.0,569.0
995.0,570.0
996.0,570.0
996.0,570.0
996.0,570.0
996.0,569.0
995.0,569.0
996.0,570.0
996.0,570.0
996.0,571.0
996.0,571.0
996.0,571.0
996.0,570.0
996.0,570.0
996.0,570.0
996.0,571.0
996.0,571.0
995.0,570.0
994.0,572.0
994.0,573.0
992.0,574.0
992.0,575.0
993.0,576.0
991.0,579.0
992.0,580.0
993.0,578.0
991.0,580.0
993.0,579.0
991.0,577.0
990.0,578.0
990.0,578.0
990.0,577.0
990.0,578.0
990.0,578.0
990.0,577.0
991.0,577.0
992.0,578.0
990.0,577.0
990.0,578.0
990.0,577.0
990.0,577.0
990.0,578.0
990.0,578.0
990.0,578.0
990.0,578.0
990.0,577.0
990.0,577.0
990.0,578.0
991.0,578.0
990.0,577.0
990.0,577.0
990.0,577.0
991.0,577.0
991.0,577.0
991.0,577.0
991.0,578.0
992.0,578.0
992.0,580.0
992.0,579.0
992.0,579.0
993.0,579.0
993.0,580.0
993.0,580.0
994.0,580.0
994.0,579.0
995.0,579.0
998.0,578.0
999.0,576.0
999.0,578.0
999.0,576.0
1000.0,577.0
999.0,577.0
999.0,576.0
998.0,577.0
999.0,577.0
1000.0,575.0
999.0,575.0
995.0,580.0
990.0,588.0
981.0,596.0
972.0,607.0
966.0,611.0
957.0,612.0
945.0,617.0
929.0,625.0
907.0,626.0
881.0,635.0
858.0,643.0
829.0,635.0
805.0,637.0
795.0,630.0
783.0,618.0
776.0,613.0
771.0,610.0
770.0,602.0
762.0,600.0
760.0,590.0
762.0,586.0
