x,y
1073.0,446.0
1043.0,449.0
1017.0,446.0
996.0,454.0
980.0,459.0
971.0,459.0
968.0,460.0
967.0,461.0
964.0,456.0
957.5,457.0
951.0,458.0
942.0,455.0
943.0,452.0
942.0,451.0
941.0,455.0
943.0,451.0
944.0,450.0
945.0,452.0
944.0,452.0
945.0,452.0
944.0,454.0
944.0,455.0
945.0,455.0
945.0,454.0
945.0,455.0
945.0,455.0
945.0,456.0
942.0,456.0
942.0,455.0
942.0,453.0
941.0,452.0
941.0,453.0
941.0,452.0
940.0,452.0
940.0,452.0
939.0,452.0
940.0,452.0
940.0,452.0
940.0,452.0
940.0,451.0
940.0,452.0
940.0,452.0
940.0,453.0
940.0,452.0
940.0,452.0
940.0,453.0
940.0,453.0
940.0,453.0
940.0,453.0
941.0,453.0
941.0,454.0
940.0,452.0
939.0,451.0
940.0,451.0
938.0,450.0
935.0,447.0
930.0,449.0
931.0,450.0
931.0,449.0
931.0,446.0
932.0,446.0
933.0,446.0
933.0,447.0
934.0,446.0
934.0,447.0
934.0,447.0
933.0,447.0
933.0,446.0
932.0,445.0
933.0,444.0
932.0,443.0
931.0,443.0
931.0,442.0
932.0,442.0
932.0,443.0
932.0,442.0
932.0,442.0
933.0,443.0
933.0,442.0
933.0,443.0
933.0,442.0
933.0,443.0
933.0,443.0
933.0,443.0
933.0,444.0
934.0,443.0
934.0,444.0
933.0,444.0
932.0,443.0
931.0,441.0
931.0,441.0
930.0,441.0
930.0,441.0
930.0,441.0
930.0,440.0
930.0,440.0
930.0,440.0
930.0,440.0
930.0,439.0
930.0,441.0
