x,y
1070.0,736.0
1069.0,736.0
1071.0,738.0
1070.0,738.0
1073.0,738.0
1073.0,738.0
1072.0,738.0
1073.0,738.0
1073.0,738.0
1072.0,738.0
1071.0,738.0
1071.0,737.0
1070.0,738.0
1070.0,738.0
1070.0,738.0
1070.0,737.0
1069.0,737.0
1070.0,736.0
1069.0,736.0
1069.0,736.0
1069.0,736.0
1069.0,737.0
1068.0,736.0
1068.0,736.0
1068.0,736.0
1068.0,736.0
1068.0,736.0
1068.0,736.0
1069.0,736.0
1069.0,736.0
1068.0,735.0
1068.0,734.0
1068.0,734.0
1068.0,734.0
1068.0,733.0
1068.0,732.0
1068.0,732.0
1065.0,731.0
1066.0,731.0
1064.0,730.0
1064.0,730.0
1063.0,729.0
1064.0,729.0
1063.0,729.0
1064.0,729.0
1063.0,729.0
1063.0,730.0
1064.0,730.0
1067.0,731.0
1066.0,732.0
1067.0,732.0
1066.0,732.0
1066.0,732.0
1067.0,732.0
1063.0,727.0
1061.0,727.0
1062.0,727.0
1062.0,727.0
1062.0,727.0
1063.0,723.0
1057.0,720.0
1038.0,715.0
1029.0,707.0
1016.0,694.0
1008.0,685.0
1006.0,655.0
1002.0,640.0
995.0,624.0
984.0,592.0
973.0,570.0
958.0,546.0
934.0,518.0
918.0,486.0
902.0,460.0
894.0,422.0
889.0,401.0
888.0,388.0
888.0,381.0
895.0,376.0
894.0,362.0
891.0,356.0
882.0,360.0
878.0,357.0
877.0,357.0
870.0,352.0
879.0,345.0
892.0,340.0
876.0,345.0
876.0,345.0
873.0,342.0
872.0,348.0
867.0,342.0
872.0,342.0
873.0,342.0
870.0,342.0
864.0,342.0
867.0,343.0
863.0,344.0
863.0,343.0
862.0,340.0
