x,y
627.0,922.0
627.0,921.0
627.0,921.0
626.0,920.0
627.0,920.0
627.0,921.0
627.0,922.0
627.0,921.0
626.0,921.0
627.0,920.0
627.0,920.0
627.0,920.0
626.0,919.0
625.0,916.0
624.0,915.0
624.0,915.0
623.0,916.0
623.0,915.0
623.0,914.0
623.0,914.0
624.0,914.0
624.0,913.0
625.0,913.0
625.0,913.0
624.0,913.0
624.0,912.0
623.0,912.0
624.0,914.0
626.0,915.0
626.0,915.0
627.0,916.0
626.0,917.0
625.0,922.0
623.0,926.0
618.0,946.0
613.0,960.0
610.0,974.0
609.0,983.0
603.0,985.0
597.0,985.0
592.0,984.0
582.0,992.0
583.0,999.0
583.0,1007.0
581.0,1007.0
580.0,1003.0
578.0,1004.0
576.0,1005.0
569.0,1006.0
568.0,1012.0
576.0,1024.0
577.0,1029.0
577.0,1040.0
573.0,1043.0
571.5,1044.5
570.0,1046.0
566.0,1044.0
562.0,1038.0
564.1666666666666,1036.3333333333333
566.3333333333334,1034.6666666666667
568.5,1033.0
570.6666666666666,1031.3333333333333
572.8333333333334,1029.6666666666667
575.0,1028.0
558.0,1028.0
554.0,1031.0
557.0,1028.0
558.0,1028.0
558.0,1026.0
552.0,1024.0
555.0,1024.0
549.0,1022.0
549.0,1022.0
548.0,1023.0
548.0,1021.0
548.0,1021.0
547.0,1021.0
547.5,1021.0
548.0,1021.0
548.0,1020.0
550.0,1023.0
548.0,1021.0
548.0,1021.0
548.0,1022.0
548.0,1022.0
548.0,1023.0
549.0,1021.0
548.0,1024.0
549.0,1022.0
549.0,1022.0
548.0,1022.0
548.0,1021.0
549.0,1022.0
548.0,1022.0
549.0,1021.0
548.0,1022.0
548.0,1026.0
546.0,1027.0
546.0,1023.0
546.0,1023.0
