x,y
769.0,390.0
809.0,393.0
848.0,398.0
869.0,403.0
876.0,410.0
881.0,420.0
871.0,414.0
867.0,408.0
858.0,398.0
851.0,381.0
858.0,375.0
865.0,373.0
866.0,376.0
866.0,378.0
860.0,377.0
859.0,377.0
861.0,378.0
863.0,378.0
856.0,375.0
855.0,375.0
854.0,375.0
855.0,375.0
855.0,374.0
858.0,376.0
853.0,375.0
853.0,374.0
852.0,373.0
855.0,367.0
852.0,369.0
854.0,368.0
854.0,367.0
853.0,369.0
853.0,371.0
855.0,371.0
855.0,372.0
855.0,372.0
856.0,372.0
858.0,368.0
859.0,367.0
857.0,368.0
857.0,370.0
859.0,370.0
860.0,369.0
859.0,369.0
860.0,370.0
860.0,369.0
868.0,369.0
861.0,371.0
860.0,369.0
868.0,367.0
863.0,370.0
850.0,378.0
849.0,378.0
847.0,375.0
849.0,378.0
869.0,360.0
870.0,359.0
868.0,358.0
873.0,354.0
880.0,363.0
879.0,363.0
880.0,365.0
871.0,358.0
872.0,359.0
880.0,364.0
880.0,364.0
880.0,363.0
881.0,359.0
881.0,360.0
880.0,364.0
881.0,361.0
880.0,363.0
880.0,364.0
880.0,363.0
880.0,362.0
879.0,363.0
880.0,364.0
881.0,363.0
869.0,355.0
869.0,353.0
868.0,351.0
871.0,362.0
862.0,321.0
867.0,318.0
882.0,330.0
898.0,349.0
885.0,384.0
884.0,420.0
884.0,467.0
883.0,506.0
903.0,536.0
916.0,550.0
923.0,556.0
935.0,546.0
945.0,551.0
963.0,544.0
967.0,549.0
962.0,551.0
964.0,549.0
964.0,548.0
