x,y
213.0,598.0
213.0,597.0
214.0,594.0
214.0,598.0
214.0,594.0
214.0,594.0
212.0,595.0
213.0,596.0
212.0,595.0
212.0,595.0
213.0,595.0
212.0,594.0
211.0,595.0
211.0,593.0
211.0,594.0
212.0,594.0
211.0,593.0
212.0,595.0
212.0,594.0
212.0,595.0
212.0,595.0
212.0,595.0
212.0,594.0
212.0,594.0
212.0,595.0
213.0,595.0
213.0,595.0
212.0,595.0
213.0,595.0
213.0,595.0
213.0,596.0
213.0,596.0
213.0,597.0
210.0,599.0
213.0,597.0
213.0,599.0
212.0,600.0
212.0,599.0
211.0,598.0
209.0,598.0
209.0,598.0
210.0,599.0
209.0,598.0
210.0,603.0
209.0,599.0
208.0,599.0
209.0,604.0
208.0,598.0
207.0,598.0
208.0,598.0
207.0,599.0
208.0,601.0
212.0,604.0
212.0,606.0
212.0,605.0
213.0,605.0
212.0,605.0
209.0,609.0
212.0,606.0
212.0,605.0
211.0,608.0
213.0,605.0
212.0,607.0
212.0,607.0
215.0,606.0
214.0,605.0
215.0,605.0
216.0,603.0
217.0,604.0
216.0,605.0
216.0,605.0
217.0,605.0
216.0,605.0
216.0,605.0
216.0,604.0
217.0,605.0
216.0,604.0
216.0,603.0
216.0,604.0
215.0,603.0
216.0,603.0
214.0,602.0
212.0,603.0
200.0,603.0
210.0,606.0
224.0,619.0
238.0,637.0
266.0,644.0
302.0,658.0
343.0,669.0
375.0,658.0
414.0,642.0
455.0,616.0
510.0,590.0
545.0,552.0
597.0,506.0
635.0,458.0
681.0,413.0
713.0,362.0
730.0,327.0
