x,y
864.0,315.0
864.0,314.0
865.0,314.0
864.0,314.0
864.0,315.0
863.0,315.0
862.0,314.0
862.0,316.0
862.0,315.0
861.0,314.0
861.0,315.0
861.0,314.0
861.0,314.0
862.0,314.0
861.0,314.0
860.0,314.0
860.0,314.0
859.0,313.0
861.0,317.0
859.0,315.0
859.0,315.0
859.0,315.0
859.0,315.0
859.0,315.0
859.0,315.0
858.0,316.0
860.0,315.0
860.0,315.0
861.0,317.0
861.0,317.0
860.0,315.0
860.0,315.0
861.0,316.0
860.0,315.0
860.0,315.0
860.0,316.0
859.0,317.0
858.0,317.0
858.0,318.0
858.0,317.0
858.0,318.0
858.0,319.0
859.0,317.0
858.0,318.0
857.0,317.0
857.0,317.0
857.0,318.0
857.0,319.0
857.0,322.0
859.0,323.0
858.0,323.0
859.0,323.0
858.0,323.0
859.0,324.0
859.0,324.0
861.0,326.0
860.0,326.0
859.0,326.0
859.0,326.0
859.0,326.0
859.0,326.0
859.0,327.0
859.0,326.0
860.0,327.0
861.0,327.0
861.0,326.0
863.0,327.0
864.0,328.0
864.0,328.0
865.0,330.0
864.0,328.0
864.0,330.0
864.0,331.0
864.0,330.0
865.0,330.0
865.0,330.0
865.0,330.0
866.0,330.0
866.0,330.0
866.0,330.0
867.0,331.0
866.0,331.0
866.0,332.0
866.0,333.0
866.0,332.0
864.0,330.0
863.0,330.0
864.0,332.0
863.0,333.0
861.0,331.0
864.0,333.0
864.0,333.0
864.0,333.0
864.0,333.0
863.0,333.0
862.0,333.0
861.0,333.0
859.0,334.0
858.0,335.0
862.0,337.0
