x,y
30.0,482.0
112.0,486.0
183.0,490.0
239.0,495.0
283.0,504.0
306.0,519.0
324.0,527.0
340.0,537.0
336.0,538.0
338.0,540.0
331.0,550.0
329.0,557.0
331.0,569.0
331.0,569.0
332.0,563.0
331.0,571.0
332.0,563.0
331.0,570.0
329.0,567.0
332.0,570.0
331.0,570.0
332.0,569.0
332.0,569.0
332.0,567.0
332.0,568.0
332.0,569.0
330.0,570.0
329.0,571.0
320.0,565.0
322.0,554.0
330.0,529.0
350.0,495.0
379.0,468.0
415.0,443.0
465.0,408.0
517.0,373.0
574.0,365.0
640.0,353.0
693.0,361.0
741.0,365.0
778.0,360.0
800.0,355.0
816.0,363.0
819.0,363.0
828.0,365.0
834.0,359.0
832.0,360.0
849.0,352.0
846.0,362.0
852.0,357.0
852.0,356.0
853.0,357.0
846.0,362.0
849.0,353.0
845.0,362.0
846.0,364.0
845.0,363.0
850.0,354.0
848.0,362.0
848.0,363.0
851.0,357.0
849.0,362.0
852.0,357.0
852.0,358.0
852.0,356.0
853.0,356.0
862.0,357.0
867.0,352.0
870.0,354.0
868.0,353.0
869.0,353.0
869.0,353.0
868.0,355.0
868.0,353.0
869.0,353.0
869.0,354.0
869.0,354.0
869.0,354.0
863.0,351.0
871.0,348.0
872.0,350.0
877.0,355.0
872.0,352.0
875.0,355.0
875.0,354.0
877.0,354.0
875.0,353.0
875.0,353.0
875.0,354.0
875.0,354.0
875.0,354.0
877.0,343.0
892.0,331.0
918.0,308.0
951.0,274.0
958.0,215.0
968.0,151.0
958.0,73.0
929.0,5.0
