x,y
456.0,891.0
460.0,894.5
464.0,898.0
463.0,894.0
463.0,893.0
464.0,893.0
465.0,892.0
469.0,894.0
465.0,890.0
470.0,890.0
472.0,892.0
472.0,893.0
470.0,890.0
472.0,890.0
470.0,889.0
473.0,890.0
474.0,890.0
474.0,890.0
475.0,890.0
581.0,911.0
659.0,922.0
475.0,891.0
474.0,894.0
473.5,893.0
473.0,892.0
473.0,892.0
472.0,891.0
472.0,890.0
476.0,895.0
476.0,895.0
476.0,895.0
478.5,894.5
481.0,894.0
486.0,898.0
484.0,898.0
487.0,898.0
486.0,902.0
488.0,901.0
486.0,900.0
487.0,904.0
488.0,904.0
493.0,901.0
498.0,903.0
494.0,905.0
491.0,904.0
488.0,903.0
490.0,906.0
490.0,904.0
488.0,904.0
489.0,904.0
487.0,902.0
492.0,906.0
490.0,906.0
490.0,906.0
490.0,906.0
489.0,904.0
487.0,903.0
490.0,906.0
490.0,906.0
490.0,907.0
492.0,907.0
490.0,905.0
488.0,904.0
488.0,904.0
488.0,904.0
488.0,904.0
488.0,904.0
488.90909090909093,902.0909090909091
489.8181818181818,900.1818181818181
490.72727272727275,898.2727272727273
491.6363636363636,896.3636363636364
492.54545454545456,894.4545454545455
493.45454545454544,892.5454545454545
494.3636363636364,890.6363636363636
495.27272727272725,888.7272727272727
496.1818181818182,886.8181818181819
497.09090909090907,884.9090909090909
498.0,883.0
498.0,883.0
498.0,882.0
498.0,882.0
498.0,883.0
498.0,883.0
498.0,883.0
498.0,883.0
498.0,883.0
498.0,883.0
497.57142857142856,884.4285714285714
497.14285714285717,885.8571428571429
496.7142857142857,887.2857142857143
496.2857142857143,888.7142857142857
495.85714285714283,890.1428571428571
495.42857142857144,891.5714285714286
495.0,893.0
494.0,891.0
494.6666666666667,891.3333333333334
495.3333333333333,891.6666666666666
496.0,892.0
497.0,892.0
497.0,892.0
