x,y
869.0,334.0
874.0,333.0
879.0,331.0
885.0,330.0
891.0,328.0
898.0,325.0
909.0,328.0
913.0,325.0
917.0,315.0
931.0,314.0
937.0,311.0
951.0,306.0
966.0,305.0
980.0,309.0
997.0,321.0
1003.0,337.0
1027.0,345.0
1044.0,357.0
1079.0,362.0
1105.0,365.0
1148.0,358.0
1186.0,349.0
1229.0,329.0
1260.0,316.0
1295.0,288.0
1313.0,263.0
1342.0,244.0
1362.0,240.0
1372.0,242.0
1374.0,238.0
1376.0,238.0
1389.0,226.0
1395.0,228.0
1407.0,219.0
1419.0,207.0
1412.0,203.0
1424.0,209.0
1418.0,212.0
1417.0,220.0
1430.0,217.0
1428.0,221.0
1429.0,222.0
1434.0,218.0
1430.0,219.0
1425.0,227.0
1429.0,224.0
1429.0,223.0
1429.0,224.0
1428.0,225.0
1427.0,224.0
1428.0,224.0
1429.0,223.0
1431.0,221.0
1430.0,221.0
1429.0,223.0
1429.0,223.0
1428.0,224.0
1429.0,224.0
1429.0,223.0
1428.0,226.0
1430.0,225.0
1431.0,223.0
1430.0,224.0
1427.0,228.0
1427.0,227.0
1432.0,231.0
1432.0,229.0
1433.0,228.0
1434.0,228.0
1435.0,227.0
1434.0,227.0
1435.0,227.0
1434.0,226.0
1435.0,227.0
1434.0,230.0
1433.0,225.0
1434.0,225.0
1435.0,222.0
1436.0,224.0
1436.0,222.0
1436.0,221.0
1436.0,221.0
1434.0,224.0
1435.0,222.0
1435.0,222.0
1435.0,223.0
1436.0,224.0
1434.0,225.0
1434.0,224.0
1435.0,226.0
1435.0,225.0
1435.0,225.0
1436.0,225.0
1435.0,226.0
1434.0,226.0
1436.0,224.0
1434.0,225.0
1434.0,226.0
1434.0,226.0
1434.0,228.0
