x,y
639.0,545.0
640.0,546.0
641.0,546.0
641.0,546.0
643.0,547.0
643.0,546.0
642.0,546.0
643.0,546.0
642.0,545.0
641.0,544.0
642.0,544.0
642.0,545.0
642.0,544.0
642.0,544.0
641.0,543.0
643.0,545.0
643.0,544.0
642.0,544.0
643.0,544.0
644.0,543.0
644.0,543.0
645.0,543.0
646.0,543.0
645.0,542.0
642.0,543.0
643.0,544.0
645.0,543.0
646.0,543.0
646.0,543.0
643.0,543.0
643.0,544.0
642.0,544.0
647.0,541.0
647.0,541.0
642.0,541.0
643.0,543.0
648.0,542.0
647.0,541.0
647.0,541.0
643.0,543.0
642.0,543.0
644.0,542.0
643.0,542.0
642.0,542.0
643.0,542.0
642.0,542.0
642.0,543.0
642.0,543.0
642.0,543.0
642.0,543.0
642.0,544.0
642.0,544.0
641.0,544.0
642.0,544.0
642.0,544.0
641.0,544.0
646.0,542.0
647.0,542.0
653.0,547.0
654.0,548.0
657.0,544.0
653.0,545.0
655.0,542.0
656.0,541.0
657.0,540.0
657.0,541.0
657.0,541.0
658.0,541.0
658.0,540.0
658.0,541.0
659.0,540.0
659.0,539.0
659.0,537.0
658.0,535.0
656.0,534.0
659.0,533.0
659.0,532.0
660.0,531.0
660.0,532.0
656.0,533.0
656.0,532.0
661.0,529.0
655.0,530.0
655.0,530.0
661.0,529.0
660.0,529.0
659.0,529.0
659.0,530.0
659.0,529.0
659.0,528.0
658.0,527.0
657.0,526.0
657.0,525.0
658.0,525.0
657.0,526.0
657.0,526.0
657.0,525.0
656.0,524.0
656.0,524.0
656.0,524.0
