x,y
572.0,377.0
572.0,380.0
572.0,381.0
571.0,382.0
572.0,380.0
571.0,374.0
573.0,379.0
573.0,380.0
573.0,373.0
573.0,374.0
572.0,374.0
572.0,375.0
572.0,375.0
573.0,376.0
572.0,379.0
570.0,383.0
571.0,381.0
568.0,382.0
570.0,382.0
570.0,382.0
568.0,383.0
568.0,383.0
568.0,384.0
568.0,384.0
568.0,385.0
568.0,383.0
568.0,381.0
567.0,381.0
567.0,382.0
565.0,382.0
565.0,387.0
565.0,388.0
564.0,388.0
564.0,388.0
563.0,388.0
561.0,390.0
560.0,391.0
559.0,391.0
558.0,390.0
559.0,389.0
559.0,390.0
559.0,391.0
559.0,391.0
560.0,390.0
558.0,391.0
558.0,391.0
558.0,391.0
558.0,391.0
559.0,392.0
560.0,391.0
559.0,393.0
559.0,393.0
560.0,393.0
560.0,394.0
563.0,396.0
563.0,396.0
564.0,397.0
564.0,397.0
565.0,397.0
565.0,398.0
566.0,398.0
565.0,398.0
564.0,399.0
564.0,399.0
565.0,399.0
565.0,399.0
564.0,399.0
564.0,399.0
565.0,399.0
565.0,399.0
565.0,399.0
566.0,399.0
567.0,400.0
568.0,401.0
572.0,398.0
570.0,400.0
570.0,400.0
573.0,399.0
573.0,399.0
571.0,400.0
572.0,399.0
571.0,400.0
572.0,401.0
574.0,399.0
574.0,398.0
574.0,398.0
574.0,398.0
573.0,400.0
573.0,400.0
573.0,400.0
574.0,400.0
574.0,399.0
574.0,399.0
574.0,399.0
574.0,399.0
574.0,398.0
574.0,399.0
573.0,398.0
573.0,396.0
571.0,394.0
