x,y
20.0,796.0
81.0,763.0
135.0,733.0
194.0,708.0
238.0,679.0
290.0,661.0
343.0,657.0
412.0,650.0
457.0,637.0
506.0,625.0
541.0,618.0
567.0,608.0
591.0,598.0
607.0,587.0
619.0,576.0
623.0,568.0
623.0,559.0
620.0,552.0
620.0,549.0
619.0,556.0
625.0,548.0
624.0,547.0
629.0,543.0
627.0,543.0
628.0,542.0
628.0,543.0
628.0,546.0
628.0,545.0
628.0,544.0
628.0,544.0
627.0,543.0
625.0,543.0
623.0,551.0
626.0,542.0
625.0,542.0
625.0,543.0
622.0,552.0
622.0,552.0
626.0,544.0
625.0,545.0
625.0,545.0
626.0,545.0
627.0,545.0
627.0,544.0
626.0,544.0
627.0,544.0
626.0,544.0
626.0,544.0
619.0,542.0
626.0,545.0
626.0,544.0
618.0,542.0
626.0,545.0
618.0,543.0
619.0,543.0
620.0,541.0
626.0,543.0
625.0,542.0
624.0,539.0
626.0,542.0
622.0,546.0
624.0,546.0
624.0,546.0
624.0,545.0
624.0,545.0
624.0,545.0
624.0,545.0
626.0,546.0
630.0,542.0
631.0,542.0
629.0,546.0
627.0,546.0
622.0,544.0
629.0,547.0
628.0,547.0
631.0,544.0
628.0,547.0
627.0,547.0
628.0,547.0
628.0,546.0
629.0,546.0
629.0,546.0
632.0,546.0
629.0,546.0
629.0,546.0
631.0,542.0
630.0,546.0
632.0,542.0
629.0,546.0
632.0,541.0
629.0,546.0
629.0,546.0
633.0,542.0
634.0,546.0
634.0,545.0
636.0,546.0
637.0,548.0
637.0,544.0
639.0,548.0
639.0,549.0
