x,y
453.0,840.0
449.0,847.0
452.0,839.0
454.0,837.0
454.0,837.0
453.0,837.0
453.0,837.0
454.0,837.0
453.0,838.0
452.0,844.0
452.0,838.0
450.0,843.0
459.0,844.0
448.0,849.0
447.0,846.0
453.0,844.0
453.0,844.0
446.0,848.0
452.0,845.0
447.0,843.0
446.0,842.0
446.0,842.0
446.0,843.0
445.0,843.0
445.0,843.0
445.0,842.0
445.0,842.0
445.0,842.0
445.0,842.0
445.0,842.0
445.0,842.0
445.0,843.0
445.0,842.0
446.0,843.0
445.0,842.0
445.0,842.0
444.0,842.0
444.0,841.0
444.0,842.0
443.0,843.0
442.0,842.0
442.0,842.0
439.0,841.0
440.0,841.0
441.0,841.0
441.0,841.0
442.0,842.0
441.0,842.0
439.0,840.0
431.0,839.0
428.0,837.0
426.0,836.0
426.0,836.0
424.0,836.0
424.0,836.0
425.0,836.0
425.0,836.0
424.0,836.0
423.0,836.0
423.0,835.0
421.0,833.0
421.0,833.0
421.0,833.0
421.0,832.0
421.0,832.0
421.0,833.0
421.0,832.0
422.0,832.0
422.0,832.0
422.0,833.0
424.0,834.0
424.0,834.0
415.0,831.0
393.0,821.0
369.0,820.0
341.0,824.0
289.0,838.0
250.0,877.0
205.0,930.0
169.0,987.0
114.0,1062.0
