x,y
467.0,102.0
470.0,101.0
472.0,99.0
472.0,99.0
470.0,101.0
470.0,102.0
470.0,102.0
469.0,100.0
471.0,98.0
469.0,100.0
468.0,99.0
467.0,99.0
469.0,99.0
470.0,100.0
469.0,100.0
470.0,100.0
466.0,99.0
462.0,97.0
462.0,97.0
463.0,97.0
463.0,95.0
465.0,96.0
465.0,96.0
463.0,96.0
464.0,95.0
463.0,95.0
463.0,94.0
462.0,95.0
461.0,95.0
461.0,94.0
457.0,97.0
456.0,97.0
457.0,96.0
455.0,96.0
455.0,97.0
452.0,94.0
442.0,89.0
433.0,88.0
428.0,99.0
425.0,121.0
419.0,135.0
409.0,151.0
396.0,174.0
375.0,186.0
371.0,191.0
377.0,198.0
380.0,210.0
385.0,218.0
390.0,230.0
381.0,237.0
381.0,237.0
383.0,238.0
386.0,236.0
388.0,245.0
381.0,252.0
364.0,278.0
360.0,300.0
366.0,333.0
384.0,362.0
406.0,393.0
436.0,419.0
455.0,459.0
478.0,499.0
499.0,528.0
509.0,557.0
520.0,567.0
519.0,577.0
523.0,584.0
520.0,588.0
532.0,593.0
519.0,591.0
528.0,590.0
533.0,597.0
533.0,596.0
533.0,595.0
534.0,595.0
533.0,596.0
534.0,594.0
534.0,594.0
535.0,593.0
538.0,593.0
540.0,592.0
541.0,593.0
541.0,593.0
538.0,597.0
540.0,595.0
542.0,594.0
542.0,593.0
542.0,591.0
541.0,593.0
539.0,595.0
540.0,594.0
537.0,596.0
536.0,596.0
536.0,596.0
536.0,595.0
537.0,599.0
550.0,603.0
548.0,603.0
550.0,605.0
