x,y
1902.0,868.0
1888.0,850.0
1868.0,874.0
1857.0,871.0
1848.0,873.0
1844.0,874.0
1840.0,878.0
1838.0,881.0
1836.0,891.0
1833.0,891.0
1833.0,898.0
1827.0,902.0
1814.0,915.0
1809.0,921.0
1807.0,924.0
1801.0,930.0
1792.0,950.0
1788.0,959.0
1782.0,955.0
1782.0,956.0
1776.0,957.0
1774.0,963.0
1766.0,974.0
1760.0,978.0
1753.0,977.0
1743.0,979.0
1733.0,977.0
1722.0,976.0
1702.0,968.0
1668.0,965.0
1635.0,957.0
1589.0,954.0
1563.0,939.0
1516.0,931.0
1469.0,933.0
1438.0,911.0
1407.0,896.0
1382.0,877.0
1359.0,872.0
1341.0,879.0
1320.0,889.0
1315.0,897.0
1310.0,894.0
1305.0,891.0
1300.0,887.0
1293.0,882.0
1290.0,876.0
1288.0,870.0
1293.0,863.0
1290.0,863.0
1293.0,865.0
1295.0,871.0
1285.0,883.0
1282.0,885.0
1268.0,879.0
1264.0,880.0
1255.0,876.0
1242.0,877.0
1235.0,874.0
1225.0,865.0
1209.0,870.0
1201.0,823.0
1193.0,819.0
1185.0,809.0
1176.0,806.0
1169.0,806.0
1166.0,800.0
1159.0,785.0
1154.0,774.0
1154.0,770.0
1147.0,766.0
1140.0,765.0
1139.0,767.0
1136.0,774.0
1132.0,779.0
1126.0,786.0
1128.0,788.0
1126.0,795.0
1127.0,794.0
1128.0,797.0
1126.0,794.0
1129.0,790.0
1129.0,790.0
1127.0,789.0
1128.0,797.0
1128.0,789.0
1135.0,791.0
1126.0,794.0
1126.0,794.0
1126.0,793.0
1124.0,794.0
1123.0,791.0
1122.0,793.0
1122.0,792.0
1122.0,791.0
1121.0,793.0
1122.0,791.0
1121.0,790.0
1117.0,787.0
1117.0,787.0
