x,y
1348.0,944.0
1259.0,890.0
1186.0,872.0
1144.0,870.0
1128.0,884.0
1123.0,901.0
1131.0,921.0
1146.0,959.0
1149.0,984.0
1150.0,1008.0
1137.0,1020.0
1128.0,1032.0
1120.0,1035.0
1120.0,1035.0
1126.0,1033.0
1134.0,1030.0
1131.0,1024.0
1131.0,1021.0
1131.0,1023.0
1130.0,1016.0
1131.0,1019.0
1123.0,1018.0
1119.0,1020.0
1111.0,1022.0
1111.0,1022.0
1114.0,1022.0
1115.0,1020.0
1113.0,1020.0
1108.0,1013.0
1107.0,1013.0
1102.0,1012.0
1100.0,1015.0
1098.0,1013.0
1097.0,1013.0
1095.0,1013.0
1096.0,1010.0
1095.0,1009.0
1096.0,1009.0
1096.0,1010.0
1094.0,1013.0
1096.0,1009.0
1094.0,1008.0
1091.0,1013.0
1090.0,1014.0
1091.0,1014.0
1090.0,1014.0
1090.0,1014.0
1091.0,1015.0
1091.0,1015.0
1091.0,1015.0
1091.0,1015.0
1090.0,1015.0
1092.0,1010.0
1093.0,1012.0
1093.0,1012.0
1092.0,1013.0
1090.0,1018.0
1089.0,1019.0
1089.0,1020.0
1088.0,1019.0
1087.0,1019.0
1086.0,1019.0
1088.0,1020.0
1086.0,1021.0
1087.0,1021.0
1086.0,1022.0
1088.0,1023.0
1086.0,1023.0
1086.0,1023.0
1086.0,1022.0
1086.0,1022.0
1086.0,1022.0
1086.0,1024.0
1076.0,1028.0
1077.0,1030.0
1082.0,1043.0
1065.0,1060.0
1027.0,1052.0
994.0,1057.0
936.0,1043.0
873.0,1025.0
819.0,991.0
751.0,941.0
699.0,899.0
643.0,862.0
582.0,833.0
537.0,821.0
499.0,822.0
478.0,839.0
465.0,848.0
457.0,849.0
456.0,843.0
454.0,842.0
453.0,841.0
455.0,841.0
455.0,839.0
452.0,846.0
453.0,839.0
453.0,838.0
453.0,838.0
