x,y
1727.0,677.0
1727.0,677.0
1727.0,677.0
1727.0,677.0
1727.0,677.0
1727.0,677.0
1727.0,677.0
1728.0,677.0
1728.0,678.0
1728.0,678.0
1726.0,678.0
1727.0,679.0
1727.0,678.0
1727.0,678.0
1727.0,678.0
1726.0,678.0
1727.0,679.0
1727.0,679.0
1727.0,679.0
1727.0,679.0
1727.0,679.0
1728.0,678.0
1727.0,679.0
1727.0,679.0
1728.0,679.0
1728.0,678.0
1728.0,678.0
1727.0,678.0
1728.0,678.0
1728.0,678.0
1728.0,679.0
1728.0,680.0
1729.0,679.0
1729.0,680.0
1727.0,680.0
1728.0,680.0
1728.0,680.0
1726.0,681.0
1726.0,680.0
1729.0,681.0
1731.0,681.0
1729.0,681.0
1729.0,681.0
1730.0,681.0
1729.0,680.0
1730.0,682.0
1729.0,681.0
1731.0,681.0
1731.0,682.0
1730.0,681.0
1729.0,682.0
1729.0,682.0
1729.0,685.0
1730.0,682.0
1730.0,684.0
1727.0,682.0
1729.0,682.0
1727.0,680.0
1728.0,682.0
1729.0,683.0
1730.0,682.0
1727.0,681.0
1728.0,681.0
1728.0,682.0
1728.0,684.0
1730.0,681.0
1729.0,683.0
1730.0,683.0
1729.0,682.0
1731.0,683.0
1731.0,683.0
1730.0,683.0
1730.0,683.0
1732.0,686.0
1732.0,686.0
1734.0,685.0
1732.0,686.0
1731.0,685.0
1731.0,684.0
1734.0,687.0
1733.0,688.0
1732.0,687.0
1732.0,686.0
1732.0,687.0
1732.0,685.0
1733.0,687.0
1734.0,687.0
1734.0,687.0
1734.0,687.0
1735.0,687.0
1734.0,688.0
1734.0,688.0
1735.0,688.0
1735.0,688.0
1735.0,688.0
1735.0,687.0
1735.0,688.0
1735.0,687.0
1735.0,687.0
1736.0,688.0
