x,y
892.0,699.0
891.0,698.0
888.0,694.0
888.0,692.0
885.0,695.0
885.0,694.0
883.0,694.0
885.0,695.0
884.0,694.0
884.0,694.0
884.0,695.0
885.0,692.0
885.0,692.0
885.0,691.0
885.0,692.0
885.0,692.0
885.0,691.0
883.0,690.0
885.0,692.0
885.0,693.0
885.0,692.0
884.0,693.0
885.0,694.0
885.0,694.0
885.0,693.0
885.0,693.0
885.0,693.0
885.0,692.0
886.0,692.0
886.0,691.0
885.0,691.0
885.0,691.0
886.0,691.0
885.0,691.0
883.0,693.0
882.0,694.0
881.0,696.0
881.0,700.0
881.0,699.0
880.0,700.0
880.0,700.0
879.0,700.0
879.0,700.0
879.0,700.0
879.0,699.0
878.0,701.0
878.0,701.0
878.0,700.0
878.0,700.0
877.0,700.0
877.0,701.0
877.0,700.0
877.0,701.0
877.0,701.0
876.0,702.0
876.5,702.0
877.0,702.0
877.0,702.0
877.0,702.0
877.0,702.0
877.0,702.0
876.0,702.0
877.0,702.0
877.0,702.0
877.0,702.0
877.0,702.0
877.0,702.0
877.0,702.0
877.0,702.0
877.0,702.0
877.0,702.0
877.0,702.0
876.0,702.0
875.0,703.0
877.0,705.0
876.0,704.0
876.0,705.0
878.0,704.0
879.0,700.0
881.0,695.0
887.0,694.0
900.0,701.0
919.0,706.0
923.0,708.0
935.0,708.0
948.0,709.0
957.0,708.0
972.0,706.0
979.0,697.0
980.0,688.0
980.0,669.0
979.0,652.0
975.0,637.0
972.0,633.0
971.0,625.0
969.0,612.0
970.0,597.0
967.0,575.0
963.0,557.0
955.0,542.0
