x,y
820.0,523.0
819.0,522.0
819.0,521.0
819.0,521.0
820.0,521.0
819.0,520.0
819.0,520.0
819.0,520.0
819.0,519.0
818.0,519.0
818.0,519.0
817.0,518.0
817.0,519.0
817.0,519.0
817.0,519.0
817.0,519.0
818.0,518.0
818.0,519.0
818.0,519.0
817.0,519.0
817.0,519.0
817.0,519.0
818.0,519.0
819.0,520.0
820.0,524.0
824.0,530.0
820.0,524.0
813.0,507.0
812.0,508.0
812.0,507.0
811.0,506.0
820.0,530.0
821.0,531.0
821.0,531.0
821.0,531.0
823.0,532.0
822.0,532.0
821.0,532.0
821.0,531.0
821.0,530.0
820.0,531.0
821.0,531.0
821.0,531.0
820.0,531.0
820.0,530.0
821.0,530.0
821.0,530.0
821.0,530.0
822.0,530.0
822.0,530.0
821.0,530.0
822.0,530.0
821.0,530.0
822.0,530.0
822.0,530.0
821.0,530.0
822.0,530.0
822.0,530.0
822.0,531.0
822.0,530.0
822.0,531.0
821.0,530.0
821.0,529.0
821.0,529.0
821.0,529.0
822.0,530.0
822.0,530.0
822.0,530.0
822.0,530.0
822.0,530.0
821.0,530.0
820.0,529.0
821.0,530.0
821.0,532.0
820.0,531.0
821.0,532.0
823.0,533.0
823.0,533.0
822.0,533.0
822.0,533.0
822.0,533.0
822.0,533.0
822.0,533.0
821.0,533.0
822.0,533.0
821.0,533.0
821.0,534.0
822.0,534.0
821.0,534.0
821.0,534.0
821.0,534.0
820.0,534.0
820.0,534.0
821.0,535.0
821.0,535.0
820.0,536.0
821.0,536.0
821.0,536.0
821.0,536.0
822.0,535.0
