x,y
1130.0,692.0
1130.0,715.0
1134.0,731.0
1134.0,742.0
1136.0,744.0
1142.0,745.0
1148.0,758.0
1150.0,768.0
1145.0,779.0
1144.0,791.0
1145.0,800.0
1134.0,812.0
1126.0,818.0
1111.0,829.0
1114.0,851.0
1119.0,856.0
1147.0,847.0
1150.0,850.0
1151.0,853.0
1142.0,882.0
1144.0,887.0
1150.0,897.0
1161.0,904.0
1161.0,907.0
1165.0,906.0
1163.0,907.0
1165.0,906.0
1164.0,905.0
1164.0,911.0
1168.0,905.0
1168.0,903.0
1168.0,902.0
1168.0,903.0
1168.0,903.0
1168.0,902.0
1169.0,909.0
1173.0,906.0
1167.0,908.0
1167.0,911.0
1169.0,910.0
1173.0,909.0
1171.0,911.0
1172.0,911.0
1171.0,910.0
1171.0,911.0
1172.0,911.0
1172.0,911.0
1172.0,912.0
1172.0,912.0
1172.0,912.0
1173.0,912.0
1172.0,912.0
1173.0,913.0
1173.0,913.0
1175.0,913.0
1176.0,914.0
1176.0,915.0
1176.0,915.0
1175.0,916.0
1175.0,916.0
1176.0,918.0
1176.0,917.0
1176.0,918.0
1176.0,917.0
1177.0,919.0
1176.0,917.0
1175.0,916.0
1176.0,918.0
1176.0,916.0
1177.0,916.0
1178.0,915.0
1177.0,915.0
1176.0,917.0
1177.0,921.0
1174.0,918.0
1173.0,918.0
1174.0,918.0
1174.0,918.0
1173.0,918.0
1174.0,918.0
1173.0,918.0
1173.0,918.0
1173.0,918.0
1173.0,917.0
1173.0,918.0
1173.0,918.0
1173.0,917.0
1173.0,917.0
1172.0,916.0
1172.0,915.0
1173.0,916.0
1169.0,918.0
1169.0,916.0
1162.0,920.0
1162.0,911.0
1147.0,923.0
1130.0,929.0
1122.0,929.0
1108.0,946.0
1091.0,948.0
