x,y
884.0,456.0
884.0,456.0
884.0,456.0
884.0,456.0
883.0,456.0
883.0,456.0
884.0,456.0
884.0,456.0
884.0,456.0
885.0,456.0
885.0,456.0
885.0,456.0
885.0,456.0
885.0,456.0
885.0,457.0
885.0,456.0
885.0,457.0
885.0,457.0
885.0,457.0
885.0,457.0
885.0,457.0
885.0,458.0
885.0,458.0
885.0,459.0
885.0,459.0
885.0,459.0
885.0,460.0
885.0,460.0
886.0,462.0
890.0,460.0
885.0,461.0
885.0,463.0
886.0,465.0
887.0,465.0
888.0,466.0
886.0,466.0
888.0,468.0
885.0,467.0
888.0,468.0
888.0,468.0
889.0,469.0
886.0,467.0
889.0,469.0
887.0,469.0
886.0,469.0
886.0,470.0
886.0,469.0
886.0,467.0
887.0,467.0
887.0,468.0
887.0,468.0
887.0,469.0
886.0,470.0
886.0,470.0
886.0,471.0
885.0,471.0
884.0,470.0
884.0,470.0
883.0,471.0
883.0,471.0
882.0,472.0
883.0,471.0
882.0,471.0
882.0,471.0
882.0,471.0
882.0,472.0
881.0,471.0
881.0,471.0
882.0,472.0
882.0,472.0
882.0,471.0
882.0,471.0
883.0,471.0
882.0,471.0
883.0,471.0
883.0,471.0
882.0,471.0
884.0,471.0
885.0,471.0
885.0,470.0
886.0,470.0
892.0,468.0
894.0,470.0
896.0,480.0
904.0,499.0
911.0,517.0
927.0,536.0
951.0,541.0
965.0,555.0
975.0,576.0
977.0,585.0
978.0,587.0
976.0,587.0
970.0,586.0
962.0,587.0
958.0,587.0
967.0,590.0
978.0,594.0
973.0,596.0
963.0,610.0
