x,y
1641.0,444.0
1641.0,442.0
1642.0,442.0
1638.0,438.0
1641.0,445.0
1639.0,439.0
1641.0,440.0
1644.0,445.0
1643.0,446.0
1643.0,446.0
1643.0,442.0
1645.0,447.0
1646.0,447.0
1646.0,447.0
1645.0,443.0
1645.0,443.0
1645.0,443.0
1646.0,443.0
1646.0,443.0
1646.0,447.0
1647.0,448.0
1646.0,448.0
1646.0,448.0
1646.0,448.0
1645.0,448.0
1645.0,448.0
1645.0,447.0
1645.0,446.0
1645.0,447.0
1645.0,447.0
1646.0,447.0
1645.0,447.0
1646.0,447.0
1646.0,447.0
1646.0,447.0
1647.0,447.0
1647.0,448.0
1647.0,447.0
1647.0,447.0
1647.0,447.0
1648.0,447.0
1647.0,447.0
1647.0,447.0
1646.0,447.0
1647.0,448.0
1646.0,447.0
1646.0,447.0
1646.0,447.0
1647.0,447.0
1647.0,448.0
1646.0,448.0
1645.0,447.0
1644.0,446.0
1647.0,448.0
1649.0,447.0
1653.0,448.0
1654.0,448.0
1656.0,449.0
1656.0,449.0
1657.0,449.0
1657.0,448.0
1657.0,448.0
1656.0,449.0
1656.0,448.0
1656.0,448.0
1656.0,448.0
1656.0,449.0
1655.0,448.0
1661.0,451.0
1655.0,448.0
1641.0,451.0
1655.0,450.0
1654.0,449.0
1653.0,448.0
1652.0,448.0
1654.0,448.0
1664.0,447.0
1656.0,447.0
1643.0,450.0
1643.0,449.0
1643.0,449.0
1643.0,449.0
1641.0,449.0
1641.0,450.0
1642.0,449.0
1642.0,450.0
1657.0,448.0
1657.0,448.0
1657.0,448.0
1657.0,448.0
1657.0,448.0
1658.0,448.0
1657.0,447.0
1657.0,447.0
1657.0,448.0
1657.0,448.0
1657.0,448.0
1658.0,448.0
1658.0,447.0
1658.0,448.0
