x,y
152.0,818.0
145.0,817.0
147.0,818.0
153.0,814.0
147.0,812.0
145.0,813.0
147.0,813.0
146.0,813.0
149.0,821.0
146.0,813.0
146.0,813.0
147.0,813.0
146.0,813.0
145.0,813.0
145.0,814.0
145.0,814.0
145.0,814.0
145.0,814.0
145.0,815.0
145.0,815.0
153.0,818.0
155.0,832.0
155.0,832.0
154.0,833.0
155.0,835.0
155.0,835.0
155.0,835.0
155.0,836.0
155.0,836.0
155.0,836.0
154.0,836.0
154.0,836.0
153.0,836.0
153.0,836.0
153.0,836.0
152.0,837.0
152.0,836.0
152.0,836.0
153.0,834.0
153.0,835.0
154.0,820.0
154.0,807.0
148.0,812.0
148.0,812.0
154.0,815.0
149.0,810.0
155.0,813.0
154.0,813.0
153.0,811.0
153.0,811.0
154.0,810.0
154.0,810.0
151.0,809.0
151.0,808.0
151.0,808.0
151.0,808.0
151.0,807.0
153.0,801.0
154.0,800.0
155.0,800.0
154.0,798.0
154.0,799.0
154.0,799.0
154.0,798.0
154.0,798.0
152.0,798.0
151.0,798.0
152.0,798.0
150.0,802.0
152.0,798.0
152.0,798.0
152.0,802.0
153.0,798.0
152.0,798.0
153.0,798.0
153.0,798.0
152.0,798.0
152.0,798.0
153.0,798.0
153.0,798.0
153.0,799.0
154.0,798.0
154.0,798.0
157.0,798.0
158.0,797.0
158.0,798.0
158.0,797.0
158.0,797.0
157.0,797.0
157.0,797.0
157.0,797.0
157.0,797.0
157.0,798.0
158.0,798.0
158.0,798.0
158.0,798.0
158.0,799.0
156.0,798.0
158.0,800.0
157.0,799.0
