x,y
1658.0,448.0
1658.0,448.0
1658.0,448.0
1658.0,448.0
1658.0,448.0
1658.0,448.0
1659.0,447.0
1660.0,446.0
1660.0,445.0
1660.0,445.0
1661.0,445.0
1660.0,445.0
1660.0,445.0
1660.0,445.0
1662.0,446.0
1662.0,445.0
1662.0,445.0
1662.0,445.0
1662.0,445.0
1663.0,445.0
1662.0,445.0
1662.0,444.0
1662.0,444.0
1662.0,444.0
1662.0,444.0
1661.0,444.0
1661.0,444.0
1661.0,444.0
1661.0,444.0
1660.0,444.0
1661.0,444.0
1661.0,444.0
1661.0,444.0
1661.0,443.0
1661.0,443.0
1660.0,444.0
1660.0,444.0
1660.0,443.0
1660.0,443.0
1659.0,442.0
1659.0,442.0
1661.0,442.0
1662.0,442.0
1661.0,442.0
1661.0,442.0
1662.0,442.0
1662.0,442.0
1662.0,442.0
1662.0,442.0
1662.0,441.0
1662.0,442.0
1662.0,442.0
1662.0,442.0
1663.0,442.0
1662.0,442.0
1662.0,442.0
1662.0,442.0
1662.0,442.0
1662.0,442.0
1662.0,442.0
1663.0,442.0
1662.0,441.0
1662.0,442.0
1662.0,441.0
1663.0,442.0
1663.0,442.0
1663.0,442.0
1663.0,442.0
1663.0,442.0
1663.0,442.0
1663.0,442.0
1663.0,442.0
1663.0,442.0
1663.0,442.0
1663.0,442.0
1664.0,442.0
1664.0,442.0
1664.0,442.0
1664.0,441.0
1664.0,441.0
1665.0,441.0
1665.0,441.0
1665.0,441.0
1665.0,441.0
1666.0,440.0
1668.0,437.0
1668.0,437.0
1668.0,437.0
1668.0,436.0
1670.0,436.0
1670.0,436.0
1670.0,435.0
1671.0,436.0
1670.0,435.0
1670.0,435.0
1670.0,436.0
1671.0,437.0
1671.0,437.0
1671.0,437.0
1670.0,436.0
