x,y
1141.0,231.0
1141.0,231.0
1142.0,232.0
1142.0,232.0
1142.0,232.0
1142.0,232.0
1143.0,232.0
1143.0,232.0
1143.0,231.0
1144.0,231.0
1144.0,229.0
1148.0,224.0
1149.0,224.0
1148.0,224.0
1148.0,225.0
1149.0,225.0
1148.0,224.0
1145.0,229.0
1145.0,229.0
1146.0,227.0
1145.0,229.0
1145.0,229.0
1145.0,229.0
1146.0,228.0
1147.0,227.0
1147.0,226.0
1147.0,225.0
1148.0,224.0
1148.0,223.0
1148.0,222.0
1149.0,220.0
1146.0,219.0
1148.0,220.0
1147.0,220.0
1149.0,219.0
1147.0,221.0
1148.0,218.0
1148.0,217.0
1148.0,220.0
1148.0,220.0
1148.0,220.0
1148.0,221.0
1148.0,221.0
1150.0,217.0
1149.0,216.0
1148.0,211.0
1147.0,214.0
1153.0,208.0
1145.0,200.0
1149.0,200.0
1142.0,200.0
1141.0,197.0
1141.0,197.0
1141.0,197.0
1140.0,197.0
1140.0,197.0
1140.0,198.0
1140.0,198.0
1139.0,199.0
1139.0,199.0
1139.0,199.0
1139.0,200.0
1138.0,200.0
1138.0,200.0
1138.0,200.0
1138.0,201.0
1136.0,201.0
1136.0,201.0
1136.0,200.0
1135.0,201.0
1135.0,204.0
1134.0,204.0
1134.0,203.0
1135.0,204.0
1135.0,204.0
1134.0,204.0
1134.0,205.0
1133.0,206.0
1130.0,211.0
1129.0,210.0
1129.0,211.0
1128.0,212.0
1127.0,211.0
1128.0,211.0
1132.0,212.0
1131.0,213.0
1131.0,214.0
1131.0,213.0
1131.0,213.0
1130.0,214.0
1131.0,216.0
1132.0,215.0
1133.0,216.0
1133.0,217.0
1134.0,218.0
1134.0,218.0
1134.0,217.0
1135.0,217.0
1135.0,218.0
1135.0,218.0
