x,y
952.0,974.0
952.0,975.0
953.0,974.0
952.0,974.0
952.0,973.0
952.0,975.0
952.0,975.0
953.0,974.0
953.0,974.0
953.0,975.0
953.0,974.0
953.0,975.0
953.0,974.0
953.0,974.0
952.0,973.0
954.0,972.0
957.0,970.0
961.0,970.0
961.0,969.0
961.0,968.0
964.0,969.0
963.0,971.0
965.0,972.0
964.0,970.0
963.0,970.0
966.0,971.0
967.0,972.0
967.0,974.0
966.0,974.0
966.0,975.0
967.0,975.0
966.0,975.0
967.0,974.0
966.0,975.0
967.0,975.0
967.0,974.0
968.0,977.0
970.0,978.0
968.0,982.0
969.0,979.0
969.0,980.0
969.0,980.0
970.0,979.0
968.0,981.0
968.0,981.0
969.0,981.0
969.0,980.0
969.0,980.0
969.0,979.0
969.0,981.0
969.0,980.0
969.0,981.0
969.0,982.0
970.0,981.0
970.0,982.0
970.0,982.0
970.0,982.0
970.0,982.0
970.0,982.0
970.0,982.0
970.0,982.0
970.0,982.0
970.0,981.0
969.0,982.0
969.0,982.0
970.0,981.0
970.0,981.0
970.0,982.0
969.0,982.0
970.0,983.0
969.0,984.0
969.0,985.0
966.0,983.0
965.0,982.0
965.0,984.0
962.0,983.0
960.0,983.0
961.0,982.0
960.0,983.0
959.0,983.0
960.0,987.0
957.0,984.0
957.0,985.0
955.0,984.0
957.0,984.0
957.0,984.0
956.0,984.0
955.0,984.0
955.0,984.0
954.0,984.0
954.0,984.0
954.0,984.0
955.0,984.0
955.0,984.0
954.0,983.0
954.0,982.0
954.0,982.0
954.0,982.0
954.0,982.0
954.0,981.0
