x,y
1265.0,751.0
1263.0,747.0
1263.0,747.0
1264.0,748.0
1266.0,752.0
1265.0,747.0
1265.0,747.0
1265.0,747.0
1265.0,747.0
1264.0,747.0
1264.0,747.0
1265.0,746.0
1268.0,747.0
1268.0,748.0
1268.0,748.0
1269.0,747.0
1268.0,748.0
1268.0,748.0
1269.0,748.0
1268.0,748.0
1269.0,748.0
1269.0,748.0
1269.0,747.0
1269.0,745.0
1268.0,745.0
1269.0,746.0
1270.0,746.0
1270.0,747.0
1270.0,746.0
1269.0,745.0
1269.0,745.0
1268.0,745.0
1269.0,745.0
1268.0,746.0
1268.0,746.0
1268.0,745.0
1268.0,745.0
1268.0,744.0
1268.0,744.0
1268.0,744.0
1268.0,744.0
1268.0,744.0
1268.0,744.0
1275.0,745.0
1277.0,744.0
1277.0,744.0
1279.0,742.0
1282.0,741.0
1285.0,741.0
1287.0,740.0
1287.0,741.0
1287.0,740.0
1287.0,742.0
1289.0,742.0
1290.0,741.0
1290.0,740.0
1290.0,739.0
1290.0,741.0
1291.0,740.0
1291.0,741.0
1291.0,741.0
1291.0,742.0
1291.0,741.0
1291.0,741.0
1290.0,741.0
1290.0,741.0
1290.0,742.0
1291.0,740.0
1290.0,742.0
1292.0,741.0
1292.0,741.0
1294.0,742.0
1295.0,740.0
1295.0,740.0
1296.0,745.0
1297.0,745.0
1298.0,739.0
1297.0,739.0
1298.0,739.0
1295.0,743.0
1296.0,743.0
1296.0,743.0
1296.0,744.0
1297.0,740.0
1297.0,744.0
1297.0,745.0
1296.0,746.0
1296.0,746.0
1296.0,747.0
1296.0,746.0
1296.0,746.0
1296.0,746.0
1297.0,745.0
1296.0,745.0
1296.0,746.0
1296.0,745.0
1296.0,746.0
1297.0,745.0
1296.0,745.0
1296.0,745.0
