x,y
1487.0,134.0
1487.0,134.0
1488.0,134.0
1488.0,134.0
1488.0,134.0
1488.0,134.0
1488.0,133.0
1489.0,134.0
1489.0,133.0
1488.0,133.0
1488.0,134.0
1488.0,133.0
1488.0,134.0
1488.0,134.0
1488.0,134.0
1489.0,134.0
1489.0,134.0
1488.0,134.0
1489.0,133.0
1491.0,131.0
1492.0,131.0
1493.0,132.0
1492.0,132.0
1494.0,132.0
1493.0,132.0
1492.0,133.0
1493.0,134.0
1492.0,133.0
1493.0,133.0
1492.0,133.0
1492.0,132.0
1492.0,131.0
1492.0,132.0
1492.0,132.0
1493.0,133.0
1497.0,134.0
1497.0,133.0
1496.0,133.0
1499.0,132.0
1497.0,132.0
1497.0,133.0
1499.0,133.0
1495.0,127.0
1500.0,135.0
1500.0,133.0
1500.0,135.0
1498.0,128.0
1498.0,127.0
1499.0,128.0
1500.0,128.0
1502.0,133.0
1500.0,128.0
1504.0,133.0
1501.0,127.0
1502.0,128.0
1501.0,128.0
1501.0,128.0
1501.0,128.0
1501.0,127.0
1501.0,128.0
1501.0,128.0
1502.0,129.0
1503.0,130.0
1507.0,133.0
1507.0,133.0
1507.0,132.0
1506.0,135.0
1508.0,136.0
1513.0,141.0
1511.0,139.0
1511.0,139.0
1513.0,141.0
1513.0,141.0
1513.0,141.0
1513.0,142.0
1513.0,142.0
1513.0,141.0
1512.0,141.0
1512.0,141.0
1512.0,142.0
1514.0,141.0
1514.0,141.0
1513.0,142.0
1511.0,142.0
1511.0,142.0
1510.0,142.0
1511.0,142.0
1511.0,142.0
1510.0,142.0
1510.0,142.0
1510.0,142.0
1510.0,143.0
1509.0,143.0
1509.0,143.0
1509.0,143.0
1509.0,143.0
1510.0,143.0
1509.0,143.0
1510.0,137.0
1511.0,138.0
