x,y
1883.2222222222222,881.8703703703703
1883.4444444444443,881.4074074074074
1883.6666666666667,880.9444444444445
1883.888888888889,880.4814814814815
1884.111111111111,880.0185185185185
1884.3333333333333,879.5555555555555
1884.5555555555557,879.0925925925926
1884.7777777777778,878.6296296296297
1885.0,878.1666666666666
1885.2222222222222,877.7037037037037
1885.4444444444443,877.2407407407408
1885.6666666666667,876.7777777777778
1885.888888888889,876.3148148148148
1886.111111111111,875.8518518518518
1886.3333333333333,875.3888888888889
1886.5555555555557,874.925925925926
1886.7777777777778,874.4629629629629
1887.0,874.0
1887.0,873.0
