x,y
1648.0,370.0
1648.0,370.0
1648.0,370.0
1649.0,371.0
1647.0,371.0
1649.0,369.0
1649.0,369.0
1647.0,369.0
1647.0,369.0
1644.0,369.0
1644.0,369.0
1643.0,368.0
1642.0,369.0
1644.0,370.0
1643.0,370.0
1643.0,370.0
1643.0,370.0
1643.0,371.0
1643.0,369.0
1644.0,370.0
1644.0,371.0
1643.0,369.0
1642.0,369.0
1643.0,371.0
1647.0,372.0
1653.0,371.0
1657.0,374.0
1664.0,375.0
1664.0,380.0
1671.0,376.0
1680.0,365.0
1668.0,342.0
1672.0,318.0
1655.0,307.0
1633.0,298.0
1600.0,313.0
1549.0,337.0
1504.0,379.0
1448.0,422.0
1382.0,471.0
1312.0,511.0
1231.0,543.0
1142.0,562.0
1061.0,573.0
980.0,589.0
895.0,604.0
826.0,629.0
756.0,664.0
687.0,695.0
636.0,707.0
593.0,707.0
565.0,714.0
528.0,722.0
511.0,727.0
501.0,723.0
503.0,726.0
500.0,726.0
491.0,728.0
484.0,719.0
478.0,724.0
476.0,724.0
481.0,719.0
488.0,720.0
489.0,713.0
490.0,713.0
490.0,714.0
481.0,717.0
487.0,714.0
488.0,713.0
490.0,714.0
484.0,717.0
490.0,712.0
490.0,713.0
489.0,713.0
489.0,713.0
490.0,713.0
489.0,713.0
490.0,712.0
489.0,712.0
486.0,711.0
487.0,712.0
487.0,712.0
488.0,712.0
488.0,711.0
487.0,712.0
487.0,712.0
487.0,712.0
487.0,712.0
488.0,712.0
487.0,711.0
488.0,712.0
487.0,710.0
485.0,710.0
484.0,710.0
486.0,711.0
485.0,710.0
485.0,710.0
485.0,708.0
484.0,710.0
485.0,709.0
