x,y
1169.0,741.0
1170.0,741.0
1169.0,741.0
1169.0,741.0
1169.0,741.0
1171.0,741.0
1171.0,741.0
1169.0,741.0
1171.0,742.0
1171.0,742.0
1171.0,742.0
1171.0,743.0
1171.0,743.0
1172.0,742.0
1173.0,742.0
1174.0,743.0
1173.0,741.0
1175.0,742.0
1175.0,741.0
1174.0,741.0
1174.0,742.0
1174.0,743.0
1174.0,742.0
1174.0,743.0
1175.0,742.0
1178.0,742.0
1179.0,739.0
1181.0,740.0
1180.0,740.0
1180.0,739.0
1179.0,738.0
1178.0,738.0
1178.0,738.0
1178.0,738.0
1178.0,738.0
1178.0,739.0
1178.0,738.0
1178.0,736.0
1178.0,736.0
1180.0,737.0
1183.0,738.0
1184.0,736.0
1186.0,738.0
1186.0,737.0
1187.0,737.0
1186.0,737.0
1187.0,737.0
1186.0,738.0
1186.0,737.0
1186.0,738.0
1187.0,737.0
1182.6,738.0
1178.2,739.0
1173.8,740.0
1169.4,741.0
1165.0,742.0
1171.3333333333333,742.3333333333334
1177.6666666666667,742.6666666666666
1184.0,743.0
1186.0,740.0
1187.0,739.0
1187.0,739.0
1185.0,742.0
1185.0,743.0
1189.0,745.0
1188.0,744.0
1190.0,744.0
1189.0,744.0
1191.0,744.0
1191.0,744.0
1191.0,744.0
1191.0,744.0
1191.0,743.0
1192.0,744.0
1192.0,745.0
1192.0,744.0
1194.0,746.0
1195.0,745.0
1194.0,754.0
1198.0,754.0
1216.0,748.0
1215.0,743.0
1225.0,743.0
1225.0,738.0
1235.0,746.0
1237.0,753.0
1244.0,754.0
1252.0,747.0
1250.0,755.0
1257.0,750.0
1254.0,747.0
1257.0,745.0
1261.0,746.0
1261.0,746.0
1264.0,749.0
1263.0,749.0
1263.0,750.0
1264.0,752.0
1264.0,752.0
1265.0,753.0
