x,y
1764.0,736.0
1735.0,725.0
1716.0,721.0
1679.0,725.0
1641.0,728.0
1600.0,744.0
1568.0,753.0
1532.0,761.0
1507.0,755.0
1488.0,745.0
1474.0,734.0
1457.0,712.0
1447.0,694.0
1430.0,691.0
1419.0,686.0
1412.0,677.0
1402.0,665.0
1406.0,668.0
1408.0,665.0
1397.0,664.0
1398.0,657.0
1395.0,658.0
1395.0,657.0
1395.0,658.0
1394.0,659.0
1394.0,659.0
1393.0,659.0
1393.0,659.0
1393.0,660.0
1399.0,659.0
1398.0,659.0
1399.0,659.0
1393.0,659.0
1393.0,659.0
1394.0,659.0
1394.0,659.0
1394.0,659.0
1394.0,659.0
1394.0,659.0
1399.0,660.0
1399.0,660.0
1399.0,659.0
1400.0,660.0
1400.0,660.0
1399.0,659.0
1399.0,659.0
1395.0,659.0
1395.0,659.0
1395.0,660.0
1396.0,659.0
1396.0,657.0
1395.0,656.0
1395.0,656.0
1395.0,656.0
1393.0,654.0
1394.0,654.0
1398.0,652.0
1396.0,654.0
1396.0,654.0
1396.0,654.0
1397.0,654.0
1396.0,653.0
1395.0,654.0
1396.0,653.0
1395.0,653.0
1396.0,652.0
1395.0,652.0
1396.0,652.0
1396.0,653.0
1395.0,653.0
1394.0,652.0
1394.0,651.0
1392.0,648.0
1391.0,645.0
1392.0,647.0
1392.0,646.0
1392.0,645.0
1391.0,646.0
1390.0,638.0
1389.0,637.0
1390.0,642.0
1390.0,642.0
1391.0,643.0
1391.0,643.0
1390.0,639.0
1392.0,643.0
1390.0,639.0
1391.0,640.0
1390.0,635.0
1390.0,633.0
1389.0,630.0
1389.0,630.0
1387.0,632.0
1388.0,632.0
1390.0,634.0
1390.0,639.0
1391.0,637.0
1392.0,632.0
1393.0,631.0
1394.0,628.0
