x,y
478.0,808.0
478.0,807.0
478.0,807.0
477.0,806.0
477.0,807.0
477.0,806.0
477.0,804.0
477.0,805.0
478.0,804.0
477.0,804.0
477.0,803.0
477.0,804.0
478.0,804.0
478.0,804.0
477.0,802.0
478.0,803.0
479.0,803.0
479.0,803.0
478.0,803.0
479.0,804.0
479.0,803.0
479.0,803.0
479.0,803.0
479.0,802.0
479.0,803.0
479.0,802.0
479.0,802.0
479.0,802.0
479.0,802.0
478.0,801.0
479.0,801.0
478.0,800.0
478.0,801.0
478.0,800.0
479.0,799.0
479.0,799.0
480.0,798.0
479.0,797.0
479.0,798.0
476.0,799.0
475.0,798.0
478.0,798.0
475.0,799.0
478.0,798.0
475.0,798.0
475.0,798.0
475.0,799.0
478.0,798.0
478.0,798.0
478.0,798.0
479.0,797.0
478.0,797.0
478.0,797.0
478.0,797.0
478.0,797.0
478.0,797.0
475.0,798.0
475.0,797.0
475.0,796.0
475.0,796.0
474.0,796.0
474.0,795.0
473.0,796.0
475.0,796.0
475.0,798.0
474.0,799.0
470.0,801.0
467.0,802.0
466.0,800.0
466.0,799.0
466.0,799.0
465.0,800.0
465.0,799.0
465.0,800.0
465.0,799.0
465.0,798.0
466.0,797.0
466.0,797.0
465.0,797.0
465.0,797.0
465.0,796.0
465.0,795.0
466.0,796.0
465.0,795.0
465.0,797.0
464.0,797.0
465.0,795.0
467.0,796.0
465.0,794.0
464.0,794.0
462.0,795.0
463.0,793.0
460.0,796.0
461.0,794.0
461.0,793.0
457.0,799.0
456.0,800.0
458.0,798.0
459.0,795.0
459.0,795.0
