x,y
605.0,1060.0
600.0,1039.0
606.0,1030.0
618.0,1028.0
628.0,1031.0
639.0,1034.0
645.0,1034.0
649.0,1034.0
653.0,1038.0
658.0,1030.0
668.0,1028.0
670.0,1026.0
659.0,1019.0
658.0,1021.0
656.0,1012.0
654.0,1008.5
652.0,1005.0
653.0,1007.0
652.0,1014.0
653.0,1006.0
653.0,1010.0
656.0,1009.0
660.0,1009.0
660.0,1008.0
655.0,1005.0
656.0,1005.0
656.0,1005.0
661.0,1010.0
662.0,1009.0
660.0,1006.0
650.0,1025.0
649.0,1033.0
668.0,1047.0
696.0,1063.0
710.0,1062.0
720.0,1049.0
728.0,1040.0
753.0,1042.0
783.0,1049.0
801.0,1045.0
827.0,1028.0
855.0,991.0
882.0,947.0
927.0,913.0
978.0,885.0
1025.0,865.0
1078.0,852.0
1118.0,845.0
1166.0,840.0
1191.0,839.0
1213.0,831.0
1218.0,805.0
1221.0,791.0
1216.0,783.0
1216.0,763.0
1217.0,755.0
1217.0,761.0
1222.0,757.0
1219.0,759.0
1224.0,759.0
1223.0,749.0
1225.0,757.0
1224.0,759.0
1237.0,751.0
1235.0,749.0
1236.0,750.0
1237.0,750.0
1230.0,758.0
1233.0,753.0
1234.0,745.0
1241.0,755.0
1239.0,751.0
1238.0,754.0
1235.0,753.0
1236.0,753.0
1236.0,753.0
1237.0,753.0
1237.0,753.0
1236.0,753.0
1236.0,753.0
1236.0,752.0
1236.0,752.0
1236.0,753.0
1236.0,753.0
1236.0,753.0
1235.0,753.0
1236.0,753.0
1237.0,753.0
1237.0,753.0
1237.0,753.0
1237.0,753.0
1237.0,753.0
1238.0,753.0
1237.0,754.0
1238.0,754.0
1238.0,753.0
1238.0,753.0
1238.0,753.0
1239.0,753.0
1242.0,751.0
