x,y
234.0,330.0
235.0,329.0
236.0,330.0
239.0,331.0
243.0,332.0
243.0,333.0
243.0,333.0
242.0,332.0
243.0,333.0
244.0,333.0
245.0,334.0
245.0,334.0
244.0,333.0
245.0,334.0
245.0,334.0
245.0,332.0
244.0,333.0
245.0,334.0
244.0,334.0
245.0,333.0
245.0,333.0
245.0,334.0
246.0,337.0
248.0,341.0
248.0,342.0
247.0,345.0
248.0,344.0
249.0,341.0
248.0,341.0
249.0,341.0
248.0,341.0
248.0,342.0
248.0,342.0
248.0,342.0
248.0,342.0
248.0,342.0
248.0,342.0
248.0,342.0
248.0,342.0
248.0,343.0
248.0,343.0
248.0,342.0
248.0,342.0
248.0,343.0
248.0,343.0
250.0,345.0
248.0,342.0
250.0,345.0
249.0,344.0
249.0,344.0
249.0,344.0
249.0,344.0
250.0,346.0
250.0,346.0
250.0,347.0
251.0,347.0
251.0,348.0
251.0,349.0
252.0,349.0
252.0,350.0
253.0,354.0
245.0,351.0
244.0,355.0
244.0,355.0
245.0,356.0
247.0,357.0
245.0,357.0
245.0,358.0
245.0,357.0
244.0,357.0
244.0,355.0
244.0,355.0
244.0,355.0
243.0,356.0
240.0,354.0
239.0,355.0
241.0,359.0
241.0,360.0
240.0,359.0
240.0,359.0
240.0,359.0
239.0,358.0
239.0,359.0
238.0,357.0
237.0,357.0
234.0,355.0
235.0,352.0
237.0,355.0
236.0,356.0
231.0,356.0
233.0,357.0
236.0,355.0
236.0,355.0
236.0,355.0
236.0,355.0
232.0,356.0
232.0,357.0
233.0,357.0
232.0,357.0
232.0,359.0
