x,y
626.0,762.0
627.0,762.0
627.0,763.0
627.0,762.0
627.0,761.0
627.0,762.0
626.0,762.0
629.0,765.0
627.0,763.0
625.0,766.0
625.0,766.0
624.0,766.0
624.0,767.0
622.0,768.0
623.0,767.0
624.0,767.0
622.0,767.0
622.0,767.0
619.0,766.0
617.0,767.0
616.0,769.0
613.0,775.0
603.0,788.0
598.0,798.0
592.0,799.0
579.0,810.0
563.0,824.0
570.0,860.0
585.0,891.0
604.0,915.0
631.0,938.0
611.0,976.0
612.0,1016.0
608.0,1057.0
602.0,1077.0
497.0,1038.0
432.0,1072.0
432.0,1072.0
431.0,1072.0
431.0,1072.0
431.0,1072.0
431.0,1073.0
431.0,1072.5
431.0,1072.0
430.0,1072.0
430.0,1072.0
431.0,1072.0
430.0,1071.0
429.0,1071.0
430.0,1071.0
429.0,1071.0
427.0,1071.0
427.0,1071.0
427.0,1071.0
427.0,1071.0
427.0,1071.0
425.0,1071.0
425.0,1071.0
425.0,1071.0
425.0,1071.0
425.0,1071.0
421.0,1071.0
420.0,1071.0
423.0,1070.0
423.0,1070.0
420.0,1070.0
418.0,1071.0
419.0,1071.0
420.0,1070.0
418.0,1070.0
418.0,1070.0
417.0,1070.0
417.0,1070.0
417.0,1070.0
417.0,1070.0
416.0,1069.0
416.0,1070.0
416.0,1070.0
416.0,1070.0
415.0,1070.0
415.0,1070.0
415.0,1070.0
415.0,1070.0
415.0,1069.0
414.0,1069.0
415.0,1069.0
416.0,1070.0
415.0,1071.0
414.0,1071.0
415.0,1070.0
414.0,1070.0
414.0,1071.0
414.0,1071.0
414.0,1071.0
414.0,1071.0
413.0,1071.0
414.0,1071.0
413.0,1070.0
413.0,1070.0
414.0,1070.0
