x,y
1576.0,739.0
1581.0,739.0
1583.0,740.0
1583.0,743.0
1595.0,746.0
1604.0,754.0
1611.0,755.0
1616.0,754.0
1618.0,749.0
1613.0,742.0
1605.0,730.0
1595.0,721.0
1587.0,708.0
1582.0,712.0
1579.0,709.0
1584.0,707.0
1582.0,712.0
1585.0,710.0
1580.0,714.0
1582.0,731.0
1594.0,744.0
1611.0,748.0
1623.0,743.0
1627.0,731.0
1626.0,720.0
1618.0,716.0
1608.0,718.0
1602.0,719.0
1598.0,716.0
1597.0,714.0
1601.0,706.0
1596.0,698.0
1599.0,693.0
1604.0,690.0
1603.0,689.0
1601.0,689.0
1602.0,690.0
1602.0,688.0
1604.0,686.0
1603.0,685.0
1604.0,686.0
1604.0,687.0
1603.0,685.0
1604.0,686.0
1603.0,687.0
1603.0,686.0
1603.0,685.0
1605.0,686.0
1603.0,685.0
1604.0,686.0
1603.0,685.0
1604.0,685.0
1608.0,691.0
1608.0,691.0
1609.0,694.0
1609.0,691.0
1601.0,687.0
1603.0,688.0
1604.0,689.0
1604.0,688.0
1604.0,687.0
1604.0,689.0
1603.0,689.0
1603.0,689.0
1602.0,690.0
1602.0,688.0
1603.0,688.0
1603.0,687.0
1603.0,689.0
1602.0,686.0
1604.0,689.0
1603.0,688.0
1603.0,688.0
1604.0,688.0
1602.0,688.0
1602.0,688.0
1603.0,686.0
1604.0,685.0
1604.0,684.0
1603.0,685.0
1604.0,684.0
1604.0,683.0
1604.0,684.0
1603.0,681.0
1603.0,684.0
1601.0,680.0
1602.0,684.0
1604.0,683.0
1602.0,680.0
1603.0,679.0
1604.0,680.0
1605.0,680.0
1604.0,680.0
1604.0,679.0
1607.0,685.0
1607.0,685.0
1612.0,683.0
1608.0,682.0
1601.0,686.0
1609.0,682.0
