x,y
68.0,942.0
54.0,947.0
55.0,946.0
53.0,944.0
55.0,945.0
55.0,945.0
55.0,945.0
53.0,945.0
53.0,945.0
53.0,947.0
53.0,947.0
53.0,945.0
53.0,947.0
54.0,948.0
52.0,946.0
53.0,947.0
53.0,946.0
53.0,946.0
53.0,946.0
53.0,946.0
53.0,946.0
52.0,947.0
53.0,948.0
52.0,947.0
52.0,947.0
51.0,946.0
53.0,946.0
53.0,944.0
53.0,943.0
54.0,942.0
54.0,942.0
53.0,941.0
54.0,941.0
54.0,942.0
55.0,941.0
54.0,941.0
54.0,940.0
62.0,937.0
64.0,938.0
57.0,939.0
57.0,940.0
58.0,939.0
57.0,939.0
57.0,939.0
57.0,939.0
58.0,939.0
57.0,939.0
57.0,938.0
60.0,938.0
60.0,938.0
62.0,939.0
63.0,939.0
64.0,939.0
65.0,940.0
66.0,940.0
69.0,938.0
70.0,937.0
66.0,940.0
69.0,935.0
71.0,937.0
70.0,938.0
72.0,938.0
72.0,938.0
72.0,938.0
70.0,939.0
68.0,939.0
69.0,940.0
58.0,945.0
51.0,959.0
44.0,961.0
44.0,963.0
36.0,965.0
13.0,961.0
5.0,951.0
