x,y
1241.0,750.0
1246.0,751.0
1250.0,748.0
1252.0,747.0
1252.0,746.0
1251.0,745.0
1252.0,745.0
1252.0,745.0
1252.0,745.0
1250.0,746.0
1252.0,748.0
1252.0,747.0
1251.0,746.0
1251.0,747.0
1251.0,746.0
1251.0,745.0
1249.0,745.0
1251.0,747.0
1251.0,746.0
1251.0,747.0
1251.0,746.0
1252.0,746.0
1252.0,746.0
1252.0,746.0
1252.0,745.0
1252.0,745.0
1252.0,746.0
1252.0,746.0
1252.0,746.0
1253.0,745.0
1253.0,745.0
1253.0,745.0
1254.0,746.0
1253.0,745.0
1254.0,744.0
1254.0,744.0
1255.0,745.0
1255.0,745.0
1257.0,743.0
1258.0,743.0
1258.0,744.0
1258.0,744.0
1258.0,744.0
1258.0,745.0
1257.0,745.0
1258.0,744.0
1258.0,745.0
1259.0,744.0
1259.0,743.0
1259.0,744.0
1258.0,745.0
1258.0,745.0
1258.0,745.0
1258.0,746.0
1258.0,746.0
1258.0,746.0
1258.0,746.0
1259.0,747.0
1260.0,748.0
1261.0,748.0
1260.0,748.0
1260.0,749.0
1261.0,749.0
1260.0,749.0
1261.0,749.0
1261.0,748.0
1262.0,748.0
1261.0,748.0
1260.0,748.0
1260.0,748.0
1260.0,748.0
1260.0,747.0
1260.0,747.0
1260.0,748.0
1260.0,748.0
1260.0,747.0
1260.0,747.0
1261.0,747.0
1261.0,747.0
1260.0,748.0
1261.0,748.0
1261.0,747.0
1260.0,748.0
1260.0,748.0
1260.0,747.0
1260.0,748.0
1260.0,748.0
1260.0,746.0
1259.0,748.0
1259.0,747.0
1257.0,748.0
1258.0,748.0
1260.0,747.0
1260.0,748.0
1260.0,748.0
1262.0,745.0
1263.0,746.0
1263.0,745.0
1263.0,746.0
1263.0,747.0
