x,y
847.0,758.0
849.0,763.0
847.0,763.0
846.0,767.0
846.0,767.0
847.0,766.0
846.0,766.0
847.0,766.0
846.0,766.0
847.0,766.0
847.0,766.0
855.0,767.0
846.0,766.0
828.0,776.0
847.0,768.0
846.0,768.0
856.0,769.0
855.0,770.0
854.0,771.0
854.0,771.0
854.0,772.0
854.0,772.0
853.0,771.0
853.0,771.0
853.0,772.0
853.0,771.0
853.0,772.0
852.0,771.0
851.0,771.0
852.0,771.0
854.0,769.0
854.0,768.0
852.0,768.0
848.0,770.0
841.0,770.0
828.0,776.0
817.0,783.0
816.0,798.0
810.0,803.0
805.0,812.0
797.0,816.0
787.0,815.0
775.0,815.0
764.0,818.0
753.0,824.0
744.0,832.0
731.0,835.0
732.0,860.0
724.0,865.0
722.0,880.0
728.0,886.0
735.0,892.0
739.0,901.0
746.0,917.0
751.0,941.0
773.0,945.0
809.0,950.0
852.0,938.0
898.0,924.0
948.0,915.0
998.0,896.0
1052.0,889.0
1116.0,882.0
1169.0,888.0
1227.0,886.0
1301.0,899.0
1379.0,906.0
1448.0,934.0
1517.0,982.0
1555.0,1046.0
