x,y
1084.0,663.0
1078.0,662.0
1075.0,663.0
1074.0,662.0
1074.0,662.0
1074.0,662.0
1077.0,661.0
1084.0,662.0
1084.0,663.0
1083.0,662.0
1079.0,662.0
1084.0,661.0
1083.0,662.0
1082.0,665.0
1081.0,668.0
1079.0,670.0
1082.0,669.0
1079.0,668.0
1078.0,665.0
1078.0,663.0
1076.0,663.0
1076.0,662.0
1074.0,660.0
1074.0,659.0
1074.0,660.0
1076.0,657.0
1079.0,657.0
1078.0,664.0
1073.0,668.0
1058.0,661.0
1055.0,661.0
1057.0,662.0
1059.0,664.0
1069.0,668.0
1067.0,656.0
1075.0,653.0
1085.0,639.0
1091.0,625.0
1085.0,629.0
1073.0,640.0
1066.0,653.0
1048.0,661.0
1037.0,686.0
1011.0,694.0
991.0,707.0
946.0,733.0
920.0,764.0
889.0,783.0
859.0,813.0
833.0,821.0
811.0,822.0
795.0,816.0
782.0,807.0
769.0,794.0
762.0,785.0
744.0,771.0
741.0,772.0
713.0,761.0
690.0,754.0
685.0,756.0
687.0,784.0
670.0,787.0
662.0,794.0
660.0,794.0
649.0,781.0
634.0,778.0
630.0,775.0
632.0,771.0
633.0,769.0
634.0,771.0
636.0,772.0
636.0,769.0
637.0,767.0
634.0,764.0
635.0,765.0
635.0,765.0
634.0,764.0
636.0,764.0
633.0,764.0
634.0,764.0
633.0,762.0
633.0,760.0
629.0,760.0
629.0,759.0
626.0,758.0
627.0,760.0
626.0,761.0
627.0,761.0
627.0,762.0
626.0,761.0
626.0,761.0
627.0,761.0
627.0,761.0
626.0,761.0
626.0,761.0
625.0,761.0
626.0,762.0
626.0,763.0
626.0,761.0
628.0,763.0
