x,y
240.0,339.0
241.0,339.0
236.0,340.0
234.0,339.0
233.0,339.0
232.0,340.0
231.0,340.0
231.0,341.0
231.0,341.0
231.0,340.0
232.0,341.0
231.0,340.0
230.0,341.0
230.0,339.0
230.0,340.0
231.0,339.0
230.0,340.0
229.0,342.0
229.0,340.0
230.0,340.0
230.0,340.0
229.0,341.0
228.0,342.0
228.0,340.0
228.0,341.0
227.0,343.0
227.0,340.0
226.0,341.0
225.0,340.0
226.0,339.0
225.0,340.0
226.0,340.0
226.0,339.0
226.0,339.0
226.0,339.0
227.0,340.0
226.0,339.0
227.0,339.0
226.0,338.0
228.0,339.0
227.0,339.0
225.0,339.0
224.0,340.0
223.0,340.0
222.0,339.0
221.0,337.0
221.0,336.0
220.0,337.0
220.0,335.0
224.0,332.0
218.0,333.0
217.0,334.0
217.0,333.0
217.0,334.0
221.0,332.0
214.0,339.0
217.0,338.0
219.0,336.0
217.0,332.0
219.0,331.0
219.0,326.0
221.0,323.0
224.0,326.0
223.0,323.0
226.0,324.0
226.0,324.0
220.0,331.0
210.0,335.0
201.0,327.0
189.0,322.0
182.0,302.0
156.0,286.0
133.0,272.0
106.0,258.0
86.0,232.0
57.0,201.0
37.0,160.0
21.0,119.0
11.0,71.0
