x,y
826.0,998.0
810.0,936.0
785.0,875.0
766.0,833.0
763.0,809.0
766.0,780.0
761.0,750.0
758.0,716.0
760.0,694.0
761.0,685.0
757.0,692.0
759.0,691.0
765.0,688.0
770.0,691.0
785.0,693.0
805.0,698.0
809.0,697.0
832.0,693.0
846.0,712.0
859.0,722.0
866.0,729.0
876.0,738.0
884.0,736.0
893.0,736.0
902.0,737.0
908.0,744.0
914.0,750.0
919.0,754.0
918.0,746.0
925.0,750.0
934.0,748.0
934.0,748.0
936.0,749.0
935.0,748.0
937.0,749.0
936.0,750.0
931.0,746.0
936.0,746.0
935.0,746.0
932.0,746.0
935.0,750.0
931.0,747.0
932.0,746.0
930.0,745.0
932.0,746.0
934.0,747.0
933.0,746.0
934.0,747.0
934.0,746.0
935.0,745.0
934.0,744.0
934.0,742.0
935.0,742.0
936.0,741.0
937.0,739.0
935.0,739.0
937.0,739.0
937.0,740.0
935.0,739.0
936.0,739.0
936.0,738.0
938.0,739.0
939.0,739.0
938.0,740.0
938.0,741.0
939.0,738.0
939.0,739.0
939.0,739.0
938.0,739.0
939.0,738.0
939.0,738.0
940.0,737.0
939.0,737.0
942.0,736.0
943.0,733.0
943.0,734.0
944.0,733.0
944.0,731.0
943.0,732.0
943.0,731.0
946.0,734.0
945.0,734.0
945.0,733.0
946.0,733.0
945.0,733.0
945.0,732.0
945.0,732.0
945.0,732.0
945.0,732.0
946.0,732.0
949.0,732.0
951.0,731.0
952.0,730.0
952.0,730.0
952.0,730.0
952.0,730.0
952.0,730.0
952.0,730.0
952.0,730.0
952.0,730.0
