x,y
952.0,731.0
952.0,730.0
952.0,731.0
952.0,730.0
953.0,730.0
953.0,732.0
954.0,731.0
955.0,729.0
956.0,733.0
958.0,734.0
959.0,734.0
959.0,730.0
959.0,734.0
960.0,730.0
961.0,730.0
961.0,730.0
961.0,733.0
962.0,730.0
962.0,731.0
962.0,732.0
961.0,734.0
961.0,735.0
961.0,735.0
963.0,736.0
963.0,737.0
965.0,738.0
966.0,737.0
966.0,738.0
968.0,738.0
968.0,738.0
968.0,738.0
968.0,738.0
969.0,739.0
969.0,740.0
965.0,741.0
964.0,740.0
964.0,741.0
964.0,740.0
969.0,740.0
965.0,740.0
964.0,740.0
968.0,739.0
963.0,740.0
964.0,741.0
963.0,740.0
963.0,740.0
963.0,741.0
962.0,741.0
963.0,740.0
963.0,740.0
962.0,741.0
967.0,740.0
967.0,740.0
968.0,741.0
968.0,741.0
968.0,741.0
962.0,742.0
962.0,742.0
963.0,744.0
967.0,745.0
967.0,746.0
962.0,745.0
962.0,746.0
961.0,746.0
962.0,747.0
963.0,747.0
963.0,747.0
965.0,748.0
961.0,747.0
962.0,747.0
962.0,747.0
962.0,748.0
962.0,748.0
963.0,749.0
963.0,749.0
962.0,750.0
962.0,751.0
962.0,751.0
962.0,751.0
962.0,751.0
962.0,751.0
962.0,751.0
962.0,751.0
961.0,751.0
961.0,751.0
961.0,751.0
962.0,751.0
961.0,751.0
960.0,753.0
960.0,753.0
959.0,750.0
960.0,754.0
959.0,754.0
959.0,753.0
957.0,749.0
957.0,749.0
958.0,750.0
957.0,749.0
957.0,750.0
958.0,754.0
