x,y
957.0,749.0
957.0,748.0
953.0,754.0
954.0,750.0
952.0,750.0
951.0,752.0
951.0,752.0
951.0,750.0
950.0,751.0
949.0,750.0
949.0,750.0
950.0,751.0
948.0,750.0
947.0,749.0
947.0,750.0
947.0,750.0
947.0,751.0
947.0,750.0
947.0,751.0
946.0,752.0
947.0,751.0
947.0,752.0
947.0,752.0
948.0,752.0
948.0,750.0
947.0,750.0
947.0,749.0
947.0,749.0
946.0,749.0
946.0,749.0
947.0,748.0
947.0,748.0
947.0,748.0
946.0,749.0
947.0,748.0
947.0,749.0
948.0,748.0
948.0,746.0
948.0,745.0
947.0,745.0
947.0,743.0
949.0,741.0
948.0,743.0
950.0,743.0
951.0,740.0
953.0,740.0
952.0,740.0
950.0,741.0
949.0,740.0
947.0,741.0
948.0,740.0
948.0,739.0
948.0,737.0
949.0,736.0
949.0,736.0
949.0,735.0
949.0,736.0
947.0,736.0
947.0,738.0
945.0,738.0
947.0,737.0
945.0,738.0
945.0,736.0
945.0,734.0
943.0,738.0
944.0,744.0
944.0,742.0
940.0,739.0
926.0,733.0
926.0,737.0
920.0,735.0
917.0,736.0
917.0,740.0
900.0,737.0
896.0,726.0
892.0,715.0
892.0,707.0
888.0,695.0
895.0,683.0
888.0,668.0
872.0,650.0
866.0,643.0
859.0,632.0
850.0,613.0
850.0,593.0
843.0,574.0
830.0,563.0
813.0,550.0
796.0,533.0
792.0,521.0
786.0,519.0
786.0,519.0
789.0,516.0
799.0,511.0
810.0,515.0
818.0,521.0
828.0,526.0
839.0,527.0
844.0,530.0
852.0,538.0
