x,y
976.0,749.0
976.0,748.0
976.0,747.0
980.0,747.0
985.0,744.0
986.0,744.0
982.0,744.0
984.0,744.0
987.0,742.0
986.5,740.5
986.0,739.0
988.0,738.0
989.0,739.0
986.75,744.5
984.5,750.0
982.25,755.5
980.0,761.0
968.0,776.0
962.0,793.0
957.0,811.0
965.0,818.0
979.0,820.0
981.0,826.0
1011.0,859.0
1012.0,859.0
1014.0,858.0
1018.0,862.0
992.0,816.0
985.0,796.0
978.0,776.0
980.5,745.0
983.0,714.0
976.0,686.0
951.0,666.0
958.5,649.0
966.0,632.0
973.0,617.0
994.0,606.0
1011.0,599.0
1025.0,586.0
1032.0,576.0
1039.0,570.0
1040.0,565.0
1036.0,566.0
1028.0,562.0
1004.0,535.0
995.25,534.375
986.5,533.75
977.75,533.125
969.0,532.5
960.25,531.875
951.5,531.25
942.75,530.625
934.0,530.0
901.0,544.0
885.5,548.5
870.0,553.0
867.0,542.0
867.5,534.0
868.0,526.0
872.0,523.0
871.0,512.0
870.0,515.0
866.0,512.0
861.0,502.0
852.0,496.0
834.0,495.0
819.0,479.0
831.0,422.0
828.0,423.0
830.0,427.0
831.0,422.0
836.0,502.0
836.0,502.0
839.0,503.0
837.0,503.0
837.0,503.0
838.0,501.0
825.0,418.0
828.0,420.0
831.0,423.0
835.0,503.0
835.0,504.0
836.0,504.0
836.0,505.0
836.0,503.0
833.0,499.0
821.0,479.0
821.0,479.0
828.0,419.0
828.0,492.0
810.0,493.0
797.0,487.0
771.0,490.0
745.0,496.0
720.0,508.0
706.0,528.0
713.0,548.0
743.0,570.0
777.0,604.0
