x,y
20.0,812.0
31.0,799.0
69.0,806.0
102.0,822.0
131.0,851.0
184.0,880.0
194.0,895.0
200.0,895.0
194.0,874.0
181.0,857.0
161.0,826.0
169.66666666666666,825.3333333333334
178.33333333333334,824.6666666666666
187.0,824.0
207.0,828.0
214.0,838.0
236.0,840.0
236.0,840.0
236.0,842.0
222.0,823.0
224.0,817.0
231.0,825.0
231.88,824.72
232.76,824.44
233.64,824.16
234.52,823.88
235.4,823.6
236.28,823.32
237.16,823.04
238.04,822.76
238.92,822.48
239.8,822.2
240.68,821.92
241.56,821.64
242.44,821.36
243.32,821.08
244.2,820.8
245.08,820.52
245.96,820.24
246.84,819.96
247.72,819.68
248.6,819.4
249.48,819.12
250.36,818.84
251.24,818.56
252.12,818.28
253.0,818.0
252.75,817.5
252.5,817.0
252.25,816.5
252.0,816.0
251.0,815.0
250.75,814.5
250.5,814.0
250.25,813.5
250.0,813.0
250.0,813.0
247.0,812.0
246.0,813.0
247.0,813.0
246.6,813.0
246.2,813.0
245.8,813.0
245.4,813.0
245.0,813.0
246.0,814.0
245.0,814.0
245.0,814.0
246.0,813.0
245.0,813.0
245.0,814.0
245.0,814.0
245.0,814.0
245.0,813.0
244.0,814.0
243.0,813.0
242.0,812.0
240.0,810.0
237.0,815.0
232.0,829.0
233.0,831.0
232.0,829.0
232.0,830.0
223.0,816.0
220.0,816.0
220.0,815.0
221.0,815.0
221.0,815.0
218.0,814.0
218.0,814.0
218.0,815.0
218.0,815.0
217.0,814.0
230.0,828.0
239.0,808.0
239.0,808.0
239.0,808.0
239.0,808.0
239.0,808.0
239.0,809.0
