x,y
570.0,910.0
569.0,908.0
571.0,907.0
571.0,908.0
569.0,908.0
566.0,911.0
555.0,926.0
543.0,941.0
524.0,959.0
513.0,983.0
494.0,1008.0
469.0,1047.0
463.0,1076.0
483.38461538461536,1067.923076923077
503.7692307692308,1059.8461538461538
524.1538461538462,1051.7692307692307
544.5384615384615,1043.6923076923076
564.9230769230769,1035.6153846153845
585.3076923076923,1027.5384615384614
605.6923076923076,1019.4615384615385
626.0769230769231,1011.3846153846154
646.4615384615385,1003.3076923076923
666.8461538461538,995.2307692307693
687.2307692307693,987.1538461538462
707.6153846153845,979.0769230769231
728.0,971.0
754.0,936.0
777.0,903.0
807.0,874.0
828.0,848.0
839.0,834.0
857.0,809.0
866.0,766.0
887.0,774.0
899.0,762.0
907.0,756.0
923.0,748.0
928.0,759.0
941.0,760.0
951.0,765.0
969.0,768.0
974.0,765.0
970.0,764.0
975.0,764.0
975.0,765.0
976.0,765.0
976.0,764.0
976.0,764.0
976.0,764.0
975.0,767.0
975.0,767.0
975.0,767.0
976.0,767.0
976.0,767.0
976.0,768.0
977.0,768.0
977.0,768.0
977.0,768.0
977.0,767.0
977.0,767.0
978.0,767.0
976.0,770.0
978.0,768.0
976.0,767.0
976.0,767.0
978.0,768.0
980.0,767.0
980.0,760.0
979.0,763.0
978.0,767.0
976.0,767.0
976.0,767.0
975.0,767.0
975.0,766.0
975.0,766.0
975.0,766.0
976.0,767.0
976.0,767.0
976.0,767.0
975.0,768.0
976.0,768.0
977.0,768.0
977.0,768.0
977.0,768.0
978.0,768.0
978.0,767.0
978.0,767.0
978.0,767.0
978.0,767.0
978.0,767.0
978.0,767.0
978.0,767.0
978.0,767.0
978.0,767.0
978.0,767.0
978.0,767.0
978.0,767.0
978.0,766.0
978.0,766.0
979.0,766.0
