x,y
1658.0,433.0
1653.0,421.0
1650.0,420.0
1623.0,386.0
1598.0,322.0
1567.0,270.0
1544.0,272.0
1597.0,308.0
1637.0,325.0
1653.0,419.0
1648.0,422.0
1648.0,416.0
1646.0,417.0
1646.0,418.0
1643.0,413.0
1643.0,413.0
1641.0,415.0
1643.0,416.0
1647.0,420.0
1649.0,421.0
1647.0,424.0
1647.0,426.0
1651.0,424.0
1646.0,420.0
1640.0,415.0
1641.0,415.0
1623.0,386.0
1602.0,331.0
1607.0,300.0
1600.0,283.0
1597.0,308.0
1606.0,353.0
1624.0,420.0
1647.0,423.0
1642.0,419.0
1642.0,420.0
1624.0,386.0
1601.0,331.0
1608.0,300.0
1627.0,273.0
1643.0,281.0
1641.0,278.0
1643.0,280.0
1648.0,290.0
1644.0,281.0
1643.0,282.0
1643.0,282.0
1642.0,283.0
1642.0,283.0
1642.0,282.0
1643.0,282.0
1643.0,282.0
1646.0,283.0
1643.0,281.0
1643.0,280.0
1643.0,281.0
1643.0,281.0
1643.0,282.0
1643.0,282.0
1643.0,282.0
1643.0,282.0
1643.0,282.0
1643.0,281.0
1643.0,281.0
1645.0,283.0
1643.0,281.0
1643.0,281.0
1643.0,281.0
1644.0,281.0
1644.0,281.0
1643.0,282.0
1644.0,281.0
1644.0,281.0
1644.0,281.0
1643.0,281.0
1643.0,281.0
1644.0,281.0
1644.0,281.0
1644.0,282.0
1643.0,281.0
1643.0,281.0
1644.0,281.0
1644.0,281.0
1644.0,281.0
1641.0,278.0
1642.0,278.0
1644.0,281.0
1644.0,281.0
1644.0,281.0
1644.0,281.0
1637.0,273.0
1642.0,278.0
1642.0,278.0
1640.0,272.0
1639.0,270.0
1639.0,273.0
1640.0,273.0
1639.0,272.0
1640.0,274.0
1640.0,273.0
