x,y
1102.0,228.0
1103.0,227.0
1106.0,230.0
1105.0,230.0
1105.0,230.0
1104.0,229.0
1108.0,229.0
1108.0,232.0
1109.0,232.0
1109.0,232.0
1109.0,231.0
1110.0,231.0
1112.0,232.0
1112.0,232.0
1112.0,231.0
1112.0,233.0
1112.0,234.0
1113.0,233.0
1113.0,233.0
1114.0,233.0
1114.0,234.0
1114.0,234.0
1115.0,233.0
1114.0,234.0
1114.0,235.0
1114.0,233.0
1115.0,233.0
1114.0,233.0
1115.0,233.0
1115.0,234.0
1116.0,234.0
1114.0,233.0
1114.0,233.0
1115.0,232.0
1115.0,232.0
1115.0,232.0
1114.0,233.0
1115.0,232.0
1115.0,232.0
1115.0,233.0
1115.0,233.0
1115.0,233.0
1116.0,235.0
1118.0,235.0
1122.0,236.0
1122.0,236.0
1122.0,236.0
1123.0,236.0
1122.0,235.0
1122.0,235.0
1122.0,236.0
1122.0,236.0
1123.0,236.0
1125.0,236.0
1125.0,236.0
1125.0,237.0
1124.0,236.0
1124.0,236.0
1125.0,235.0
1125.0,236.0
1125.0,235.0
1124.0,236.0
1123.0,236.0
1125.0,236.0
1124.0,235.0
1126.0,237.0
1126.0,237.0
1125.0,236.0
1125.0,237.0
1126.0,236.0
1125.0,237.0
1125.0,237.0
1125.0,237.0
1125.0,236.0
1127.0,236.0
1127.0,236.0
1127.0,235.0
1127.0,235.0
1127.0,235.0
1126.0,235.0
1127.0,235.0
1127.0,235.0
1127.0,236.0
1127.0,236.0
1127.0,235.0
1127.0,236.0
1127.0,234.0
1127.0,235.0
1128.0,233.0
1128.0,233.0
1129.0,233.0
1129.0,231.0
1130.0,230.0
1130.0,230.0
1130.0,229.0
1130.0,229.0
1131.0,228.0
1131.0,226.0
1130.0,226.0
1130.0,224.0
