x,y
1896.0,656.0
1862.0,664.0
1863.0,667.0
1848.0,686.0
1838.0,693.0
1819.0,696.0
1818.0,683.0
1796.0,689.0
1790.0,682.0
1781.0,676.0
1777.0,676.0
1774.0,674.0
1767.0,674.0
1755.0,672.0
1749.0,671.0
1748.0,669.0
1751.0,672.0
1756.0,678.0
1759.0,683.0
1763.0,687.0
1763.0,687.0
1765.0,688.0
1764.0,686.0
1764.0,686.0
1768.0,687.0
1772.0,692.0
1758.0,687.0
1765.0,693.0
1775.0,693.0
1767.0,700.0
1772.0,697.0
1771.0,710.0
1770.0,711.0
1766.0,711.0
1766.0,716.0
1767.0,713.0
1766.0,716.0
1763.0,717.0
1762.0,717.0
1761.0,716.0
1761.0,716.0
1761.0,716.0
1761.0,715.0
1762.0,716.0
1762.0,717.0
1761.0,716.0
1761.0,716.0
1761.0,716.0
1761.0,717.0
1761.0,718.0
1761.0,718.0
1761.0,718.0
1762.0,718.0
1762.0,717.0
1763.0,717.0
1763.0,717.0
1763.0,717.0
1763.0,717.0
1762.0,716.0
1763.0,717.0
1763.0,718.0
1764.0,718.0
1763.0,717.0
1763.0,716.0
1763.0,716.0
1763.0,717.0
1763.0,718.0
1763.0,718.0
1763.0,718.0
1762.0,718.0
1762.0,718.0
1762.0,718.0
1764.0,718.0
1764.0,718.0
1764.0,718.0
1764.0,718.0
1765.0,718.0
1763.0,717.0
1764.0,717.0
1764.0,717.0
1763.0,718.0
1762.0,718.0
1762.0,718.0
1762.0,718.0
1761.0,718.0
1762.0,718.0
1762.0,718.0
1762.0,718.0
1762.0,717.0
1762.0,716.0
1762.0,717.0
1761.0,717.0
1761.0,717.0
1761.0,717.0
1761.0,717.0
1761.0,717.0
1757.0,718.0
1757.0,719.0
1755.0,719.0
1756.0,719.0
