x,y
1440.0,556.0
1410.0,580.0
1372.0,617.0
1338.0,643.0
1291.0,651.0
1235.0,657.0
1171.0,653.0
1102.0,655.0
1033.0,649.0
959.0,626.0
890.0,611.0
814.0,579.0
741.0,562.0
675.0,558.0
616.0,549.0
559.0,540.0
527.0,534.0
493.0,534.0
470.0,522.0
438.0,519.0
412.0,504.0
388.0,485.0
369.0,470.0
342.0,464.0
329.0,461.0
328.0,457.0
329.0,464.0
336.0,473.0
332.0,483.0
324.0,487.0
318.0,502.0
317.0,513.0
305.0,511.0
300.0,510.0
301.0,513.0
295.0,512.0
286.0,515.0
284.0,518.0
278.0,515.0
281.0,515.0
279.0,501.0
281.0,501.0
280.0,502.0
279.0,503.0
275.0,497.0
276.0,499.0
273.0,493.0
275.0,495.0
274.0,508.0
275.0,509.0
274.0,509.0
276.0,501.0
277.0,502.0
276.0,501.0
275.0,501.0
273.0,496.0
274.0,501.0
272.0,499.0
271.0,496.0
270.0,496.0
271.0,497.0
271.0,498.0
271.0,497.0
270.0,496.0
270.0,496.0
271.0,496.0
272.0,494.0
272.0,493.0
273.0,493.0
272.0,496.0
273.0,496.0
274.0,499.0
275.0,500.0
275.0,499.0
276.0,500.0
273.0,495.0
266.0,506.0
266.0,506.0
265.0,507.0
266.0,506.0
266.0,506.0
242.0,480.0
242.0,481.0
253.0,510.0
253.0,509.0
254.0,506.0
252.0,503.0
262.0,506.0
273.0,500.0
273.0,499.0
277.0,496.0
277.0,494.0
240.0,457.0
240.0,457.0
262.0,488.0
296.0,488.0
296.0,487.0
299.0,487.0
298.0,487.0
240.0,458.0
