x,y
1789.0,75.0
1788.0,162.0
1779.0,244.0
1753.0,305.0
1725.0,362.0
1698.0,419.0
1679.0,447.0
1657.0,473.0
1638.0,487.0
1633.0,495.0
1635.0,488.0
1633.0,486.0
1626.0,481.0
1613.0,480.0
1608.0,477.0
1605.0,481.0
1596.0,480.0
1586.0,477.0
1576.0,481.0
1576.0,483.0
1569.0,487.0
1560.0,505.0
1549.0,509.0
1556.0,506.0
1552.0,499.0
1551.0,503.0
1551.0,503.0
1549.0,496.0
1550.0,497.0
1548.0,496.0
1547.0,496.0
1547.0,496.0
1548.0,497.0
1548.0,498.0
1551.0,505.0
1554.0,503.0
1548.0,510.0
1548.0,509.0
1547.0,509.0
1548.0,510.0
1547.0,509.0
1548.0,511.0
1547.0,510.0
1546.0,510.0
1546.0,508.0
1546.0,508.0
1546.0,508.0
1547.0,508.0
1551.0,501.0
1552.0,506.0
1552.0,500.0
1551.0,499.0
1551.0,499.0
1552.0,500.0
1551.0,498.0
1550.0,498.0
1550.0,496.0
1552.0,499.0
1552.0,499.0
1552.0,498.0
1552.0,495.0
1552.0,494.0
1551.0,493.0
1551.0,493.0
1552.0,495.0
1552.0,497.0
1551.0,495.0
1552.0,496.0
1551.0,496.0
1551.0,496.0
1550.0,496.0
1550.0,495.0
1550.0,496.0
1549.0,495.0
1550.0,496.0
1549.0,496.0
1549.0,495.0
1549.0,496.0
1548.0,496.0
1548.0,496.0
1546.0,497.0
1546.0,497.0
1546.0,498.0
1545.0,498.0
1544.0,498.0
1546.0,498.0
1546.0,498.0
1546.0,498.0
1546.0,498.0
1546.0,498.0
1546.0,497.0
1545.0,498.0
1545.0,497.0
1544.0,497.0
1544.0,498.0
1538.0,496.0
1537.0,496.0
1536.0,497.0
1536.0,497.0
1536.0,496.0
