x,y
180.0,114.0
201.0,148.0
234.0,174.0
280.0,192.0
320.0,206.0
348.0,242.0
391.0,248.0
428.0,270.0
465.0,291.0
510.0,323.0
555.0,351.0
603.0,390.0
645.0,431.0
692.0,463.0
722.0,483.0
757.0,504.0
778.0,533.0
807.0,554.0
845.0,572.0
879.0,584.0
905.0,595.0
925.0,620.0
938.0,639.0
954.0,658.0
956.0,682.0
952.0,692.0
946.0,708.0
937.0,717.0
936.0,723.0
930.0,740.0
931.0,752.0
935.0,763.0
935.0,768.0
934.0,771.0
932.0,777.0
930.0,773.0
934.0,779.0
932.0,774.0
925.0,766.0
923.0,769.0
932.0,770.0
931.0,764.0
932.0,766.0
930.0,767.0
928.0,772.0
929.0,773.0
929.0,774.0
929.0,773.0
929.0,773.0
930.0,769.0
931.0,770.0
933.0,769.0
933.0,770.0
935.0,770.0
934.0,770.0
935.0,765.0
935.0,767.0
935.0,763.0
936.0,766.0
935.0,766.0
935.0,766.0
935.0,766.0
936.0,766.0
935.0,765.0
936.0,763.0
935.0,763.0
935.0,763.0
935.0,762.0
936.0,763.0
937.0,763.0
938.0,762.0
939.0,763.0
939.0,763.0
940.0,762.0
940.0,761.0
939.0,761.0
939.0,761.0
939.0,761.0
939.0,761.0
939.0,761.0
941.0,762.0
940.0,761.0
940.0,760.0
941.0,760.0
942.0,763.0
942.0,763.0
942.0,763.0
942.0,763.0
943.0,764.0
944.0,762.0
945.0,763.0
945.0,762.0
945.0,763.0
945.0,762.0
945.0,762.0
945.0,762.0
945.0,762.0
945.0,761.0
944.0,762.0
944.0,760.0
