x,y
1095.0,357.0
1098.0,358.0
1100.0,359.0
1101.0,359.0
1101.0,359.0
1102.0,359.0
1102.0,360.0
1103.0,360.0
1104.0,359.0
1104.0,359.0
1104.0,359.0
1107.0,359.0
1106.0,359.0
1105.0,360.0
1106.0,359.0
1106.0,359.0
1107.0,358.0
1108.0,358.0
1108.0,357.0
1109.0,357.0
1108.0,358.0
1108.0,358.0
1108.0,358.0
1106.0,353.0
1109.0,358.0
1107.0,353.0
1110.0,356.0
1111.0,355.0
1112.0,353.0
1110.0,351.0
1121.0,360.0
1134.0,370.0
1133.0,368.0
1134.0,370.0
1134.0,370.0
1117.0,349.0
1113.0,338.0
1104.0,321.0
1091.0,305.0
1063.0,290.0
1045.0,287.0
1029.0,280.0
1015.0,280.0
1011.0,277.0
1004.0,261.0
1017.0,252.0
1026.0,244.0
1041.0,242.0
1050.0,229.0
1058.0,216.0
1065.0,218.0
1073.0,224.0
1085.0,224.0
1088.0,225.0
1087.0,229.0
1086.0,226.0
1090.0,227.0
1089.0,226.0
1091.0,227.0
1092.0,228.0
1093.0,230.0
1093.0,229.0
1094.0,231.0
1093.0,230.0
1093.0,230.0
1093.0,230.0
1093.0,230.0
1093.0,230.0
1094.0,230.0
1094.0,228.0
1094.0,228.0
1094.0,226.0
1094.0,225.0
1094.0,224.0
1095.0,224.0
1095.0,222.0
1095.0,222.0
1095.0,221.0
1096.0,222.0
1095.0,223.0
1095.0,224.0
1095.0,225.0
1095.0,226.0
1095.0,226.0
1095.0,226.0
1097.0,225.0
1097.0,223.0
1098.0,222.0
1098.0,221.0
1098.0,225.0
1099.0,226.0
1099.0,228.0
1099.0,226.0
1098.0,230.0
1098.0,229.0
1100.0,231.0
1101.0,230.0
1101.0,227.0
1103.0,227.0
1103.0,228.0
