x,y
1072.0,920.0
1073.0,921.0
1073.0,921.0
1073.0,921.0
1072.0,921.0
1073.0,921.0
1073.0,920.0
1072.0,920.0
1072.0,921.0
1073.0,921.0
1072.0,920.0
1072.0,920.0
1072.0,919.0
1073.0,919.0
1073.0,919.0
1073.0,920.0
1072.0,920.0
1073.0,920.0
1073.0,919.0
1073.0,919.0
1073.0,919.0
1073.0,919.0
1073.0,920.0
1073.0,920.0
1072.0,919.0
1073.0,919.0
1073.0,918.0
1072.0,917.0
1073.0,917.0
1073.0,915.0
1072.0,913.0
1072.0,913.0
1074.0,912.0
1073.0,909.0
1073.0,911.0
1073.0,910.0
1073.0,909.0
1073.0,909.0
1074.0,909.0
1073.0,909.0
1074.0,910.0
1073.0,909.0
1073.0,910.0
1074.0,909.0
1073.0,909.0
1074.0,908.0
1075.0,909.0
1075.0,909.0
1075.0,909.0
1075.0,909.0
1075.0,909.0
1075.0,909.0
1075.0,909.0
1075.0,908.0
1076.0,908.0
1077.0,908.0
1077.0,907.0
1077.0,906.0
1077.0,906.0
1077.0,905.0
1077.0,906.0
1078.0,906.0
1077.0,906.0
1076.0,906.0
1077.0,907.0
1076.0,906.0
1077.0,905.0
1076.0,904.0
1079.0,903.0
1081.0,903.0
1081.0,902.0
1082.0,903.0
1081.0,901.0
1080.0,901.0
1080.0,901.0
1079.0,902.0
1078.0,901.0
1078.0,901.0
1079.0,902.0
1079.0,902.0
1078.0,902.0
1079.0,902.0
1079.0,904.0
1081.0,904.0
1080.0,904.0
1083.0,905.0
1085.0,902.0
1085.0,901.0
1085.0,901.0
1087.0,901.0
1087.0,900.0
1088.0,900.0
1089.0,900.0
1089.0,900.0
1088.0,900.0
1087.0,899.0
1088.0,899.0
1088.0,903.0
1089.0,903.0
1089.0,904.0
