x,y
1455.0,388.0
1460.0,386.0
1455.0,387.0
1458.0,386.0
1454.0,384.0
1458.0,386.0
1458.0,386.0
1458.0,384.0
1456.0,382.0
1457.0,381.0
1458.0,382.0
1458.0,381.0
1458.0,382.0
1458.0,382.0
1459.0,381.0
1461.0,381.0
1461.0,381.0
1461.0,382.0
1461.0,382.0
1460.0,382.0
1461.0,382.0
1460.0,382.0
1461.0,382.0
1461.0,382.0
1462.0,383.0
1460.0,386.0
1467.1666666666667,388.6666666666667
1474.3333333333333,391.3333333333333
1481.5,394.0
1488.6666666666667,396.6666666666667
1495.8333333333333,399.3333333333333
1503.0,402.0
1492.0,388.0
1502.5,390.75
1513.0,393.5
1523.5,396.25
1534.0,399.0
1548.0,401.0
1560.0,426.0
1576.0,435.0
1597.0,449.0
1607.0,455.0
1630.0,454.0
1648.0,461.0
1660.0,481.0
1676.0,497.0
1685.0,524.0
1710.0,546.0
1732.0,565.0
1768.0,586.0
1811.0,610.0
1844.0,640.0
1883.0,679.0
1915.0,714.0
