x,y
1498.0,1026.0
1497.0,1025.0
1497.0,1026.0
1498.0,1025.0
1498.0,1026.0
1497.5,1026.0
1497.0,1026.0
1497.0,1027.0
1496.0,1026.0
1496.0,1026.0
1497.0,1025.0
1497.0,1024.0
1497.0,1025.0
1495.0,1030.0
1497.0,1029.0
1495.0,1032.0
1496.0,1032.0
1495.0,1032.0
1497.0,1024.0
1496.0,1023.0
1496.0,1024.0
1493.0,1029.0
1494.0,1032.0
1493.0,1030.0
1492.0,1030.0
1490.0,1033.0
1489.0,1032.0
1489.0,1033.0
1486.0,1038.0
1486.0,1038.0
1486.0,1039.0
1485.0,1040.0
1485.0,1038.0
1485.0,1039.0
1485.0,1038.0
1487.0,1039.0
1486.0,1039.0
1486.0,1039.0
1486.0,1039.0
1485.0,1039.0
1487.0,1039.0
1486.0,1039.0
1485.0,1039.0
1484.0,1039.0
1483.0,1038.0
1486.0,1034.0
1584.0,1026.0
1698.0,945.0
1698.2307692307693,944.8974358974359
1698.4615384615386,944.7948717948718
1698.6923076923076,944.6923076923077
1698.923076923077,944.5897435897435
1699.1538461538462,944.4871794871794
1699.3846153846155,944.3846153846154
1699.6153846153845,944.2820512820513
1699.8461538461538,944.1794871794872
1700.076923076923,944.0769230769231
1700.3076923076924,943.974358974359
1700.5384615384614,943.8717948717949
1700.7692307692307,943.7692307692307
1701.0,943.6666666666666
1701.2307692307693,943.5641025641025
1701.4615384615386,943.4615384615385
1701.6923076923076,943.3589743589744
1701.923076923077,943.2564102564103
1702.1538461538462,943.1538461538462
1702.3846153846155,943.0512820512821
1702.6153846153845,942.9487179487179
1702.8461538461538,942.8461538461538
1703.076923076923,942.7435897435897
1703.3076923076924,942.6410256410256
1703.5384615384614,942.5384615384615
1703.7692307692307,942.4358974358975
1704.0,942.3333333333334
1704.2307692307693,942.2307692307693
1704.4615384615386,942.1282051282051
1704.6923076923076,942.025641025641
1704.923076923077,941.9230769230769
1705.1538461538462,941.8205128205128
1705.3846153846155,941.7179487179487
1705.6153846153845,941.6153846153846
1705.8461538461538,941.5128205128206
1706.076923076923,941.4102564102565
1706.3076923076924,941.3076923076923
1706.5384615384614,941.2051282051282
1706.7692307692307,941.1025641025641
1707.0,941.0
1707.0,939.0
1706.6666666666667,940.0
1706.3333333333333,941.0
1706.0,942.0
1707.0,941.0
1706.6666666666667,940.8333333333334
1706.3333333333333,940.6666666666666
1706.0,940.5
1705.6666666666667,940.3333333333334
1705.3333333333333,940.1666666666666
1705.0,940.0
1706.0,940.0
1706.0,940.0
