x,y
1513.0,505.0
1513.0,505.0
1514.0,506.0
1514.0,506.0
1514.0,506.0
1514.0,505.0
1513.0,504.0
1512.0,503.0
1512.0,504.0
1512.0,505.0
1512.0,504.0
1512.0,504.0
1511.0,503.0
1512.0,504.0
1511.0,503.0
1512.0,503.0
1511.0,503.0
1511.0,504.0
1510.0,503.0
1509.0,502.0
1510.0,502.0
1510.0,502.0
1509.0,502.0
1513.0,501.0
1509.0,502.0
1509.0,501.0
1509.0,501.0
1509.0,501.0
1512.0,501.0
1512.0,500.0
1513.0,501.0
1513.0,500.0
1513.0,501.0
1513.0,501.0
1513.0,500.0
1513.0,500.0
1512.0,500.0
1513.0,500.0
1513.0,500.0
1511.0,500.0
1511.0,500.0
1512.0,500.0
1511.0,500.0
1512.0,499.0
1512.0,499.0
1512.0,499.0
1513.0,497.0
1513.0,497.0
1513.0,497.0
1513.0,495.0
1512.0,495.0
1512.0,495.0
1513.0,496.0
1513.0,496.0
1513.0,495.0
1513.0,495.0
1513.0,495.0
1513.0,495.0
1513.0,495.0
1513.0,496.0
1512.0,496.0
1512.0,496.0
1512.0,496.0
1512.0,496.0
1512.0,496.0
1512.0,496.0
1512.0,496.0
1512.0,496.0
1512.0,497.0
1513.0,496.0
1512.0,496.0
1512.0,496.0
1512.0,496.0
1511.0,496.0
1511.0,496.0
1512.0,496.0
1511.0,496.0
1512.0,495.0
1513.0,494.0
1514.0,493.0
1513.0,493.0
1513.0,493.0
1514.0,493.0
1514.0,493.0
1513.0,493.0
1514.0,493.0
1514.0,493.0
1514.0,492.0
1514.0,492.0
1514.0,493.0
1514.0,492.0
1514.0,492.0
1514.0,493.0
1514.0,493.0
1514.0,493.0
1514.0,493.0
1514.0,493.0
1515.0,493.0
1515.0,493.0
1515.0,493.0
