x,y
956.0,299.0
975.0,310.0
991.0,323.0
1007.0,332.0
1022.0,342.0
1030.0,348.0
1040.0,355.0
1041.0,361.0
1046.0,370.0
1052.0,374.0
1047.0,370.0
1043.0,366.0
1044.0,371.0
1046.0,373.0
1052.0,372.0
1054.0,374.0
1047.0,378.0
1025.0,375.0
997.0,363.0
1048.0,378.0
1096.0,401.0
1096.0,400.0
1096.0,400.0
1086.0,409.0
1082.0,412.0
1082.0,412.0
1081.0,413.0
1082.0,412.0
1082.0,411.0
1080.0,413.0
1081.0,412.0
1080.0,413.0
1081.0,412.0
1083.0,412.0
1082.0,413.0
1082.0,413.0
1081.0,412.0
1081.0,411.0
1082.0,415.0
1080.0,412.0
1081.0,412.0
1082.0,412.0
1080.0,412.0
1081.0,412.0
1081.0,412.0
1083.0,411.0
1082.0,414.0
1082.0,414.0
1082.0,414.0
1082.0,414.0
1082.0,414.0
1081.0,412.0
1082.0,415.0
1082.0,414.0
1073.0,397.0
1061.0,366.0
1077.0,377.0
1095.0,402.0
1074.0,398.0
1073.0,398.0
1077.0,385.0
1077.0,385.0
1078.0,377.0
1078.0,378.0
1079.0,385.0
1078.0,385.0
1078.0,384.0
1077.0,384.0
1077.0,385.0
1077.0,386.0
1076.0,385.0
1076.0,373.0
1070.0,366.0
1069.0,366.0
1070.0,367.0
1071.0,367.0
1076.0,374.0
1070.0,367.0
1066.0,369.0
1075.0,372.0
1076.0,371.0
1073.0,369.0
1069.0,368.0
1072.0,368.0
1071.0,368.0
1069.0,368.0
1072.0,368.0
1072.0,368.0
1069.0,368.0
1068.0,368.0
1070.0,369.0
1070.0,368.0
1068.0,368.0
1068.0,368.0
1070.0,368.0
1077.0,374.0
1069.0,368.0
1069.0,368.0
1076.0,373.0
1077.0,375.0
