x,y
1822.0,780.0
1785.0,712.0
1752.0,632.0
1739.0,561.0
1726.0,484.0
1711.0,427.0
1691.0,406.0
1717.0,387.0
1726.0,363.0
1725.0,375.0
1707.0,386.0
1692.0,396.0
1673.0,393.0
1668.0,393.0
1664.0,394.0
1607.0,362.0
1567.0,323.0
1534.0,299.0
1534.0,299.0
1534.0,299.0
1533.0,300.0
1590.0,308.0
1636.0,311.0
1642.0,284.0
1640.0,281.0
1599.0,346.0
1586.0,411.0
1586.0,410.0
1586.0,411.0
1587.0,411.0
1587.0,411.0
1587.0,411.0
1586.0,412.0
1586.0,412.0
1584.0,412.0
1584.0,412.0
1583.0,412.0
1583.0,412.0
1622.0,399.0
1665.0,385.0
1665.0,385.0
1661.0,383.0
1661.0,388.0
1665.0,386.0
1678.0,369.0
1678.0,367.5
1678.0,366.0
1679.0,369.0
1677.576923076923,373.0
1676.1538461538462,377.0
1674.7307692307693,381.0
1673.3076923076924,385.0
1671.8846153846155,389.0
1670.4615384615386,393.0
1669.0384615384614,397.0
1667.6153846153845,401.0
1666.1923076923076,405.0
1664.7692307692307,409.0
1663.3461538461538,413.0
1661.923076923077,417.0
1660.5,421.0
1659.076923076923,425.0
1657.6538461538462,429.0
1656.2307692307693,433.0
1654.8076923076924,437.0
1653.3846153846155,441.0
1651.9615384615386,445.0
1650.5384615384614,449.0
1649.1153846153845,453.0
1647.6923076923076,457.0
1646.2692307692307,461.0
1644.8461538461538,465.0
1643.423076923077,469.0
1642.0,473.0
1633.25,455.75
1624.5,438.5
1615.75,421.25
1607.0,404.0
1607.0,403.0
