x,y
1691.0,162.0
1691.0,162.0
1692.0,162.0
1692.0,162.0
1692.0,162.0
1693.0,162.0
1692.0,162.0
1693.0,162.0
1693.0,162.0
1693.0,161.0
1695.0,161.0
1696.0,163.0
1698.0,166.0
1701.0,165.0
1701.0,166.0
1701.0,166.0
1701.0,165.0
1701.0,165.0
1702.0,165.0
1702.0,165.0
1702.0,165.0
1702.0,165.0
1702.0,166.0
1702.0,164.0
1701.0,164.0
1700.0,158.0
1701.0,165.0
1701.0,165.0
1701.0,165.0
1701.0,165.0
1701.0,165.0
1700.0,158.0
1700.0,158.0
1700.0,157.0
1702.0,158.0
1702.0,158.0
1703.0,159.0
1702.0,158.0
1701.0,158.0
1700.0,158.0
1701.0,158.0
1701.0,158.0
1701.0,158.0
1702.0,158.0
1701.0,157.0
1701.0,157.0
1701.0,157.0
1701.0,157.0
1702.0,158.0
1702.0,158.0
1703.0,158.0
1702.0,157.0
1702.0,157.0
1702.0,157.0
1701.0,157.0
1703.0,158.0
1701.0,157.0
1702.0,157.0
1703.0,157.0
1703.0,158.0
1702.0,157.0
1702.0,157.0
1702.0,157.0
1702.0,157.0
1703.0,157.0
1703.0,158.0
1704.0,159.0
1706.0,163.0
1704.0,160.0
1704.0,159.0
1704.0,160.0
1704.0,159.0
1705.0,160.0
1705.0,160.0
1705.0,159.0
1705.0,160.0
1706.0,162.0
1706.0,162.0
1707.0,161.0
1706.0,162.0
1706.0,162.0
1706.0,162.0
1706.0,162.0
1705.0,161.0
1706.0,161.0
1706.0,161.0
1707.0,162.0
1707.0,162.0
1705.0,160.0
1705.0,160.0
1701.0,160.0
1701.0,160.0
1701.0,159.0
1701.0,159.0
1701.0,160.0
1701.0,159.0
1702.0,160.0
1702.0,160.0
1701.0,161.0
1701.0,161.0
