x,y
571.0,931.0
569.0,928.0
569.0,922.0
572.0,922.0
579.0,923.0
579.0,923.0
587.0,921.0
592.0,920.0
595.0,917.0
595.0,918.0
597.0,917.0
600.0,919.0
597.0,916.0
595.0,916.0
593.0,916.0
592.0,914.0
590.0,912.0
590.0,901.0
586.0,890.0
574.0,877.0
568.0,882.0
548.0,897.0
535.0,892.0
523.0,897.0
509.0,893.0
494.0,889.0
487.0,878.0
483.0,868.0
474.0,862.0
465.0,849.0
466.0,840.0
466.0,841.0
464.0,841.0
453.0,846.0
443.0,844.0
437.0,836.0
430.0,829.0
425.0,809.0
425.0,801.0
417.0,778.0
415.0,759.0
400.0,742.0
391.0,718.0
359.0,701.0
326.0,677.0
280.0,641.0
289.0,611.0
271.0,564.0
255.0,525.0
237.0,496.0
221.0,458.0
203.0,438.0
197.0,427.0
189.0,424.0
195.0,418.0
195.0,409.0
199.0,391.0
198.0,374.0
197.0,365.0
201.0,362.0
185.0,355.0
199.0,365.0
197.0,369.0
194.0,376.0
204.0,372.0
211.0,370.0
220.0,372.0
222.0,365.0
229.0,366.0
229.0,364.0
231.0,360.0
229.0,362.0
230.0,358.0
229.0,359.0
227.0,362.0
231.0,371.0
236.0,370.0
234.0,360.0
235.0,365.0
239.0,368.0
241.0,367.0
236.0,368.0
236.0,367.0
232.0,374.0
233.0,367.0
232.0,366.0
231.0,364.0
232.0,363.0
228.0,361.0
226.0,360.0
230.0,355.0
228.0,353.0
228.0,352.0
228.0,353.0
230.0,362.0
230.0,362.0
229.0,353.0
229.0,352.0
229.0,352.0
229.0,352.0
