x,y
256.0,338.0
257.0,339.0
257.0,338.0
260.0,340.0
261.0,340.0
260.0,340.0
259.0,339.0
260.0,340.0
257.0,340.0
255.0,342.0
257.0,342.0
256.0,342.0
255.0,342.0
255.0,342.0
253.0,342.0
253.0,342.0
253.0,342.0
253.0,342.0
253.0,342.0
253.0,341.0
253.0,342.0
252.0,341.0
252.0,341.0
252.0,341.0
253.0,341.0
252.0,342.0
253.0,342.0
253.0,342.0
253.0,343.0
252.0,341.0
251.0,339.0
247.0,337.0
247.0,338.0
247.0,339.0
247.0,340.0
249.0,340.0
248.0,339.0
249.0,338.0
249.0,338.0
249.0,338.0
250.0,338.0
251.0,337.0
253.0,335.0
253.0,335.0
252.0,335.0
253.0,334.0
254.0,331.0
258.0,330.0
275.0,329.0
277.0,319.0
286.0,318.0
287.0,311.0
298.0,315.0
310.0,307.0
322.0,314.0
329.0,324.0
349.0,317.0
357.0,334.0
382.0,368.0
398.0,400.0
410.0,428.0
427.0,474.0
438.0,510.0
443.0,549.0
456.0,576.0
456.0,605.0
461.0,629.0
472.0,641.0
480.0,653.0
476.0,666.0
482.0,674.0
482.0,683.0
486.0,693.0
484.0,714.0
489.0,736.0
496.0,754.0
502.0,767.0
500.0,770.0
499.0,770.0
500.0,769.0
498.0,770.0
490.0,772.0
479.0,775.0
460.0,784.0
441.0,796.0
423.0,816.0
398.0,840.0
375.0,861.0
347.0,885.0
318.0,916.0
297.0,943.0
266.0,979.0
241.0,1018.0
226.0,1060.0
217.0,1077.0
374.0,978.0
374.0,979.0
374.0,979.0
374.0,979.0
374.0,979.0
