x,y
1235.0,851.0
1233.0,850.0
1232.0,850.0
1231.0,851.0
1231.0,851.0
1230.0,850.0
1230.0,850.0
1231.0,850.0
1231.0,851.0
1231.0,850.0
1230.0,850.0
1230.0,851.0
1231.0,851.0
1231.0,851.0
1231.0,851.0
1232.0,852.0
1235.0,853.0
1234.0,851.0
1233.0,849.0
1234.0,847.0
1234.0,845.0
1235.0,846.0
1237.0,844.0
1237.0,843.0
1238.0,843.0
1238.0,841.0
1237.0,842.0
1238.0,838.0
1236.0,832.0
1236.0,833.0
1235.6666666666667,833.6666666666666
1235.3333333333333,834.3333333333334
1235.0,835.0
1235.0,840.0
1236.0,840.0
1234.0,831.0
1235.0,833.0
1235.0,833.0
1235.0,832.0
1237.0,841.0
1236.0,844.0
1237.0,842.0
1237.0,844.0
1237.0,844.0
1238.0,844.0
1239.0,845.0
1239.0,845.0
1240.0,844.0
1240.0,843.0
1240.0,842.0
1240.0,843.0
1240.0,845.0
1243.0,844.0
1249.0,845.0
1262.0,858.0
1272.0,861.0
1282.0,862.0
1286.0,862.0
1281.0,865.0
1279.0,863.0
1276.0,858.0
1276.0,852.0
1268.0,845.0
1263.0,826.0
1245.0,809.0
1237.0,795.0
1230.0,770.0
1212.0,759.0
1193.0,765.0
1156.0,763.0
1131.0,773.0
1099.0,768.0
1061.0,765.0
1017.0,755.0
977.0,761.0
940.0,768.0
916.0,786.0
899.0,816.0
880.0,845.0
869.0,881.0
866.0,893.0
862.0,891.0
860.0,885.0
856.0,873.0
848.0,871.0
844.0,862.0
836.0,863.0
836.0,863.0
834.0,873.0
837.0,864.0
837.0,865.0
844.0,863.0
843.0,868.0
836.0,862.0
834.0,861.0
837.0,867.0
834.0,872.0
826.0,873.0
822.0,886.0
809.0,889.0
