x,y
1238.0,838.0
1238.0,839.0
1239.0,839.0
1239.0,839.0
1239.0,839.0
1239.0,840.0
1238.0,839.0
1238.0,839.0
1239.0,840.0
1239.0,840.0
1239.0,839.0
1239.0,840.0
1238.0,839.0
1238.0,839.0
1239.0,839.0
1239.0,839.0
1239.0,840.0
1238.0,840.0
1239.0,840.0
1240.0,840.0
1240.0,842.0
1239.0,842.0
1240.0,842.0
1240.0,842.0
1240.0,842.0
1240.0,842.0
1240.0,842.0
1240.0,842.0
1240.0,841.0
1240.0,842.0
1241.0,841.0
1241.0,841.0
1241.0,841.0
1241.0,841.0
1241.0,841.0
1241.0,841.0
1241.0,841.0
1242.0,841.0
1242.0,840.0
1242.0,840.0
1242.0,840.0
1242.0,840.0
1242.0,841.0
1242.0,842.0
1242.0,843.0
1243.0,843.0
1242.0,843.0
1242.0,844.0
1242.0,844.0
1243.0,844.0
1243.0,844.0
1243.0,844.0
1243.0,844.0
1242.0,844.0
1242.0,845.0
1243.0,845.0
1242.0,845.0
1242.0,845.0
1242.0,845.0
1242.0,845.0
1241.0,845.0
1241.0,846.0
1241.0,846.0
1240.0,845.0
1240.0,846.0
1241.0,846.0
1240.0,845.0
1240.0,846.0
1240.0,846.0
1240.0,846.0
1240.0,846.0
1240.0,846.0
1241.0,847.0
1240.0,848.0
1240.0,848.0
1238.0,848.0
1238.0,849.0
1237.0,848.0
1238.0,849.0
1236.0,848.0
1237.0,848.0
1235.0,848.0
1236.0,848.0
1236.0,848.0
1235.0,848.0
1235.0,850.0
1234.0,850.0
1234.0,850.0
1234.0,850.0
1234.0,851.0
1234.0,850.0
1234.0,851.0
1235.0,849.0
1238.0,853.0
1234.0,852.0
1234.0,850.0
1238.0,854.0
1237.0,854.0
1234.0,851.0
1234.0,850.0
