x,y
1406.0,214.0
1406.0,215.0
1406.0,214.0
1405.0,215.0
1406.0,215.0
1407.0,214.0
1407.0,215.0
1406.0,215.0
1405.0,213.0
1406.0,213.0
1407.0,215.0
1408.0,215.0
1409.0,216.0
1409.0,216.0
1409.0,215.0
1409.0,218.0
1409.0,216.0
1409.0,216.0
1410.0,216.0
1410.0,215.0
1411.0,215.0
1410.0,216.0
1410.0,216.0
1410.0,216.0
1409.0,218.0
1410.0,219.0
1410.0,220.0
1411.0,221.0
1413.0,222.0
1411.0,221.0
1411.0,222.0
1412.0,222.0
1412.0,222.0
1412.0,222.0
1413.0,221.0
1413.0,221.0
1414.0,221.0
1413.0,222.0
1413.0,221.0
1413.0,222.0
1414.0,220.0
1414.0,222.0
1414.0,223.0
1415.0,223.0
1415.0,223.0
1416.0,224.0
1415.0,224.0
1415.0,223.0
1418.0,224.0
1416.0,223.0
1416.0,224.0
1417.0,225.0
1417.0,225.0
1418.0,225.0
1418.0,224.0
1417.0,224.0
1417.0,225.0
1417.0,225.0
1416.0,225.0
1417.0,225.0
1418.0,225.0
1419.0,225.0
1420.0,226.0
1421.0,227.0
1421.0,226.0
1422.0,226.0
1425.0,228.0
1426.0,227.0
1426.0,228.0
1428.0,224.0
1428.0,224.0
1429.0,225.0
1430.0,226.0
1429.0,227.0
1428.0,227.0
1430.0,226.0
1429.0,227.0
1430.0,225.0
1430.0,226.0
1430.0,226.0
1430.0,225.0
1429.0,223.0
1429.0,225.0
1429.0,225.0
1430.0,224.0
1428.0,225.0
1427.0,224.0
1428.0,225.0
1434.0,221.0
1432.0,225.0
1431.0,223.0
1434.0,221.0
1433.0,222.0
1433.0,221.0
1433.0,222.0
1433.0,224.0
1433.0,224.0
1433.0,225.0
1433.0,224.0
1433.0,223.0
