x,y
1519.0,587.0
1519.0,587.0
1519.0,587.0
1519.0,586.0
1519.0,585.0
1518.0,585.0
1518.0,585.0
1517.0,583.0
1518.0,582.0
1517.0,583.0
1517.0,582.0
1517.0,582.0
1517.0,582.0
1518.0,582.0
1517.0,583.0
1517.0,584.0
1517.0,583.0
1517.0,583.0
1516.0,584.0
1517.0,584.0
1518.0,583.0
1517.0,583.0
1517.0,584.0
1516.0,583.0
1515.0,583.0
1517.0,584.0
1519.0,585.0
1520.0,585.0
1520.0,584.0
1522.0,586.0
1523.0,587.0
1524.0,585.0
1523.0,584.0
1523.0,583.0
1524.0,583.0
1528.0,584.0
1526.0,583.0
1525.0,583.0
1527.0,583.0
1528.0,582.0
1527.0,582.0
1527.0,591.0
1531.0,595.0
1528.0,607.0
1538.0,614.0
1546.0,624.0
1551.0,640.0
1553.0,662.0
1552.0,681.0
1546.0,700.0
1558.0,706.0
1565.0,709.0
1567.0,714.0
1563.0,725.0
1563.0,719.0
1559.0,720.0
1555.0,727.0
1559.0,728.0
1561.0,742.0
1564.0,741.0
1565.0,741.0
1561.0,744.0
1564.0,744.0
1565.0,742.0
1572.0,740.0
1572.0,740.0
1569.0,738.0
1571.0,735.0
1568.0,736.0
1565.0,740.0
1564.0,739.0
1566.0,739.0
1565.0,740.0
1564.0,739.0
1565.0,740.0
1564.0,739.0
1564.0,740.0
1564.0,739.0
1564.0,739.0
1564.0,739.0
1565.0,737.0
1564.0,736.0
1556.0,738.0
1556.0,738.0
1563.0,739.0
1563.0,738.0
1564.0,739.0
1564.0,736.0
1561.0,735.0
1556.0,738.0
1556.0,738.0
1544.0,740.0
1556.0,738.0
1566.0,737.0
1563.0,736.0
1555.0,739.0
1556.0,739.0
1562.0,736.0
1556.0,737.0
1556.0,738.0
