x,y
928.0,639.0
929.0,639.0
931.0,639.0
933.0,639.0
931.0,639.0
929.0,638.0
929.0,638.0
930.0,638.0
929.0,638.0
928.0,638.0
929.0,638.0
929.0,639.0
929.0,639.0
930.0,639.0
932.0,640.0
933.0,640.0
932.0,640.0
933.0,641.0
934.0,640.0
935.0,641.0
935.0,638.0
934.0,637.0
934.0,638.0
937.0,639.0
937.0,638.0
936.0,637.0
937.0,637.0
939.0,637.0
939.0,638.0
943.0,637.0
946.0,637.0
946.0,635.0
947.0,634.0
951.0,641.0
948.0,641.0
939.0,644.0
953.0,635.0
951.0,632.0
957.0,629.0
961.0,625.0
961.0,627.0
960.0,629.0
956.0,631.0
956.0,635.0
953.0,642.0
952.0,646.0
956.0,649.0
956.0,652.0
958.0,651.0
964.0,647.0
968.0,649.0
970.0,653.0
972.0,654.0
964.0,662.0
963.0,677.0
964.0,690.0
955.0,668.0
940.0,687.0
934.0,684.0
935.0,679.0
936.0,680.0
937.0,678.0
935.0,678.0
936.0,677.0
937.0,676.0
935.0,675.0
933.0,673.0
935.0,675.0
936.0,675.0
936.0,675.0
937.0,676.0
938.0,676.0
938.0,676.0
938.5,635.5
939.0,595.0
948.0,599.5
957.0,604.0
958.0,608.0
959.0,608.0
963.0,611.0
968.0,619.0
969.0,608.0
971.0,609.0
983.0,601.0
986.0,595.0
992.0,592.0
993.0,591.0
996.0,579.0
1005.0,573.0
1009.0,568.0
1019.0,566.0
1019.0,565.0
1016.0,566.0
1014.0,557.0
1014.0,560.0
1017.0,550.0
1025.0,553.0
1022.0,548.0
1024.0,548.0
1027.0,546.0
