x,y
1136.0,843.0
1135.0,841.0
1135.0,841.0
1136.0,841.0
1136.0,841.0
1135.0,841.0
1135.0,841.0
1135.0,841.0
1135.0,842.0
1132.0,845.0
1132.0,845.0
1133.0,845.0
1133.0,845.0
1134.0,845.0
1133.0,845.0
1133.0,844.0
1132.0,843.0
1131.0,843.0
1132.0,842.0
1133.0,841.0
1135.0,841.0
1135.0,842.0
1134.0,842.0
1134.0,842.0
1134.0,839.0
1129.0,828.0
1118.0,810.0
1118.0,810.0
1118.0,811.0
1118.0,811.0
1119.0,811.0
1119.0,811.0
1119.0,811.0
1119.0,811.0
1118.0,811.0
1118.0,811.0
1119.0,810.0
1118.0,811.0
1119.0,811.0
1118.0,811.0
1118.0,810.0
1118.0,811.0
1119.0,811.0
1119.0,812.0
1117.0,812.0
1109.0,818.0
1126.0,805.0
1139.0,841.0
1121.0,836.0
1107.0,843.0
1091.0,833.0
1081.0,845.0
1057.0,856.0
1046.0,861.0
1039.0,861.0
1035.0,858.0
1031.0,852.0
1036.0,847.0
1041.0,842.0
1042.0,840.0
1042.0,838.0
1043.0,843.0
1041.0,841.0
1040.0,838.0
1042.0,838.0
1041.0,838.0
1037.0,835.0
1037.0,833.0
1040.0,831.0
1040.0,827.0
1041.0,832.0
1041.0,828.0
1041.0,828.0
1040.0,830.0
1039.0,830.0
1033.0,833.0
1033.0,837.0
1039.0,836.0
1042.0,837.0
1041.0,838.0
1036.0,841.0
1024.0,845.0
1007.0,853.0
977.0,879.0
951.0,893.0
905.0,911.0
882.0,914.0
844.0,930.0
821.0,924.0
804.0,922.0
790.0,912.0
796.0,902.0
805.0,895.0
821.0,891.0
844.0,884.0
859.0,857.0
871.0,852.0
896.0,839.0
922.0,829.0
926.0,826.0
