x,y
954.0,567.0
952.0,567.0
951.0,567.0
949.0,563.0
949.0,562.0
946.0,561.0
946.0,561.0
945.0,561.0
945.0,561.0
945.0,561.0
945.0,561.0
944.0,562.0
944.0,562.0
944.0,561.0
943.0,562.0
944.0,562.0
943.0,561.0
938.0,559.0
933.0,560.0
932.0,558.0
930.0,559.0
931.0,556.0
931.0,556.0
932.0,556.0
931.0,556.0
931.0,556.0
930.0,557.0
930.0,557.0
934.0,558.0
930.0,557.0
935.0,558.0
934.0,557.0
933.0,557.0
931.0,556.0
934.0,555.0
932.0,555.0
932.0,554.0
932.0,554.0
932.0,553.0
933.0,554.0
933.0,554.0
933.0,552.0
930.0,552.0
928.0,552.0
929.0,550.0
927.0,553.0
927.0,553.0
927.0,553.0
927.0,553.0
928.0,552.0
928.0,553.0
929.0,554.0
926.0,553.0
926.0,552.0
926.0,553.0
926.0,552.0
926.0,553.0
928.0,553.0
925.0,554.0
926.0,553.0
925.0,552.0
927.0,551.0
927.0,552.0
928.0,550.0
929.0,550.0
928.0,551.0
928.0,550.0
928.0,550.0
928.0,551.0
928.0,552.0
928.0,552.0
927.0,551.0
928.0,550.0
928.0,550.0
929.0,549.0
930.0,549.0
930.0,550.0
930.0,547.0
930.0,547.0
930.0,547.0
931.0,547.0
932.0,548.0
933.0,547.0
933.0,548.0
933.0,547.0
936.0,546.0
935.0,546.0
935.0,546.0
934.0,546.0
935.0,546.0
934.0,546.0
934.0,547.0
937.0,546.0
935.0,547.0
936.0,545.0
935.0,547.0
937.0,546.0
935.0,547.0
935.0,546.0
935.0,547.0
