x,y
1620.0,534.0
1620.0,534.0
1620.0,533.0
1619.0,533.0
1619.0,532.0
1617.0,532.0
1617.0,531.0
1617.0,531.0
1617.0,530.0
1616.0,529.0
1619.0,528.0
1619.0,529.0
1619.0,528.0
1619.0,528.0
1619.0,529.0
1619.0,528.0
1618.0,528.0
1619.0,528.0
1619.0,527.0
1619.0,525.0
1620.0,525.0
1623.0,524.0
1623.0,524.0
1623.0,525.0
1623.0,524.0
1623.0,524.0
1624.0,525.0
1623.0,524.0
1622.0,524.0
1623.0,524.0
1623.0,524.0
1623.0,524.0
1623.0,524.0
1622.0,524.0
1623.0,525.0
1623.0,525.0
1623.0,524.0
1623.0,524.0
1622.0,523.0
1622.0,524.0
1623.0,524.0
1624.0,523.0
1626.0,524.0
1628.0,523.0
1627.0,525.0
1630.0,524.0
1630.0,524.0
1630.0,524.0
1630.0,525.0
1632.0,526.0
1634.0,525.0
1633.0,525.0
1633.0,525.0
1632.0,525.0
1630.0,525.0
1630.0,526.0
1632.0,525.0
1631.0,526.0
1633.0,525.0
1631.0,525.0
1631.0,525.0
1634.0,524.0
1629.0,522.0
1626.0,523.0
1627.0,526.0
1627.0,525.0
1631.0,523.0
1632.0,524.0
1631.0,526.0
1630.0,522.0
1629.0,522.0
1629.0,524.0
1627.0,522.0
1626.0,524.0
1628.0,521.0
1625.0,525.0
1629.0,518.0
1628.0,520.0
1630.0,523.0
1631.0,526.0
1638.0,527.0
1646.0,529.0
1651.0,531.0
1653.0,547.0
1652.0,560.0
1656.0,576.0
1650.0,581.0
1655.0,592.0
1659.0,600.0
1665.0,605.0
1662.0,604.0
1668.0,609.0
1673.0,609.0
1679.0,608.0
1679.0,612.0
1679.0,617.0
1681.0,612.0
1680.0,619.0
1679.0,616.0
1677.0,616.0
