x,y
820.0,526.0
820.0,526.0
819.0,526.0
819.0,527.0
819.0,527.0
819.0,526.0
818.0,526.0
818.0,526.0
818.0,526.0
818.0,526.0
818.0,526.0
818.0,525.0
818.0,525.0
819.0,525.0
819.0,525.0
819.0,526.0
820.0,526.0
820.0,525.0
820.0,525.0
821.0,525.0
823.0,527.0
823.0,528.0
823.0,527.0
823.0,528.0
823.0,527.0
823.0,528.0
822.0,528.0
822.0,527.0
822.0,528.0
823.0,528.0
822.0,528.0
822.0,528.0
823.0,527.0
823.0,527.0
822.0,528.0
822.0,527.0
823.0,527.0
822.0,528.0
823.0,527.0
823.0,527.0
823.0,527.0
824.0,526.0
823.0,524.0
824.0,522.0
826.0,520.0
824.0,522.0
825.0,525.0
824.0,525.0
824.0,524.0
824.0,523.0
824.0,523.0
823.0,527.0
822.0,527.0
822.0,527.0
821.0,526.0
820.0,527.0
821.0,526.0
821.0,526.0
820.0,525.0
819.0,523.0
819.0,522.0
820.0,526.0
822.0,527.0
820.0,527.0
818.0,522.0
824.0,521.0
827.0,524.0
824.0,525.0
821.0,524.0
822.0,524.0
824.0,529.0
823.0,527.0
820.0,525.0
819.0,526.0
821.0,526.0
824.0,530.0
824.0,532.0
825.0,533.0
828.0,533.0
828.0,534.0
830.0,534.0
831.0,535.0
832.0,534.0
830.0,534.0
830.0,534.0
830.0,534.0
830.0,534.0
833.0,536.0
834.0,537.0
842.0,539.0
837.0,537.0
839.0,537.0
844.0,541.0
846.0,543.0
848.0,541.0
849.0,541.0
839.0,537.0
830.0,540.0
838.0,547.0
839.0,550.0
