x,y
984.0,749.0
983.0,748.0
984.0,748.0
983.0,750.0
983.0,749.0
983.0,749.0
984.0,749.0
984.0,749.0
984.0,749.0
984.0,749.0
983.0,749.0
982.0,751.0
983.0,751.0
983.0,751.0
983.0,751.0
983.0,751.0
983.0,751.0
984.0,751.0
983.0,751.0
984.0,751.0
984.0,751.0
984.0,751.0
984.0,751.0
984.0,751.0
984.0,751.0
984.0,751.0
984.0,751.0
984.0,751.0
983.0,752.0
983.0,752.0
982.0,752.0
982.0,752.0
983.0,752.0
982.0,752.0
983.0,752.0
983.0,753.0
982.0,752.0
984.0,752.0
984.0,753.0
984.0,753.0
984.0,753.0
984.0,753.0
984.0,753.0
984.0,753.0
984.0,753.0
984.0,752.0
985.0,752.0
983.0,751.0
984.0,752.0
984.0,752.0
984.0,752.0
984.0,752.0
983.0,751.0
983.0,751.0
983.0,752.0
983.0,752.0
983.0,752.0
984.0,753.0
983.0,752.0
983.0,752.0
983.0,751.0
983.0,751.0
984.0,751.0
982.0,751.0
980.0,751.0
980.0,750.0
979.0,750.0
978.0,751.0
975.0,751.0
971.0,749.0
971.0,749.0
969.0,750.0
972.0,751.0
961.0,751.0
958.0,746.0
944.0,734.0
949.0,719.0
949.0,701.0
946.0,689.0
950.0,673.0
953.0,674.0
944.0,683.0
945.0,685.0
937.0,668.0
938.0,669.0
939.0,670.0
935.0,679.0
934.0,679.0
926.0,684.0
935.0,678.0
936.0,669.0
949.0,666.0
935.0,663.0
928.0,671.0
936.0,666.0
941.0,665.0
947.0,665.0
941.0,666.0
936.0,665.0
937.0,666.0
