x,y
1540.0,1006.0
1524.0,995.0
1491.0,999.0
1474.0,1010.0
1473.0,1029.0
1475.0,1037.0
1481.0,1032.0
1485.0,1020.0
1488.0,1005.0
1482.0,986.0
1465.0,964.0
1463.0,957.0
1475.0,961.0
1500.0,970.0
1527.0,970.0
1532.0,966.0
1534.0,959.0
1536.0,947.0
1542.0,932.0
1538.0,933.0
1534.0,928.0
1535.0,926.0
1541.0,926.0
1533.0,921.0
1524.0,920.0
1527.0,909.0
1523.0,907.0
1518.0,905.0
1514.0,899.0
1516.0,900.0
1520.0,897.0
1524.0,900.0
1517.0,899.0
1521.0,899.0
1518.0,900.0
1521.0,899.0
1524.0,900.0
1525.0,901.0
1523.0,896.0
1517.0,904.0
1513.0,901.0
1522.0,901.0
1518.0,896.0
1518.0,902.0
1519.0,895.0
1519.0,901.0
1518.0,900.0
1518.0,900.0
1517.0,900.0
1517.0,900.0
1519.0,899.0
1518.0,898.0
1519.0,898.0
1518.0,897.0
1518.0,897.0
1518.0,897.0
1518.0,897.0
1521.0,897.0
1522.0,897.0
1520.0,897.0
1520.0,897.0
1518.0,896.0
1520.0,896.0
1520.0,895.0
1519.0,896.0
1519.0,897.0
1520.0,897.0
1519.0,897.0
1521.0,896.0
1522.0,893.0
1523.0,891.0
1523.0,892.0
1524.0,891.0
1523.0,889.0
1521.0,889.0
1523.0,888.0
1523.0,888.0
1524.0,887.0
1524.0,886.0
1524.0,886.0
1524.0,886.0
1523.0,888.0
1525.0,887.0
1524.0,887.0
1526.0,885.0
1525.0,886.0
1526.0,886.0
1524.0,887.0
1523.0,886.0
1523.0,887.0
1522.0,887.0
1523.0,886.0
1524.0,883.0
1523.0,887.0
1523.0,886.0
1525.0,883.0
1525.0,887.0
1524.0,882.0
1524.0,882.0
1525.0,883.0
