x,y
1606.0,41.0
1607.0,40.0
1607.0,39.0
1606.0,39.0
1608.0,39.0
1608.0,38.0
1608.0,36.0
1608.0,36.0
1608.0,36.0
1608.0,36.0
1609.0,35.0
1609.0,36.0
1608.0,34.0
1609.0,33.0
1609.0,33.0
1609.0,33.0
1608.0,33.0
1608.0,33.0
1608.0,33.0
1607.0,33.0
1608.0,32.0
1608.0,31.0
1608.0,32.0
1607.0,31.0
1607.0,29.0
1608.0,29.0
1609.0,29.0
1610.0,28.0
1610.0,28.0
1612.0,29.0
1611.0,29.0
1610.0,28.0
1611.0,28.0
1611.0,28.0
1612.0,28.0
1612.0,28.0
1612.0,28.0
1612.0,28.0
1613.0,28.0
1613.0,27.0
1613.0,27.0
1613.0,28.0
1613.0,27.0
1607.0,26.0
1614.0,28.0
1613.0,27.0
1614.0,27.0
1615.0,26.0
1617.0,28.0
1616.0,28.0
1616.0,27.0
1617.0,30.0
1618.0,31.0
1619.0,32.0
1620.0,32.0
1621.0,32.0
1621.0,32.0
1621.0,32.0
1619.0,33.0
1621.0,31.0
1621.0,31.0
1620.0,31.0
1620.0,31.0
1620.0,31.0
1620.0,30.0
1620.0,30.0
1620.0,29.0
1620.0,30.0
1620.0,30.0
1620.0,30.0
1620.0,30.0
1620.0,29.0
1620.0,30.0
1620.0,29.0
1621.0,30.0
1621.0,30.0
1621.0,30.0
1622.0,31.0
1622.0,31.0
1622.0,32.0
1622.0,32.0
1622.0,33.0
1623.0,33.0
1623.0,31.0
1624.0,31.0
1623.0,30.0
1623.0,33.0
1623.0,35.0
1622.0,34.0
1622.0,35.0
1622.0,35.0
1622.0,36.0
1623.0,36.0
1623.0,37.0
1623.0,37.0
1623.0,37.0
1621.0,35.0
1621.0,35.0
1621.0,35.0
1622.0,36.0
