x,y
1207.0,228.0
1205.0,227.0
1205.0,230.0
1205.0,228.0
1221.0,230.0
1225.0,222.0
1231.0,233.0
1229.0,251.0
1234.0,274.0
1226.0,301.0
1218.0,316.0
1205.0,319.0
1194.0,316.0
1178.0,311.0
1169.0,314.0
1178.0,335.0
1163.0,373.0
1125.0,414.0
1064.0,445.0
997.0,541.0
910.0,621.0
838.0,643.0
769.0,699.0
694.0,772.0
653.0,833.0
638.0,887.0
626.0,929.0
606.0,963.0
598.0,1005.0
591.0,1025.0
595.0,1028.0
590.0,1013.0
584.0,991.0
579.0,953.0
584.0,919.0
588.0,881.0
593.0,850.0
599.0,826.0
600.0,818.0
599.0,821.0
601.0,817.0
602.0,817.0
600.0,817.0
602.0,817.0
603.0,817.0
602.0,817.0
601.0,823.0
602.0,822.0
602.0,821.0
603.0,817.0
604.0,817.0
604.0,817.0
606.0,816.0
606.0,815.0
605.0,815.0
606.0,816.0
607.0,816.0
606.0,815.0
607.0,816.0
606.0,816.0
607.0,816.0
607.0,817.0
607.0,816.0
610.0,817.0
612.0,817.0
611.0,818.0
611.0,818.0
615.0,822.0
612.0,818.0
612.0,819.0
611.0,819.0
614.0,820.0
614.0,820.0
614.0,821.0
613.0,820.0
612.0,820.0
613.0,820.0
613.0,820.0
611.0,821.0
612.0,820.0
612.0,820.0
612.0,820.0
612.0,820.0
613.0,822.0
613.0,820.0
613.0,821.0
613.0,820.0
613.0,821.0
613.0,821.0
613.0,821.0
614.0,821.0
614.0,821.0
614.0,822.0
614.0,823.0
615.0,822.0
612.0,822.0
610.0,821.0
615.0,823.0
615.0,823.0
613.0,821.0
