x,y
720.0,882.0
719.0,882.0
724.0,887.0
724.0,888.0
723.0,886.0
721.0,886.0
719.0,886.0
718.0,883.0
718.0,885.0
717.0,884.0
718.0,886.0
719.0,889.0
718.0,886.0
717.0,887.0
718.0,888.0
718.0,887.0
718.0,887.0
718.0,887.0
717.0,887.0
717.0,887.0
717.0,887.0
717.0,887.0
717.0,887.0
717.0,887.0
717.0,887.0
717.0,887.0
725.0,886.0
726.0,885.0
722.0,887.0
722.0,887.0
719.0,887.0
721.0,888.0
720.0,888.0
719.0,889.0
720.0,889.0
721.0,888.0
721.0,887.6666666666666
721.0,887.3333333333334
721.0,887.0
722.0,887.0
717.25,889.25
712.5,891.5
707.75,893.75
703.0,896.0
702.0,899.0
706.0,898.0
705.0,899.0
705.0,899.0
704.0,898.0
703.0,899.0
706.0,898.0
707.0,898.0
708.0,897.0
707.0,897.0
707.0,897.0
704.0,899.0
707.0,898.0
707.0,899.0
707.0,898.0
707.0,899.0
707.0,897.0
705.0,900.0
705.0,900.0
705.0,899.0
705.0,900.0
705.0,900.0
705.0,900.0
705.0,900.0
705.0,899.0
704.0,899.0
704.0,900.0
704.0,899.0
704.0,900.0
703.0,902.0
703.0,900.0
704.0,901.0
707.0,903.0
708.0,903.0
702.0,905.0
703.0,906.0
703.0,905.0
704.0,907.0
704.0,907.0
704.0,906.0
707.0,905.0
705.0,907.0
707.0,904.0
707.0,903.0
707.0,903.0
707.0,904.0
706.0,906.0
703.0,906.0
707.0,904.0
707.0,904.0
707.0,904.0
707.0,904.0
703.0,906.0
703.0,906.0
708.0,905.0
703.0,905.0
