x,y
125.0,667.0
196.0,628.0
242.0,574.0
265.0,522.0
274.0,489.0
300.0,476.0
336.0,464.0
347.0,501.0
360.0,504.0
365.0,503.0
371.0,509.0
376.0,509.0
380.0,506.0
362.0,518.0
347.0,526.0
343.0,547.0
346.0,565.0
353.0,565.0
352.0,546.0
357.0,532.0
348.0,482.0
353.0,474.0
368.0,478.0
367.0,509.0
362.0,543.0
318.0,600.0
310.0,635.0
291.0,672.0
282.0,701.0
307.0,737.0
354.0,766.0
411.0,786.0
479.0,775.0
551.0,739.0
614.0,686.0
667.0,626.0
720.0,570.0
765.0,551.0
792.0,534.0
806.0,527.0
808.0,525.0
807.0,543.0
816.0,570.0
828.0,583.0
828.0,582.0
839.0,583.0
845.0,598.0
842.0,611.0
850.0,618.0
860.0,619.0
863.0,613.0
863.0,589.0
871.0,556.0
869.0,512.0
869.0,473.0
851.0,417.0
814.0,376.0
753.0,312.0
671.0,271.0
586.0,220.0
477.0,182.0
356.0,149.0
240.0,108.0
128.0,30.0
