x,y
598.0,900.0
596.0,901.0
596.0,901.0
597.0,899.0
597.0,899.0
597.0,899.0
597.0,899.0
596.0,900.0
597.0,899.0
597.0,896.0
595.0,897.0
596.0,896.0
595.0,897.0
597.0,896.0
596.0,896.0
596.0,896.0
596.0,896.0
593.0,894.0
590.0,891.0
589.0,892.0
598.0,897.0
597.0,897.0
597.0,897.0
596.0,898.0
596.0,898.0
596.0,898.0
594.0,895.0
595.0,896.0
595.0,896.0
595.0,896.0
595.0,895.0
595.0,894.0
594.0,895.0
585.0,887.0
583.0,887.0
580.0,886.0
580.0,886.0
579.0,887.0
579.0,887.0
580.0,886.0
578.0,888.0
578.0,888.0
577.0,888.0
577.0,887.0
577.0,888.0
575.0,888.0
579.0,886.0
579.0,886.0
575.0,885.0
575.0,885.0
577.0,888.0
579.0,884.0
576.0,889.0
572.0,890.0
573.0,890.0
573.0,891.0
573.0,891.0
574.0,893.0
575.0,894.0
574.0,896.0
576.0,894.0
575.0,895.0
574.0,894.0
573.0,894.0
572.0,894.0
572.0,895.0
569.0,895.0
568.0,893.0
570.0,894.0
564.0,892.0
545.0,895.0
535.0,888.0
530.0,898.0
511.0,887.0
509.0,885.0
513.0,880.0
509.0,867.0
505.0,870.0
498.0,861.0
502.0,867.0
505.0,860.0
498.0,855.0
494.0,847.0
495.0,843.0
495.0,842.0
495.0,840.0
496.0,841.0
495.0,840.0
495.0,840.0
494.0,841.0
494.0,842.0
495.0,843.0
493.0,844.0
490.0,843.0
491.0,844.0
496.0,846.0
498.0,845.0
498.0,845.0
498.0,845.0
498.0,845.0
