x,y
1125.0,801.0
1135.0,810.0
1138.0,806.0
1139.0,788.0
1124.0,770.0
1107.0,754.0
1087.0,740.0
1061.0,726.0
1036.0,722.0
1016.0,715.0
1001.0,711.0
981.0,714.0
961.0,716.0
944.0,713.0
926.0,711.0
921.0,710.0
910.0,709.0
904.0,710.0
902.0,708.0
905.0,710.0
908.0,715.0
908.0,720.0
907.0,725.0
898.0,714.0
883.0,705.0
871.0,680.0
861.0,657.0
865.0,621.0
878.0,587.0
893.0,557.0
911.0,532.0
914.0,528.0
904.0,522.0
908.0,519.0
908.0,524.0
898.0,520.0
903.0,519.0
897.0,522.0
891.0,524.0
905.0,537.0
892.0,540.0
886.0,539.0
890.0,533.0
892.0,534.0
891.0,536.0
889.0,535.0
890.0,534.0
893.0,531.0
891.0,530.0
891.0,530.0
891.0,531.0
891.0,531.0
891.0,531.0
892.0,531.0
895.0,526.0
907.0,515.0
907.0,515.0
906.0,519.0
907.0,519.0
906.0,520.0
906.0,521.0
906.0,515.0
906.0,521.0
907.0,521.0
907.0,516.0
906.0,521.0
889.0,530.0
888.0,529.0
888.0,529.0
879.0,524.0
878.0,522.0
880.0,522.0
876.0,522.0
875.0,519.0
879.0,522.0
878.0,522.0
878.0,522.0
876.0,519.0
877.0,520.0
877.0,519.0
877.0,519.0
877.0,519.0
877.0,521.0
884.0,528.0
885.0,528.0
886.0,530.0
886.0,529.0
885.0,529.0
873.0,523.0
884.0,533.0
885.0,535.0
862.0,528.0
847.0,531.0
827.0,527.0
811.0,526.0
791.0,516.0
786.0,496.0
787.0,458.0
788.0,418.0
798.0,362.0
