x,y
969.0,321.0
968.0,320.0
969.0,320.0
969.0,320.0
968.0,320.0
968.0,320.0
969.0,320.0
968.0,320.0
968.0,320.0
968.0,320.0
968.0,320.0
968.0,320.0
968.0,320.0
968.0,320.0
968.0,320.0
968.0,320.0
968.0,320.0
968.0,320.0
968.0,319.0
968.0,319.0
968.0,319.0
968.0,320.0
968.0,320.0
968.0,320.0
967.0,320.0
968.0,319.0
968.0,320.0
968.0,319.0
967.0,317.0
967.0,317.0
967.0,316.0
967.0,314.0
968.0,313.0
968.0,315.0
967.0,313.0
967.0,312.0
968.0,312.0
968.0,312.0
967.0,311.0
967.0,312.0
967.0,312.0
968.0,313.0
967.0,312.0
967.0,313.0
967.0,314.0
967.0,314.0
967.0,314.0
967.0,314.0
967.0,314.0
967.0,314.0
967.0,315.0
967.0,314.0
964.0,314.0
964.0,314.0
964.0,315.0
965.0,313.0
964.0,315.0
964.0,315.0
964.0,313.0
964.0,313.0
964.0,313.0
964.0,314.0
963.0,314.0
963.0,314.0
964.0,314.0
964.0,314.0
963.0,314.0
963.0,313.0
963.0,313.0
964.0,314.0
964.0,313.0
966.0,315.0
964.0,314.0
965.0,315.0
965.0,315.0
965.0,315.0
966.0,316.0
966.0,315.0
966.0,316.0
966.0,317.0
966.0,316.0
965.0,315.0
964.0,316.0
964.0,316.0
965.0,316.0
966.0,317.0
966.0,318.0
966.0,318.0
967.0,318.0
968.0,317.0
970.0,313.0
970.0,314.0
971.0,311.0
986.0,307.0
991.0,304.0
995.0,299.0
1003.0,302.0
1008.0,309.0
1010.0,311.0
1010.0,308.0
