x,y
977.0,325.0
977.0,325.0
977.0,326.0
977.0,325.0
978.0,325.0
977.0,324.0
977.0,325.0
977.0,324.0
977.0,325.0
977.0,325.0
977.0,325.0
977.0,325.0
977.0,325.0
977.0,325.0
977.0,325.0
978.0,325.0
978.0,325.0
978.0,325.0
978.0,325.0
978.0,325.0
977.0,326.0
977.0,326.0
978.0,325.0
977.0,325.0
977.0,325.0
977.0,326.0
977.0,325.0
977.0,326.0
977.0,326.0
977.0,325.0
977.0,325.0
977.0,325.0
977.0,325.0
977.0,324.0
977.0,324.0
975.0,326.0
976.0,324.0
975.0,323.0
977.0,325.0
977.0,325.0
977.0,325.0
977.0,325.0
976.0,324.0
976.0,325.0
975.0,325.0
975.0,325.0
975.0,325.0
975.0,327.0
975.0,326.0
975.0,327.0
974.0,327.0
975.0,328.0
974.0,327.0
975.0,323.0
975.0,324.0
974.0,324.0
974.0,324.0
974.0,325.0
974.0,325.0
973.0,325.0
973.0,324.0
972.0,328.0
972.0,328.0
972.0,328.0
972.0,328.0
972.0,328.0
972.0,328.0
972.0,327.0
971.0,326.0
970.0,326.0
970.0,326.0
971.0,326.0
969.0,324.0
970.0,323.0
969.0,322.0
969.0,323.0
970.0,321.0
970.0,321.0
970.0,321.0
970.0,320.0
971.0,320.0
969.0,321.0
969.0,320.0
969.0,320.0
969.0,320.0
969.0,320.0
969.0,320.0
969.0,320.0
969.0,320.0
969.0,321.0
969.0,321.0
969.0,321.0
969.0,320.0
969.0,319.0
970.0,321.0
969.0,321.0
969.0,321.0
969.0,320.0
968.0,321.0
969.0,321.0
