x,y
704.0,717.0
704.0,716.0
706.0,718.0
705.0,718.0
706.0,718.0
705.0,718.0
707.0,718.0
707.0,718.0
707.0,718.0
707.0,719.0
709.0,717.0
710.0,717.0
709.0,717.0
710.0,718.0
709.0,717.0
709.0,717.0
709.0,718.0
709.0,717.0
709.0,718.0
708.0,718.0
708.0,718.0
708.0,718.0
708.0,718.0
707.0,718.0
707.0,717.0
708.0,718.0
708.0,717.0
708.0,718.0
708.0,718.0
707.0,717.0
707.0,718.0
707.0,717.0
707.0,717.0
707.0,717.0
706.0,716.0
709.0,717.0
709.0,717.0
710.0,716.0
710.0,715.0
709.0,715.0
709.0,715.0
711.0,718.0
710.0,718.0
712.0,715.0
718.0,718.0
713.0,719.0
714.0,718.0
719.0,720.0
719.6666666666666,720.3333333333334
720.3333333333334,720.6666666666666
721.0,721.0
699.0,731.0
697.0,728.0
697.0,728.0
696.0,728.0
698.0,730.0
697.0,729.0
697.0,728.0
696.0,728.0
696.0,727.0
696.0,727.0
696.0,727.0
696.0,728.0
697.0,728.0
697.0,728.0
697.0,728.0
697.0,728.0
696.0,728.0
697.0,728.0
696.0,728.0
697.0,728.0
697.0,729.0
696.0,727.0
696.0,728.0
696.0,727.0
697.0,728.0
696.0,728.0
695.0,728.0
695.0,727.0
695.0,728.0
695.0,727.75
695.0,727.5
695.0,727.25
695.0,727.0
702.0,727.0
701.0,727.0
701.0,727.0
702.0,726.0
700.0,727.0
698.0,724.0
701.0,726.0
701.0,726.0
702.0,725.0
701.0,726.0
700.0,726.0
702.0,726.0
702.0,726.0
701.0,726.0
700.0,726.0
700.0,726.0
