x,y
982.0,313.0
983.0,313.0
983.0,314.0
983.0,313.0
983.0,313.0
982.0,313.0
982.0,313.0
982.0,313.0
981.0,312.0
981.0,312.0
981.0,312.0
981.0,312.0
981.0,312.0
982.0,312.0
982.0,312.0
982.0,313.0
982.0,314.0
982.0,314.0
983.0,314.0
983.0,313.0
983.0,313.0
983.0,314.0
983.0,314.0
983.0,314.0
985.0,318.0
985.0,318.0
985.0,319.0
986.0,319.0
986.0,319.0
986.0,319.0
985.0,319.0
985.0,319.0
985.0,319.0
984.0,320.0
984.0,319.0
984.0,313.0
983.0,313.0
985.0,312.0
984.0,312.0
985.0,312.0
986.0,312.0
985.0,312.0
986.0,312.0
985.0,312.0
984.0,320.0
983.0,321.0
983.0,320.0
983.0,320.0
983.0,320.0
983.0,320.0
983.0,320.0
983.0,320.0
982.0,320.0
982.0,319.0
982.0,319.0
982.0,320.0
982.0,320.0
983.0,321.0
983.0,320.0
983.0,321.0
982.0,321.0
982.0,321.0
981.0,322.0
981.0,316.0
982.0,319.0
980.0,324.0
981.0,322.0
981.0,323.0
980.0,324.0
981.0,322.0
978.0,324.0
979.0,323.0
977.0,325.0
977.0,324.0
977.0,324.0
977.0,324.0
977.0,323.0
977.0,324.0
976.0,324.0
976.0,324.0
976.0,324.0
976.0,324.0
976.0,324.0
976.0,325.0
976.0,325.0
977.0,325.0
977.0,324.0
977.0,324.0
977.0,324.0
977.0,325.0
977.0,325.0
976.0,325.0
976.0,326.0
976.0,326.0
977.0,325.0
977.0,325.0
977.0,325.0
977.0,325.0
977.0,325.0
977.0,325.0
