x,y
575.0,423.0
575.0,423.0
575.0,424.0
576.0,424.0
575.0,424.0
575.0,423.0
575.0,424.0
575.0,424.0
575.0,423.0
574.0,424.0
575.0,422.0
576.0,422.0
576.0,424.0
575.0,425.0
576.0,425.0
577.0,426.0
577.0,428.0
578.0,428.0
580.0,428.0
580.0,429.0
580.0,429.0
579.0,428.0
579.0,428.0
579.0,428.0
581.0,428.0
581.0,428.0
581.0,428.0
580.0,427.0
581.0,427.0
581.0,428.0
581.0,428.0
582.0,428.0
581.0,428.0
582.0,428.0
583.0,428.0
583.0,429.0
584.0,429.0
582.0,427.0
583.0,428.0
584.0,429.0
586.0,429.0
587.0,428.0
587.0,428.0
587.0,429.0
587.0,429.0
588.0,429.0
587.0,429.0
587.0,428.0
588.0,428.0
587.0,429.0
587.0,429.0
588.0,428.0
589.0,427.0
588.0,428.0
588.0,429.0
588.0,429.0
588.0,429.0
588.0,428.0
588.0,429.0
588.0,429.0
588.0,429.0
588.0,429.0
588.0,429.0
588.0,429.0
588.0,428.0
589.0,428.0
589.0,428.0
589.0,428.0
589.0,427.0
588.0,428.0
589.0,427.0
589.0,427.0
589.0,427.0
589.0,427.0
590.0,426.0
590.0,424.0
589.0,425.0
589.0,426.0
589.0,425.0
589.0,426.0
589.0,425.0
589.0,426.0
589.0,426.0
589.0,426.0
589.0,425.0
589.0,425.0
589.0,425.0
589.0,425.0
589.0,426.0
589.0,425.0
589.0,424.0
588.0,423.0
588.0,423.0
589.0,423.0
588.0,421.0
589.0,421.0
588.0,421.0
588.0,421.0
589.0,421.0
589.0,421.0
