x,y
845.0,206.0
846.0,211.0
846.0,212.0
846.0,212.0
846.0,212.0
845.0,211.0
845.0,211.0
844.0,211.0
844.0,211.0
844.0,209.0
843.0,211.0
845.0,211.0
844.0,209.0
845.0,210.0
845.0,210.0
846.0,209.0
846.0,211.0
850.0,209.0
847.0,208.0
845.0,207.0
845.0,206.0
844.0,205.0
844.0,205.0
843.0,205.0
842.0,208.0
843.0,206.0
845.0,204.0
850.0,203.0
854.0,203.0
860.0,200.0
872.0,186.0
883.0,173.0
903.0,158.0
919.0,141.0
932.0,125.0
936.0,98.0
940.0,89.0
936.0,76.0
927.0,67.0
909.0,58.0
894.0,39.0
871.0,39.0
862.0,37.0
848.0,32.0
838.0,24.0
828.0,14.0
819.0,2.0
