x,y
458.0,206.0
458.0,206.0
458.0,205.0
457.0,206.0
457.0,206.0
457.0,206.0
457.0,205.0
457.0,204.0
457.0,205.0
456.0,205.0
456.0,206.0
457.0,206.0
458.0,208.0
460.0,209.0
461.0,209.0
462.0,210.0
462.0,210.0
462.0,211.0
462.0,211.0
463.0,211.0
465.0,211.0
465.0,211.0
466.0,211.0
466.0,212.0
467.0,212.0
466.0,212.0
466.0,211.0
466.0,211.0
466.0,211.0
466.0,211.0
466.0,212.0
466.0,211.0
467.0,211.0
466.0,211.0
466.0,210.0
466.0,210.0
466.0,210.0
467.0,211.0
467.0,210.0
466.0,211.0
467.0,210.0
467.0,209.0
467.0,208.0
468.0,209.0
471.0,212.0
471.0,212.0
468.0,209.0
465.0,206.0
468.0,208.0
468.0,208.0
472.0,213.0
472.0,212.0
471.0,212.0
471.0,211.0
471.0,211.0
471.0,211.0
472.0,211.0
472.0,212.0
472.0,212.0
473.0,212.0
473.0,212.0
473.0,212.0
472.0,211.0
473.0,211.0
474.0,213.0
474.0,211.0
470.0,207.0
473.0,209.0
476.0,210.0
476.0,210.0
472.0,209.0
475.0,210.0
475.0,210.0
477.0,209.0
476.0,209.0
476.0,209.0
476.0,209.0
476.0,209.0
476.0,209.0
476.0,208.0
476.0,209.0
476.0,208.0
476.0,209.0
476.0,209.0
476.0,209.0
476.0,209.0
476.0,208.0
477.0,208.0
477.0,208.0
477.0,208.0
477.0,208.0
477.0,208.0
477.0,208.0
477.0,207.0
476.0,209.0
477.0,206.0
477.0,206.0
478.0,206.0
478.0,206.0
478.0,206.0
