x,y
497.0,781.0
497.0,777.0
502.0,777.0
507.0,775.0
510.0,776.0
521.0,767.0
520.0,762.0
527.0,752.0
525.0,749.0
532.0,744.0
533.0,740.0
514.0,709.0
523.0,714.0
524.0,727.0
527.0,729.0
529.0,731.0
532.0,723.0
533.0,724.0
528.0,722.0
528.0,729.0
528.0,724.0
531.0,722.0
529.0,719.0
520.0,705.0
524.0,706.0
541.0,711.0
538.0,709.0
561.0,716.0
563.0,720.0
565.0,723.0
574.0,721.0
574.0,711.0
574.0,691.0
575.0,680.0
566.0,666.0
558.0,660.0
554.0,655.0
554.0,652.0
552.0,655.0
561.0,657.0
572.0,658.0
590.0,671.0
603.0,679.0
629.0,684.0
664.0,701.0
703.0,709.0
756.0,722.0
818.0,735.0
892.0,760.0
963.0,787.0
1037.0,834.0
1120.0,879.0
1215.0,923.0
1344.0,961.0
1484.0,984.0
1657.0,1015.0
1844.0,1061.0
