x,y
1277.0,1018.0
1275.0,1016.0
1275.0,1018.0
1291.0,1017.0
1297.0,1026.0
1295.0,1034.0
1294.0,1045.0
1290.0,1050.0
1277.0,1063.0
1259.0,1068.0
1240.0,1064.0
1224.0,1063.0
1210.0,1054.0
1189.0,1059.0
1186.0,1046.0
1181.0,1036.0
1167.0,1025.0
1167.0,1022.0
1150.0,1015.0
1126.0,1016.0
1109.0,1012.0
1099.0,1008.0
1092.0,1004.0
1081.0,1003.0
1091.0,995.0
1088.0,994.0
1090.0,988.0
1091.0,978.0
1091.0,977.0
1091.0,976.0
1087.0,978.0
1090.0,978.0
1091.0,976.0
1092.0,974.0
1092.0,975.0
1092.0,974.0
1092.0,975.0
1089.0,970.0
1091.0,974.0
1091.0,976.0
1091.0,975.0
1088.0,971.0
1091.0,975.0
1088.0,971.0
1087.0,971.0
1091.0,972.0
1090.0,972.0
1090.0,972.0
1091.0,972.0
1091.0,972.0
1091.0,971.0
1091.0,972.0
1091.0,972.0
1091.0,973.0
1091.0,973.0
1091.0,972.0
1090.0,972.0
1090.0,972.0
1089.0,971.0
1090.0,971.0
1089.0,970.0
1089.0,970.0
1089.0,969.0
1089.0,967.0
1088.0,967.0
1089.0,966.0
1090.0,966.0
1089.0,965.0
1091.0,965.0
1091.0,965.0
1090.0,964.0
1090.0,964.0
1091.0,964.0
1091.0,964.0
1091.0,964.0
1091.0,964.0
1091.0,964.0
1090.0,965.0
1091.0,965.0
1091.0,965.0
1091.0,966.0
1091.0,965.0
1090.0,965.0
1090.0,964.0
1090.0,964.0
1090.0,963.0
1090.0,963.0
1089.0,962.0
1089.0,961.0
1089.0,961.0
1089.0,961.0
1089.0,961.0
1090.0,960.0
1090.0,961.0
1090.0,962.0
1089.0,962.0
1089.0,961.0
1089.0,960.0
1089.0,960.0
1089.0,960.0
