x,y
1090.0,960.0
1090.0,960.0
1090.0,960.0
1090.0,960.0
1089.0,960.0
1089.0,960.0
1090.0,960.0
1090.0,959.0
1089.0,959.0
1090.0,959.0
1090.0,959.0
1090.0,959.0
1089.0,958.0
1089.0,958.0
1088.0,957.0
1089.0,957.0
1088.0,957.0
1088.0,956.0
1088.0,956.0
1086.0,955.0
1086.0,955.0
1088.0,954.0
1087.0,953.0
1087.0,953.0
1087.0,952.0
1087.0,951.0
1088.0,949.0
1087.0,948.0
1088.0,948.0
1088.0,948.0
1088.0,949.0
1088.0,949.0
1088.0,950.0
1087.0,950.0
1087.0,951.0
1087.0,952.0
1087.0,953.0
1087.0,952.0
1087.0,952.0
1087.0,951.0
1087.0,951.0
1087.0,951.0
1087.0,951.0
1087.0,951.0
1087.0,952.0
1087.0,951.0
1087.0,951.0
1087.0,950.0
1088.0,950.0
1088.0,950.0
1088.0,950.0
1088.0,950.0
1087.0,950.0
1087.0,950.0
1087.0,949.0
1088.0,948.0
1088.0,948.0
1088.0,947.0
1088.0,947.0
1088.0,947.0
1088.0,946.0
1088.0,946.0
1088.0,946.0
1088.0,945.0
1088.0,945.0
1088.0,945.0
1088.0,945.0
1089.0,946.0
1088.0,945.0
1088.0,946.0
1088.0,946.0
1089.0,945.0
1088.0,945.0
1089.0,945.0
1089.0,945.0
1089.0,945.0
1089.0,944.0
1089.0,945.0
1089.0,945.0
1089.0,945.0
1089.0,945.0
1090.0,944.0
1089.0,944.0
1090.0,945.0
1088.0,944.0
1089.0,944.0
1089.0,944.0
1089.0,943.0
1090.0,943.0
1090.0,942.0
1090.0,940.0
1091.0,939.0
1094.0,941.0
1092.0,939.0
1092.0,938.0
1095.0,939.0
1094.0,937.0
1094.0,937.0
1095.0,937.0
1095.0,936.0
