x,y
435.0,216.0
435.0,216.0
436.0,216.0
436.0,217.0
436.0,217.0
435.0,217.0
434.0,217.0
434.0,218.0
434.0,218.0
435.0,217.0
433.0,219.0
433.0,219.0
433.0,219.0
433.0,220.0
434.0,219.0
434.0,220.0
434.0,219.0
434.0,220.0
434.0,220.0
434.0,219.0
434.0,220.0
435.0,219.0
434.0,219.0
434.0,219.0
434.0,219.0
435.0,218.0
436.0,219.0
435.0,219.0
435.0,219.0
435.0,219.0
436.0,218.0
435.0,218.0
437.0,217.0
438.0,217.0
438.0,218.0
438.0,218.0
438.0,218.0
438.0,218.0
438.0,218.0
437.0,218.0
438.0,217.0
439.0,217.0
439.0,217.0
439.0,217.0
440.0,217.0
439.0,216.0
439.0,216.0
439.0,216.0
439.0,215.0
439.0,215.0
438.0,215.0
438.0,215.0
438.0,215.0
439.0,215.0
439.0,214.0
441.0,213.0
438.0,215.0
438.0,214.0
438.0,214.0
438.0,214.0
439.0,214.0
439.0,214.0
439.0,214.0
439.0,214.0
439.0,214.0
439.0,214.0
439.0,215.0
439.0,215.0
439.0,215.0
439.0,215.0
439.0,215.0
439.0,214.0
439.0,214.0
439.0,214.0
439.0,214.0
439.0,214.0
439.0,214.0
438.0,215.0
438.0,215.0
438.0,216.0
438.0,216.0
437.0,216.0
437.0,216.0
437.0,215.0
437.0,216.0
437.0,215.0
437.0,215.0
437.0,216.0
438.0,214.0
437.0,214.0
438.0,214.0
437.0,214.0
438.0,213.0
438.0,213.0
439.0,212.0
438.0,213.0
439.0,213.0
438.0,213.0
439.0,213.0
439.0,212.0
