x,y
458.0,207.0
459.0,206.0
459.0,206.0
459.0,206.0
460.0,206.0
463.0,205.0
462.0,204.0
463.0,204.0
463.0,203.0
464.0,202.0
460.0,201.0
462.0,198.0
462.0,198.0
462.0,198.0
463.0,198.0
463.0,199.0
462.0,200.0
461.0,201.0
461.0,200.0
460.0,200.0
460.0,200.0
460.0,200.0
461.0,201.0
461.0,200.0
461.0,200.0
461.0,201.0
461.0,201.0
461.0,200.0
462.0,200.0
464.0,200.0
461.0,200.0
461.0,200.0
461.0,200.0
461.0,200.0
462.0,200.0
462.0,200.0
461.0,201.0
461.0,201.0
461.0,201.0
461.0,201.0
461.0,201.0
461.0,201.0
461.0,200.0
461.0,201.0
461.0,200.0
461.0,200.0
464.0,201.0
460.0,202.0
460.0,200.0
460.0,201.0
460.0,201.0
459.0,201.0
459.0,202.0
460.0,202.0
459.0,201.0
459.0,201.0
459.0,200.0
459.0,200.0
459.0,200.0
460.0,201.0
460.0,201.0
460.0,204.0
460.0,204.0
461.0,205.0
461.0,203.0
460.0,202.0
461.0,203.0
458.0,202.0
459.0,203.0
457.0,202.0
457.0,202.0
457.0,202.0
457.0,202.0
457.0,203.0
458.0,202.0
458.0,202.0
458.0,203.0
458.0,203.0
457.0,203.0
458.0,204.0
458.0,204.0
458.0,204.0
457.0,204.0
458.0,204.0
458.0,204.0
457.0,204.0
457.0,204.0
458.0,203.0
458.0,204.0
457.0,204.0
458.0,204.0
458.0,204.0
457.0,207.0
458.0,205.0
458.0,204.0
458.0,204.0
458.0,205.0
459.0,204.0
459.0,204.0
458.0,205.0
