x,y
40.0,488.0
42.0,475.0
55.0,478.0
67.0,471.0
81.0,474.0
96.0,482.0
96.0,482.0
94.0,474.0
90.0,479.0
94.0,476.0
90.0,481.0
95.0,485.0
95.0,479.0
93.0,484.0
93.0,484.0
93.0,483.0
93.0,483.0
93.0,484.0
93.0,484.0
93.0,484.0
97.0,485.0
98.0,487.0
98.0,487.0
98.0,488.0
97.0,487.0
98.0,486.0
99.0,486.0
98.0,486.0
98.0,486.0
98.0,486.0
98.0,487.0
98.0,488.0
99.0,489.0
100.0,489.0
104.0,487.0
104.0,487.0
103.0,486.0
103.0,488.0
100.0,488.0
100.0,489.0
103.0,488.0
100.0,489.0
97.0,489.0
97.0,487.0
96.0,487.0
95.0,487.0
95.0,484.0
96.0,481.0
94.0,478.0
81.0,471.0
68.0,461.0
65.0,445.0
56.0,421.0
48.0,394.0
43.0,393.0
22.0,380.0
4.0,380.0
