x,y
1728.0,528.0
1699.0,546.0
1676.0,560.0
1658.0,584.0
1630.0,580.0
1612.0,582.0
1606.0,649.0
1575.0,695.0
1593.0,675.5
1611.0,656.0
1557.0,641.0
1575.0,694.0
1575.0,694.0
1541.0,592.0
1542.0,592.0
1546.0,592.0
1540.0,593.0
1540.0,594.0
1541.0,594.0
1540.0,596.0
1539.0,596.0
1539.0,598.0
1538.0,598.0
1538.0,599.0
1538.0,598.0
1538.0,598.0
1537.0,598.0
1538.0,598.0
1538.0,600.0
1538.0,599.0
1539.0,598.0
1539.0,598.0
1539.0,598.0
1538.0,599.0
1540.0,595.0
1537.0,601.0
1537.0,600.0
1537.0,601.0
1536.0,601.0
1536.0,601.0
1536.0,601.0
1535.0,602.0
1535.0,602.0
1538.0,597.0
1537.0,598.0
1537.0,599.0
1535.0,603.0
1536.0,600.0
1535.0,599.0
1534.0,603.0
1534.0,603.0
1534.0,599.0
1533.0,603.0
1533.0,604.0
1529.0,601.0
1528.0,600.0
1527.0,600.0
1528.0,599.0
1525.0,605.0
1525.0,605.0
1524.0,606.0
1524.0,605.0
1524.0,605.0
1525.0,605.0
1524.0,605.0
1524.0,605.0
1524.0,605.0
1525.0,604.0
1525.0,605.0
1525.0,605.0
1524.0,604.0
1524.0,604.0
1524.0,604.0
1525.0,605.0
1525.0,605.0
1525.0,605.0
1525.0,605.0
1525.0,605.0
1525.0,605.0
1526.0,600.0
1525.0,605.0
1525.0,606.0
1526.0,604.0
1518.0,599.0
1517.0,596.0
1517.0,595.0
1517.0,594.0
1521.0,596.0
1521.0,596.0
1517.0,594.0
1520.0,594.0
1515.0,607.0
1514.0,607.0
1512.0,609.0
1522.0,603.0
1532.0,617.0
1527.0,634.0
1524.0,667.0
1514.0,702.0
1482.0,731.0
