x,y
825.0,540.0
825.0,540.0
826.0,539.0
826.0,540.0
828.0,542.0
831.0,542.0
827.0,539.0
827.0,538.0
827.0,538.0
828.0,539.0
828.0,538.0
829.0,537.0
832.0,539.0
830.0,536.0
829.0,540.0
829.0,540.0
832.0,537.0
827.0,533.0
825.0,533.0
827.0,531.0
828.0,528.0
825.0,529.0
829.0,529.0
829.0,529.0
826.0,530.0
829.0,529.0
830.0,529.0
831.0,529.0
831.0,529.0
830.0,529.0
829.0,529.0
825.0,528.0
823.0,527.0
824.0,527.0
822.0,527.0
825.0,529.0
827.0,533.0
827.0,534.0
827.0,535.0
826.0,534.0
823.0,529.0
819.0,516.0
816.0,502.0
826.0,484.0
849.0,488.0
862.0,479.0
867.0,474.0
869.0,475.0
876.0,483.0
873.0,484.0
871.0,492.0
880.0,507.0
888.0,524.0
907.0,526.0
925.0,540.0
943.0,561.0
965.0,571.0
978.0,574.0
992.0,573.0
1002.0,573.0
1009.0,569.0
1009.0,568.0
1012.0,576.0
1020.0,579.0
1026.0,575.0
1027.0,575.0
1031.0,575.0
1033.0,576.0
1036.0,578.0
1047.0,570.0
1052.0,569.0
1053.0,569.0
1051.0,569.0
1047.0,570.0
1047.0,562.0
1050.0,565.0
1047.0,558.0
1038.0,558.0
1048.0,557.0
1050.0,556.0
1047.0,557.0
1050.0,560.0
1053.0,562.0
1053.0,561.0
1053.0,561.0
1055.0,563.0
1054.0,563.0
1052.0,563.0
1052.0,563.0
1054.0,562.0
1055.0,563.0
1055.0,563.0
1055.0,563.0
1056.0,565.0
1055.0,566.0
1053.0,565.0
1054.0,562.0
1055.0,565.0
1056.0,566.0
1054.0,565.0
