x,y
714.0,891.0
714.0,892.0
713.0,894.0
714.0,890.0
713.0,892.0
713.0,895.0
710.0,896.0
710.0,896.0
711.0,897.0
712.0,897.0
711.0,896.0
710.0,896.0
711.0,896.0
710.0,896.0
712.0,894.0
710.0,896.0
710.0,897.0
711.0,896.0
712.0,897.0
713.0,895.0
711.0,898.0
711.0,898.0
710.0,899.0
709.0,899.0
708.0,900.0
708.0,900.0
708.0,899.0
708.0,898.0
708.0,898.0
709.0,899.0
709.0,901.0
709.0,898.0
709.0,898.0
709.0,899.0
709.0,898.0
709.0,898.0
708.0,898.0
709.0,898.0
710.0,899.0
709.0,896.0
709.0,897.0
709.0,898.0
708.0,898.0
708.0,898.0
709.0,898.0
709.0,898.0
709.0,898.0
709.0,898.0
709.0,900.0
710.0,900.0
710.0,900.0
709.0,900.0
709.0,901.0
708.0,900.0
708.0,902.0
708.0,902.0
708.0,902.0
709.0,902.0
707.0,902.0
708.0,903.0
707.0,902.0
708.0,903.0
707.0,903.0
707.0,903.0
708.0,904.0
708.0,904.0
708.0,904.0
708.0,905.0
708.0,905.0
708.0,905.0
709.0,904.0
709.0,904.0
709.0,904.0
710.0,904.0
709.0,907.0
709.0,907.0
708.0,907.0
709.0,905.0
709.0,906.0
708.0,907.0
709.0,905.0
709.0,904.0
709.0,905.0
709.0,905.0
708.0,906.0
708.0,907.0
709.0,907.0
709.0,906.0
708.0,906.0
707.0,908.0
708.0,909.0
709.0,910.0
713.0,908.0
712.0,913.0
713.0,908.0
717.0,911.0
716.0,908.0
717.0,905.0
716.0,905.0
713.0,908.0
