x,y
822.0,830.0
821.0,830.0
820.0,830.0
819.0,830.0
819.0,830.0
819.0,831.0
819.0,830.0
818.0,831.0
816.0,830.0
817.0,831.0
817.0,831.0
817.0,832.0
817.0,831.0
817.0,831.0
817.0,832.0
816.0,832.0
815.0,830.0
815.0,829.0
816.0,833.0
815.0,834.0
814.0,834.0
813.0,834.0
813.0,834.0
813.0,834.0
813.0,834.0
813.0,834.0
813.0,835.0
811.0,836.0
811.0,837.0
810.0,837.0
810.0,837.0
811.0,838.0
811.0,838.0
809.0,838.0
809.0,838.0
809.0,837.0
810.0,837.0
809.0,838.0
809.0,839.0
809.0,840.0
808.0,839.0
808.0,839.0
808.0,840.0
808.0,840.0
811.0,842.0
811.0,842.0
811.0,842.0
810.0,841.0
808.0,841.0
809.0,841.0
811.0,841.0
810.0,842.0
815.0,847.0
815.0,847.0
815.0,848.0
809.0,847.0
815.0,849.0
815.0,849.0
814.0,849.0
814.0,850.0
815.0,850.0
815.0,849.0
815.0,851.0
815.0,851.0
816.0,852.0
816.0,851.0
817.0,852.0
816.0,851.0
816.0,851.0
817.0,851.0
820.0,851.0
815.0,855.0
815.0,854.0
816.0,851.0
826.0,850.0
825.0,847.0
824.0,846.0
826.0,847.0
825.0,845.0
822.0,842.0
822.0,842.0
823.0,842.0
823.0,842.0
823.0,842.0
823.0,842.0
823.0,842.0
823.0,842.0
823.0,841.0
824.0,841.0
824.0,840.0
824.0,840.0
824.0,840.0
824.0,840.0
824.0,839.0
823.0,839.0
824.0,839.0
825.0,839.0
824.0,837.0
823.0,838.0
820.0,843.0
