x,y
476.0,839.0
478.0,841.0
480.0,839.0
481.0,843.0
481.0,843.0
481.0,840.0
481.0,840.0
480.0,840.0
480.0,839.0
481.0,842.0
481.0,843.0
480.0,839.0
480.0,839.0
480.0,839.0
480.0,839.0
481.0,839.0
481.0,839.0
481.0,843.0
480.0,842.0
482.0,842.0
483.0,842.0
483.0,842.0
483.0,841.0
484.0,842.0
483.0,842.0
483.0,841.0
483.0,841.0
483.0,842.0
483.0,843.0
481.0,838.0
482.0,838.0
483.0,842.0
482.0,841.0
482.0,841.0
482.0,841.0
482.0,841.0
482.0,841.0
482.0,841.0
482.0,841.0
480.0,841.0
484.0,842.0
485.0,841.0
488.0,839.0
491.0,836.0
491.0,835.0
491.0,834.0
490.0,834.0
490.0,834.0
490.0,833.0
491.0,834.0
491.0,833.0
492.0,833.0
492.0,833.0
492.0,833.0
492.0,832.0
493.0,828.0
496.0,828.0
496.0,826.0
496.0,826.0
496.0,825.0
496.0,825.0
495.0,825.0
496.0,825.0
496.0,824.0
496.0,824.0
496.0,824.0
496.0,824.0
496.0,825.0
495.0,825.0
496.0,825.0
496.0,824.0
496.0,824.0
496.0,824.0
494.0,824.0
494.0,823.0
493.0,822.0
494.0,820.0
492.0,820.0
493.0,819.0
494.0,819.0
494.0,819.0
493.0,818.0
494.0,819.0
494.0,819.0
494.0,818.0
495.0,819.0
496.0,819.0
495.0,818.0
493.0,817.0
492.0,817.0
494.0,818.0
493.0,818.0
493.0,817.0
493.0,818.0
492.0,818.0
492.0,818.0
492.0,819.0
492.0,819.0
492.0,818.0
491.0,819.0
