x,y
817.0,843.0
818.0,845.0
819.0,842.0
820.0,838.0
823.0,834.0
826.0,836.0
835.0,836.0
839.0,838.0
846.0,848.0
849.0,864.0
855.0,872.0
867.0,878.0
869.0,901.0
871.0,926.0
878.0,944.0
898.0,952.0
892.0,969.0
906.0,976.0
912.0,973.0
912.0,992.0
921.0,999.0
925.0,997.0
930.0,997.0
929.0,995.0
933.0,1019.0
934.0,1017.0
934.0,996.0
938.0,1002.0
937.0,1003.0
938.0,1017.0
937.0,1016.0
937.0,1001.0
937.0,1000.0
937.0,1000.0
936.0,998.0
938.0,1000.0
937.0,999.0
938.0,1000.0
938.0,1000.0
938.0,1001.0
938.0,1001.0
938.0,998.0
941.0,992.0
942.0,991.0
944.0,991.0
946.0,994.0
946.0,992.0
945.0,992.0
944.0,990.0
944.0,989.0
944.0,989.0
945.0,986.0
948.0,985.0
948.0,986.0
949.0,986.0
947.0,984.0
947.0,984.0
948.0,985.0
949.0,984.0
950.0,983.0
950.0,983.0
950.0,982.0
952.0,982.0
951.0,982.0
951.0,982.0
951.0,982.0
951.0,982.0
951.0,982.0
951.0,982.0
951.0,982.0
950.0,982.0
949.0,980.0
951.0,980.0
952.0,979.0
954.0,978.0
955.0,978.0
957.0,977.0
958.0,977.0
958.0,977.0
956.0,975.0
958.0,978.0
957.0,974.0
961.0,974.0
960.0,974.0
961.0,974.0
963.0,974.0
963.0,974.0
962.0,974.0
963.0,974.0
963.0,974.0
965.0,973.0
966.0,972.0
967.0,973.0
967.0,973.0
967.0,973.0
967.0,974.0
966.0,973.0
966.0,972.0
966.0,972.0
966.0,972.0
