x,y
554.0,698.0
565.0,717.0
598.0,752.0
629.0,795.0
682.0,852.0
729.0,903.0
776.0,949.0
826.0,1004.0
869.0,1062.0
882.7777777777778,1061.7777777777778
896.5555555555555,1061.5555555555557
910.3333333333334,1061.3333333333333
924.1111111111111,1061.111111111111
937.8888888888889,1060.888888888889
951.6666666666666,1060.6666666666667
965.4444444444445,1060.4444444444443
979.2222222222222,1060.2222222222222
993.0,1060.0
1006.7777777777778,1059.7777777777778
1020.5555555555555,1059.5555555555557
1034.3333333333333,1059.3333333333333
1048.111111111111,1059.111111111111
1061.888888888889,1058.888888888889
1075.6666666666667,1058.6666666666667
1089.4444444444443,1058.4444444444443
1103.2222222222222,1058.2222222222222
1117.0,1058.0
1062.0,1060.0
1009.0,1061.0
961.0,1071.0
