x,y
980.0,559.2307692307693
980.0,559.0769230769231
980.0,558.9230769230769
980.0,558.7692307692307
980.0,558.6153846153846
980.0,558.4615384615385
980.0,558.3076923076923
980.0,558.1538461538462
980.0,558.0
968.0,530.0
968.0,530.0
968.0,530.0
970.5,529.5
973.0,529.0
973.7777777777778,529.2222222222222
974.5555555555555,529.4444444444445
975.3333333333334,529.6666666666666
976.1111111111111,529.8888888888889
976.8888888888889,530.1111111111111
977.6666666666666,530.3333333333334
978.4444444444445,530.5555555555555
979.2222222222222,530.7777777777778
980.0,531.0
978.0,552.0
978.9090909090909,552.060606060606
979.8181818181819,552.1212121212121
980.7272727272727,552.1818181818181
981.6363636363636,552.2424242424242
982.5454545454545,552.3030303030303
983.4545454545455,552.3636363636364
984.3636363636364,552.4242424242424
985.2727272727273,552.4848484848485
986.1818181818181,552.5454545454545
987.0909090909091,552.6060606060606
988.0,552.6666666666666
988.9090909090909,552.7272727272727
989.8181818181819,552.7878787878788
990.7272727272727,552.8484848484849
991.6363636363636,552.9090909090909
992.5454545454545,552.969696969697
993.4545454545455,553.030303030303
994.3636363636364,553.0909090909091
995.2727272727273,553.1515151515151
996.1818181818181,553.2121212121212
997.0909090909091,553.2727272727273
998.0,553.3333333333334
998.9090909090909,553.3939393939394
999.8181818181819,553.4545454545455
1000.7272727272727,553.5151515151515
1001.6363636363636,553.5757575757576
1002.5454545454545,553.6363636363636
1003.4545454545455,553.6969696969697
1004.3636363636364,553.7575757575758
1005.2727272727273,553.8181818181819
1006.1818181818181,553.8787878787879
1007.0909090909091,553.939393939394
1008.0,554.0
1008.0,554.0
1009.0,554.0
1008.6666666666666,554.6666666666666
1008.3333333333334,555.3333333333334
1008.0,556.0
1008.0,556.0
1008.0,557.0
1008.0,556.0
1006.0,557.0
1006.0,557.0
1006.0,556.0
1006.0,557.0
1006.0,557.0
1006.0,557.0
1006.0,556.0
1006.0,556.0
1008.0,556.0
1006.0,556.0
1006.0,556.0
1004.1818181818181,557.0909090909091
1002.3636363636364,558.1818181818181
1000.5454545454545,559.2727272727273
998.7272727272727,560.3636363636364
996.9090909090909,561.4545454545455
995.0909090909091,562.5454545454545
993.2727272727273,563.6363636363636
991.4545454545455,564.7272727272727
989.6363636363636,565.8181818181819
987.8181818181819,566.9090909090909
986.0,568.0
985.0,568.0
984.0,568.0
985.0,569.0
985.0,569.3333333333334
985.0,569.6666666666666
985.0,570.0
984.0,568.0
984.0,569.0
984.0,570.0
983.0,571.0
981.75,570.75
980.5,570.5
979.25,570.25
