x,y
932.0,639.0
932.0,639.0
934.0,640.0
934.0,638.0
934.0,638.0
935.0,639.0
935.0,639.0
934.0,638.0
934.0,637.0
933.0,636.0
933.0,637.0
934.0,638.0
933.0,636.0
930.0,635.0
931.0,635.0
932.0,636.0
931.0,635.0
930.0,635.0
931.0,636.0
931.0,636.0
930.0,635.0
930.0,635.0
931.0,635.0
930.0,634.0
930.0,633.0
931.0,632.0
931.0,630.0
930.0,630.0
930.0,631.0
931.0,630.0
928.0,632.0
927.0,632.0
927.0,630.0
927.0,632.0
929.0,630.0
927.0,631.0
927.0,630.0
928.0,630.0
928.0,631.0
930.0,631.0
928.0,632.0
930.0,630.0
929.0,630.0
929.0,631.0
930.0,630.0
929.0,631.0
930.0,633.0
930.0,634.0
928.0,634.0
928.0,635.0
927.0,636.0
928.0,635.0
927.0,636.0
928.0,637.0
928.0,636.0
927.0,636.0
928.0,636.0
929.0,636.0
929.0,635.0
928.0,635.0
929.0,632.0
932.0,631.0
934.0,629.0
932.0,631.0
935.0,621.0
947.0,605.0
949.0,604.0
947.0,603.0
940.0,601.0
935.0,598.0
929.0,592.0
909.0,591.0
900.0,588.0
887.0,588.0
886.0,571.0
883.0,562.0
887.0,548.0
885.0,543.0
882.0,544.0
874.0,552.0
861.0,568.0
879.0,540.0
875.0,529.0
875.0,524.0
877.0,521.0
876.0,511.0
873.0,503.0
869.0,499.0
861.0,496.0
858.0,489.0
858.0,494.0
840.0,498.0
836.0,497.0
839.0,491.0
838.0,492.0
839.0,493.0
840.0,494.0
842.0,499.0
843.0,504.0
844.0,504.0
