x,y
1018.0,507.6666666666667
1018.0,508.0
1018.0,507.0
1024.4,509.8
1030.8,512.6
1037.2,515.4
1043.6,518.2
1050.0,521.0
1049.0857142857142,520.6
1048.1714285714286,520.2
1047.2571428571428,519.8
1046.3428571428572,519.4
1045.4285714285713,519.0
1044.5142857142857,518.6
1043.6,518.2
1042.6857142857143,517.8
1041.7714285714285,517.4
1040.857142857143,517.0
1039.942857142857,516.6
1039.0285714285715,516.2
1038.1142857142856,515.8
1037.2,515.4
1036.2857142857142,515.0
1035.3714285714286,514.6
1034.4571428571428,514.2
1033.5428571428572,513.8
1032.6285714285714,513.4
1031.7142857142858,513.0
1030.8,512.6
1029.8857142857144,512.2
1028.9714285714285,511.8
1028.057142857143,511.4
1027.142857142857,511.0
1026.2285714285715,510.6
1025.3142857142857,510.2
1024.4,509.8
1023.4857142857143,509.4
1022.5714285714286,509.0
1021.6571428571428,508.6
1020.7428571428571,508.2
1019.8285714285714,507.8
1018.9142857142857,507.4
1018.0,507.0
1018.0,506.8888888888889
1018.0,506.77777777777777
1018.0,506.6666666666667
1018.0,506.55555555555554
1018.0,506.44444444444446
1018.0,506.3333333333333
1018.0,506.22222222222223
1018.0,506.1111111111111
1018.0,506.0
1018.0,506.0
1018.0,507.0
1018.0,507.0
1018.0,507.0
1017.0,507.0
1018.0,507.0
1019.0,508.0
1018.0,507.0
1018.0,507.0
1019.0,507.0
1018.0,507.0
1018.0,512.0
1018.0,513.0
1017.0,513.0
1012.0,511.0
1018.0,508.0
1018.0,508.0
1018.0,508.0
1018.0,508.0
1018.0,507.0
1018.0,506.0
1016.0,509.0
1011.0,510.0
1010.0,511.0
1010.0,511.0
1010.0,511.0
1011.0,510.0
1015.0,510.0
1011.0,511.0
1010.0,512.0
1012.0,510.0
1011.0,510.0
1014.0,509.0
1014.0,510.0
1014.0,510.0
1013.0,510.0
1013.0,509.0
1014.0,510.0
1013.0,510.0
1015.0,511.0
1020.0,511.0
1020.0,506.0
1020.0,506.0
1011.0,504.0
1002.0,495.0
985.0,480.0
984.0,470.0
970.0,460.0
