x,y
1062.0,741.0
1063.0,740.0
1062.0,741.0
1062.0,740.0
1062.0,740.0
1062.0,737.0
1062.0,735.0
1063.0,736.0
1063.0,739.0
1063.0,740.0
1064.0,734.0
1064.0,736.0
1063.0,739.0
1062.0,739.0
1062.0,738.0
1064.0,736.0
1064.0,737.0
1065.0,739.0
1064.0,734.0
1065.0,733.0
1066.0,732.0
1065.0,732.0
1065.0,731.0
1066.0,732.0
1066.0,734.0
1066.0,732.0
1066.0,730.0
1066.0,731.0
1067.0,734.0
1066.0,731.0
1067.5,731.5
1069.0,732.0
1066.0,730.0
1065.0,729.0
1065.2,728.4
1065.4,727.8
1065.6,727.2
1065.8,726.6
1066.0,726.0
1066.6842105263158,725.7368421052631
1067.3684210526317,725.4736842105264
1068.0526315789473,725.2105263157895
1068.7368421052631,724.9473684210526
1069.421052631579,724.6842105263158
1070.1052631578948,724.421052631579
1070.7894736842106,724.1578947368421
1071.4736842105262,723.8947368421053
1072.157894736842,723.6315789473684
1072.842105263158,723.3684210526316
1073.5263157894738,723.1052631578947
1074.2105263157894,722.8421052631579
1074.8947368421052,722.578947368421
1075.578947368421,722.3157894736842
1076.2631578947369,722.0526315789474
1076.9473684210527,721.7894736842105
1077.6315789473683,721.5263157894736
1078.3157894736842,721.2631578947369
1079.0,721.0
1079.0,720.0
1078.0,721.0
1078.0,722.0
1078.3333333333333,721.6666666666666
1078.6666666666667,721.3333333333334
1079.0,721.0
1078.0,722.0
1078.0,722.0
1078.0,720.0
1078.0,719.8571428571429
1078.0,719.7142857142857
1078.0,719.5714285714286
1078.0,719.4285714285714
1078.0,719.2857142857143
1078.0,719.1428571428571
1078.0,719.0
1064.0,724.0
1082.0,718.0
1080.0,718.0
1080.0,718.0
1079.1764705882354,718.1764705882352
1078.3529411764705,718.3529411764706
1077.5294117647059,718.5294117647059
1076.7058823529412,718.7058823529412
1075.8823529411766,718.8823529411765
1075.0588235294117,719.0588235294117
1074.235294117647,719.2352941176471
1073.4117647058824,719.4117647058823
1072.5882352941176,719.5882352941177
1071.764705882353,719.7647058823529
1070.9411764705883,719.9411764705883
1070.1176470588234,720.1176470588235
1069.2941176470588,720.2941176470588
1068.4705882352941,720.4705882352941
1067.6470588235295,720.6470588235294
1066.8235294117646,720.8235294117648
1066.0,721.0
1065.4,720.8
1064.8,720.6
1064.2,720.4
1063.6,720.2
1063.0,720.0
