x,y
952.0,578.0
949.0,575.0
956.0,576.0
972.0,632.0
973.0,632.0
972.0,632.0
973.0,633.0
974.0,633.0
973.0,632.0
973.0,630.0
972.0,630.0
973.0,630.0
972.0,629.0
972.0,629.0
972.0,629.0
972.0,629.0
972.0,629.0
973.0,629.0
971.0,629.0
972.0,629.0
972.0,629.0
972.0,629.0
972.0,630.0
972.0,630.0
972.0,630.0
973.0,630.0
973.0,630.0
972.0,630.0
972.0,629.0
973.0,630.0
973.0,630.0
973.0,631.0
974.0,631.0
974.0,632.0
973.0,631.0
972.0,576.0
974.0,574.0
975.0,572.0
975.0,571.5
975.0,571.0
975.0,571.0
976.0,570.0
976.0,570.0
975.0,571.0
975.0,571.0
975.0,571.0
976.0,571.0
975.0,570.0
977.0,570.0
976.0,569.0
976.0,568.0
975.0,568.0
975.0,567.0
977.0,568.0
977.0,567.0
977.0,567.0
976.0,567.0
976.0,567.0
976.0,568.0
976.0,567.0
977.0,567.0
976.0,567.0
977.0,567.0
976.0,567.0
976.0,568.0
976.0,568.0
979.0,568.0
978.5,568.5
978.0,569.0
978.0,569.0
977.0,568.5
976.0,568.0
977.0,568.0
978.0,568.0
978.0,567.0
977.5,566.5
977.0,566.0
978.0,566.0
977.0,565.0
977.0,564.5
977.0,564.0
977.0,564.5
977.0,565.0
977.5,565.5
978.0,566.0
978.0,565.0
980.0,565.0
979.5,565.0
979.0,565.0
979.0,563.5
979.0,562.0
979.0,562.0
980.0,561.0
980.0,560.5
980.0,560.0
980.0,560.0
980.0,559.8461538461538
980.0,559.6923076923077
980.0,559.5384615384615
980.0,559.3846153846154
