x,y
1629.0,512.0
1630.0,512.0
1631.0,512.0
1631.0,511.0
1631.0,510.0
1631.0,510.0
1631.0,510.0
1632.0,511.0
1631.0,512.0
1631.0,512.0
1630.0,511.0
1626.0,511.0
1626.0,511.0
1627.0,511.0
1632.0,511.0
1629.0,515.0
1633.0,514.0
1634.0,514.0
1632.0,514.0
1634.0,522.0
1637.0,522.0
1636.0,523.0
1636.0,523.0
1636.0,523.0
1637.0,523.0
1637.0,523.0
1637.0,523.0
1637.0,524.0
1636.0,523.0
1637.0,524.0
1637.0,524.0
1637.0,524.0
1637.0,524.0
1637.0,524.0
1637.0,524.0
1637.0,524.0
1637.0,524.0
1637.0,524.0
1637.0,523.0
1637.0,523.0
1636.0,523.0
1636.0,523.0
1636.0,524.0
1636.0,523.0
1637.0,524.0
1637.0,525.0
1636.0,526.0
1637.0,526.0
1635.0,528.0
1634.0,529.0
1634.0,529.0
1633.0,530.0
1633.0,529.0
1634.0,529.0
1635.0,529.0
1634.0,528.0
1634.0,529.0
1633.0,528.0
1632.0,529.0
1631.0,530.0
1631.0,529.0
1631.0,530.0
1631.0,530.0
1632.0,531.0
1630.0,530.0
1631.0,530.0
1630.0,529.0
1629.0,529.0
1629.0,529.0
1630.0,529.0
1629.0,529.0
1629.0,530.0
1628.0,530.0
1628.0,530.0
1629.0,531.0
1629.0,530.0
1629.0,531.0
1626.0,533.0
1626.0,533.0
1627.0,534.0
1626.0,534.0
1628.0,534.0
1627.0,534.0
1628.0,532.0
1627.0,532.0
1627.0,532.0
1629.0,532.0
1628.0,532.0
1628.0,531.0
1628.0,532.0
1627.0,531.0
1628.0,530.0
1628.0,531.0
1627.0,530.0
1627.0,529.0
1628.0,530.0
1625.0,530.0
1624.0,531.0
1625.0,533.0
1624.0,532.0
