x,y
483.0,852.0
483.0,850.0
482.0,848.0
478.0,843.0
478.0,841.0
479.0,840.0
479.0,836.0
480.0,835.0
485.0,832.0
480.0,832.0
486.0,832.0
479.0,831.0
480.0,830.0
479.0,830.0
480.0,830.0
484.0,832.0
479.0,829.0
480.0,829.0
480.0,829.0
479.0,829.0
478.0,831.0
478.0,830.0
477.0,830.0
478.0,831.0
478.0,831.0
473.0,827.0
476.0,829.0
476.0,827.0
477.0,822.0
477.0,821.0
480.0,825.0
480.0,824.0
478.0,819.0
478.0,821.0
477.0,824.0
477.0,819.0
476.0,821.0
476.0,819.0
476.0,819.0
475.0,819.0
475.0,820.0
482.0,818.0
475.0,819.0
459.0,823.0
459.0,823.0
487.0,819.0
487.0,819.0
488.0,819.0
488.0,820.0
487.0,820.0
486.0,820.0
487.0,820.0
487.0,820.0
487.0,820.0
486.0,818.0
485.0,818.0
484.0,818.0
485.0,818.0
484.0,821.0
484.0,818.0
486.0,818.0
486.0,817.0
486.0,817.0
485.0,820.0
487.0,817.0
485.0,817.0
485.0,817.0
485.0,817.0
484.0,816.0
487.0,818.0
488.0,818.0
489.0,818.0
489.0,817.0
489.0,817.0
489.0,817.0
488.0,817.0
488.0,816.0
488.0,816.0
488.0,816.0
488.0,815.0
488.0,815.0
488.0,815.0
488.0,815.0
487.0,815.0
491.0,818.0
492.0,818.0
493.0,818.0
493.0,819.0
493.0,819.0
492.0,820.0
492.0,819.0
494.0,820.0
493.0,820.0
493.0,821.0
492.0,821.0
493.0,820.0
492.0,821.0
492.0,821.0
492.0,821.0
493.0,822.0
