x,y
568.0,887.0
570.0,887.0
568.0,887.0
570.0,887.0
570.0,885.0
571.0,885.0
569.0,885.0
569.0,885.0
569.0,885.0
568.0,885.0
570.0,884.0
569.0,883.0
568.0,882.0
566.0,883.0
566.0,883.0
572.0,884.0
568.0,882.0
575.0,886.0
569.0,883.0
575.0,886.0
578.0,884.0
578.0,884.0
576.0,884.0
577.0,884.0
578.0,883.0
579.0,884.0
579.0,884.0
579.0,884.0
579.0,884.0
579.0,884.0
580.0,884.0
580.0,884.0
579.0,885.0
579.0,890.0
580.0,892.0
581.0,886.0
581.0,886.0
582.0,888.0
582.0,888.0
583.0,889.0
581.0,891.0
581.0,891.0
581.0,891.0
581.0,891.0
583.0,889.0
583.0,889.0
583.0,889.0
583.0,888.0
582.0,888.0
581.0,888.0
578.0,888.0
578.0,888.0
578.0,890.0
576.0,887.0
576.0,891.0
575.0,893.0
577.0,897.0
576.0,903.0
563.0,914.0
542.0,916.0
533.0,913.0
514.0,917.0
503.0,912.0
499.0,904.0
491.0,894.0
489.0,891.0
491.0,878.0
481.0,876.0
479.0,874.0
479.0,868.0
482.0,867.0
482.0,865.0
479.0,858.0
484.0,853.0
477.0,859.0
477.0,856.0
481.0,849.0
483.0,848.0
488.0,851.0
486.0,853.0
486.0,853.0
487.0,853.0
489.0,853.0
491.0,853.0
491.0,852.0
490.0,853.0
489.0,854.0
490.0,854.0
491.0,853.0
491.0,853.0
485.0,862.0
485.0,851.0
490.0,856.0
490.0,856.0
490.0,856.0
480.0,851.0
477.0,848.0
476.0,849.0
476.0,848.0
482.0,851.0
