x,y
120.0,905.0
262.0,878.0
391.0,862.0
519.0,848.0
635.0,794.0
730.0,712.0
802.0,621.0
848.0,532.0
882.0,434.0
896.0,328.0
928.0,289.0
948.0,258.0
959.0,256.0
952.0,262.0
944.0,262.0
942.0,270.0
942.0,272.0
945.0,276.0
952.0,282.0
960.0,288.0
963.0,298.0
962.0,295.0
961.0,291.0
965.0,298.0
962.0,293.0
963.0,292.0
964.0,292.0
969.0,299.0
975.0,301.0
974.0,302.0
975.0,301.0
975.0,301.0
975.0,300.0
970.0,302.0
974.0,302.0
974.0,301.0
974.0,300.0
974.0,300.0
974.0,299.0
974.0,299.0
973.0,299.0
971.0,300.0
973.0,302.0
977.0,303.0
977.0,303.0
979.0,304.0
980.0,305.0
979.0,305.0
980.0,304.0
981.0,304.0
982.0,304.0
981.0,304.0
981.0,304.0
981.0,304.0
981.0,304.0
980.0,304.0
981.0,304.0
981.0,305.0
983.0,309.0
983.0,309.0
984.0,309.0
985.0,309.0
985.0,311.0
986.0,312.0
986.0,316.0
986.0,316.0
986.0,317.0
985.0,317.0
985.0,318.0
984.0,319.0
984.0,318.0
984.0,318.0
984.0,318.0
984.0,318.0
984.0,319.0
983.0,319.0
982.0,320.0
982.0,320.0
981.0,319.0
980.0,320.0
979.0,321.0
979.0,320.0
978.0,322.0
979.0,322.0
979.0,324.0
977.0,324.0
977.0,325.0
976.0,325.0
977.0,326.0
975.0,324.0
975.0,325.0
974.0,325.0
975.0,325.0
976.0,326.0
975.0,325.0
974.0,325.0
974.0,325.0
974.0,325.0
974.0,325.0
974.0,325.0
