x,y
16.0,857.0
40.0,847.0
47.0,831.0
51.0,822.0
51.0,803.0
51.0,787.0
54.0,781.0
61.0,784.0
65.0,783.0
65.0,781.0
72.0,782.0
79.0,775.0
86.0,777.0
86.0,776.0
83.0,780.0
83.0,780.0
87.0,777.0
88.0,778.0
87.0,784.0
87.0,784.0
85.0,784.0
85.0,780.0
85.0,780.0
86.0,780.0
84.0,781.0
84.0,781.0
83.0,781.0
82.0,785.0
83.0,785.0
84.0,784.0
85.0,785.0
88.0,785.0
92.0,784.0
92.0,783.0
92.0,783.0
93.0,783.0
93.0,783.0
94.0,784.0
94.0,783.0
95.0,782.0
98.0,782.0
99.0,782.0
100.0,783.0
100.0,785.0
110.0,787.0
111.0,787.0
112.0,786.0
113.0,786.0
113.0,787.0
113.0,786.0
113.0,786.0
113.0,787.0
112.0,787.0
112.0,787.0
112.0,787.0
113.0,787.0
113.0,786.0
113.0,786.0
115.0,787.0
114.0,786.0
115.0,786.0
116.0,786.0
116.0,786.0
117.0,786.0
117.0,786.0
118.0,785.0
118.0,784.0
118.0,785.0
118.0,785.0
119.0,785.0
119.0,785.0
119.0,784.0
121.0,784.0
121.0,784.0
120.0,784.0
120.0,785.0
120.0,785.0
120.0,785.0
121.0,784.0
122.0,784.0
121.0,784.0
122.0,784.0
122.0,783.0
121.0,783.0
121.0,782.0
122.0,782.0
121.0,782.0
120.0,781.0
120.0,781.0
120.0,780.0
129.0,792.0
119.0,785.0
112.0,777.0
121.0,781.0
136.0,786.0
144.0,788.5
152.0,791.0
162.0,803.5
172.0,816.0
184.0,821.0
