x,y
1657.0,456.0
1661.0,454.0
1660.0,453.0
1661.0,453.0
1660.0,450.0
1663.0,453.0
1663.0,454.0
1663.0,453.0
1658.0,453.0
1659.0,455.0
1660.0,456.0
1662.0,456.0
1662.0,456.0
1662.0,455.0
1661.0,455.0
1662.0,455.0
1663.0,454.0
1663.0,454.0
1664.0,454.0
1662.0,455.0
1662.0,455.0
1662.0,455.0
1664.0,454.0
1665.0,454.0
1664.0,455.0
1663.0,454.0
1662.0,455.0
1663.0,454.0
1663.0,453.0
1663.0,455.0
1664.0,454.0
1663.0,454.0
1664.0,454.0
1664.0,450.0
1666.0,450.0
1665.0,447.0
1664.0,449.0
1664.0,449.0
1665.0,446.0
1662.0,443.0
1664.0,443.0
1665.0,445.0
1667.0,443.0
1667.0,445.0
1665.0,447.0
1665.0,446.0
1666.0,446.0
1665.0,444.0
1667.0,444.0
1666.0,444.0
1668.0,443.0
1668.0,443.0
1669.0,444.0
1669.0,443.0
1668.0,443.0
1670.0,443.0
1668.0,442.0
1669.0,443.0
1667.0,444.0
1668.0,444.0
1666.0,446.0
1668.0,444.0
1668.0,444.0
1668.0,446.0
1668.0,445.0
1671.0,445.0
1670.0,444.0
1671.0,443.0
1676.0,443.0
1675.0,439.0
1674.0,441.0
1674.0,441.0
1674.0,440.0
1672.0,440.0
1673.0,440.0
1672.0,440.0
1673.0,439.0
1673.0,440.0
1673.0,440.0
1673.0,440.0
1673.0,440.0
1674.0,440.0
1673.0,439.0
1673.0,439.0
1673.0,439.0
1672.0,438.0
1672.0,437.0
1672.0,437.0
1672.0,437.0
1673.0,437.0
1673.0,437.0
1673.0,437.0
1670.0,437.0
1670.0,435.0
1671.0,436.0
1670.0,435.0
1670.0,435.0
1671.0,434.0
1672.0,434.0
1671.0,434.0
