x,y
48.0,918.0
83.0,897.0
106.0,875.0
124.0,870.0
144.0,877.0
162.0,879.0
178.0,875.0
177.0,872.0
185.0,867.0
174.0,869.0
176.0,861.0
185.0,863.0
180.0,856.0
190.0,855.0
192.0,857.0
200.0,850.0
189.0,849.0
172.0,847.0
170.0,845.0
199.0,838.0
203.0,839.0
198.0,839.0
199.0,839.0
203.0,841.0
199.0,839.0
203.0,840.0
199.0,839.0
202.0,840.0
202.0,840.0
202.0,840.0
202.0,840.0
202.0,840.0
201.0,840.0
201.0,840.0
200.0,840.0
200.0,840.0
199.0,839.0
199.0,839.0
198.0,839.0
197.0,838.0
197.0,839.0
197.0,838.0
197.0,837.0
196.0,837.0
196.0,836.0
196.0,836.0
196.0,836.0
196.0,837.0
196.0,836.0
196.0,835.0
196.0,835.0
197.0,835.0
197.0,835.0
197.0,836.0
197.0,835.0
197.0,835.0
197.0,835.0
197.0,836.0
197.0,836.0
197.0,835.0
197.0,835.0
196.0,832.0
197.0,830.0
195.0,830.0
195.0,829.0
196.0,828.0
195.0,828.0
196.0,829.0
196.0,829.0
195.0,828.0
195.0,828.0
195.0,828.0
195.0,828.0
195.0,828.0
195.0,828.0
196.0,828.0
196.0,828.0
196.0,827.0
196.0,827.0
195.0,826.0
195.0,826.0
196.0,826.0
195.0,825.0
194.0,824.0
194.0,823.0
197.0,822.0
196.0,820.0
195.0,819.0
195.0,819.0
195.0,820.0
195.0,819.0
195.0,819.0
195.0,820.0
196.0,819.0
196.0,819.0
197.0,817.0
195.0,815.0
196.0,815.0
197.0,815.0
202.0,817.0
