x,y
1068.0,661.0
1068.0,661.0
1068.0,661.0
1068.0,660.5
1068.0,660.0
1068.0,662.0
1068.0,662.0
1068.0,662.0
1068.0,662.0
1068.0,661.0
1067.0,659.0
1067.25,659.5
1067.5,660.0
1067.75,660.5
1068.0,661.0
1067.0,660.0
1067.5,660.5
1068.0,661.0
1068.0,661.0
1069.0,661.0
1068.5,661.0
1068.0,661.0
1067.0,660.0
1068.0,661.0
1070.0,663.0
1068.0,666.0
1068.0,666.5
1068.0,667.0
1068.6666666666667,666.4444444444445
1069.3333333333333,665.8888888888889
1070.0,665.3333333333334
1070.6666666666667,664.7777777777778
1071.3333333333333,664.2222222222222
1072.0,663.6666666666666
1072.6666666666667,663.1111111111111
1073.3333333333333,662.5555555555555
1074.0,662.0
1074.0,662.0
1073.0,662.0
1073.0,662.0
1073.5,662.0
1074.0,662.0
1078.0,690.0
1075.0,693.0
1070.0,695.0
1067.0,696.0
1074.0,674.0
1069.0,673.0
1064.0,671.0
1075.0,669.0
1087.0,679.0
1109.0,677.0
1135.0,657.0
1179.0,661.0
1205.0,662.0
1242.0,690.0
1271.0,713.0
1300.0,736.0
1309.0,792.0
1325.0,820.0
1332.0,831.5
1339.0,843.0
1349.0,839.5
1359.0,836.0
1398.0,849.0
1428.0,858.0
1462.0,876.0
1489.0,888.0
1501.0,893.0
1564.0,902.0
1582.0,912.0
1598.0,900.0
1609.0,882.0
1627.0,862.0
1657.0,852.0
1698.0,860.0
1753.0,855.0
1801.0,869.0
1852.0,886.0
1901.0,910.0
1900.6363636363637,915.2272727272727
1900.2727272727273,920.4545454545455
1899.909090909091,925.6818181818181
1899.5454545454545,930.9090909090909
1899.1818181818182,936.1363636363636
1898.8181818181818,941.3636363636364
1898.4545454545455,946.5909090909091
1898.090909090909,951.8181818181819
1897.7272727272727,957.0454545454545
1897.3636363636363,962.2727272727273
1897.0,967.5
1896.6363636363637,972.7272727272727
1896.2727272727273,977.9545454545455
1895.909090909091,983.1818181818182
1895.5454545454545,988.4090909090909
1895.1818181818182,993.6363636363636
1894.8181818181818,998.8636363636364
1894.4545454545455,1004.0909090909091
1894.090909090909,1009.3181818181819
1893.7272727272727,1014.5454545454545
