x,y
1671.0,434.0
1671.0,433.0
1670.0,432.0
1670.0,431.0
1670.0,431.0
1671.0,430.0
1669.0,430.0
1668.0,429.0
1669.0,431.0
1670.0,430.0
1669.0,431.0
1671.0,430.0
1670.0,430.0
1668.0,430.0
1669.0,430.0
1669.0,429.0
1669.0,430.0
1670.0,431.0
1670.0,430.0
1669.0,430.0
1670.0,431.0
1669.0,430.0
1669.0,430.0
1669.0,431.0
1668.0,431.0
1666.0,430.0
1667.0,432.0
1667.0,431.0
1667.0,431.0
1667.0,431.0
1668.0,431.0
1668.0,431.0
1668.0,431.0
1669.0,430.0
1668.0,430.0
1668.0,429.0
1668.0,431.0
1667.0,431.0
1666.0,430.0
1666.0,432.0
1661.0,432.0
1661.0,433.0
1660.0,433.0
1660.0,434.0
1661.0,432.0
1661.0,433.0
1661.0,431.0
1660.0,432.0
1660.0,430.0
1660.0,431.0
1660.0,432.0
1660.0,430.0
1660.0,431.0
1660.0,431.0
1661.0,431.0
1660.0,431.0
1659.0,430.0
1661.0,431.0
1659.0,431.0
1661.0,431.0
1662.0,430.0
1659.0,430.0
1660.0,433.0
1659.0,433.0
1659.0,433.0
1657.0,436.0
1657.0,436.0
1658.0,439.0
1658.0,438.0
1667.0,439.0
1667.0,441.0
1667.0,440.0
1668.0,442.0
1668.0,442.0
1670.0,443.0
1668.0,443.0
1669.0,442.0
1668.0,443.0
1668.0,444.0
1668.0,444.0
1668.0,444.0
1669.0,444.0
1668.0,443.0
1668.0,442.0
1667.0,443.0
1667.0,442.0
1667.0,442.0
1668.0,443.0
1667.0,444.0
1669.0,445.0
1668.0,444.0
1665.0,444.0
1665.0,444.0
1666.0,445.0
1664.0,444.0
1666.0,443.0
1667.0,439.0
1664.0,441.0
1659.0,438.0
1659.0,436.0
