x,y
569.0,937.0
568.0,937.0
569.0,938.0
568.0,940.0
569.0,940.0
568.0,940.0
569.0,940.0
569.0,940.0
569.0,940.0
569.0,940.0
569.0,940.0
570.0,941.0
569.0,940.0
569.0,940.0
569.0,941.0
568.0,940.0
569.0,941.0
569.0,940.0
569.0,940.0
568.0,940.0
569.0,940.0
569.0,940.0
569.0,940.0
568.0,941.0
567.0,942.0
567.0,941.0
567.0,942.0
567.0,942.0
569.0,944.0
570.0,946.0
570.0,945.0
570.0,945.0
571.0,946.0
573.0,945.0
572.0,946.0
573.0,946.0
573.0,947.0
572.0,946.0
573.0,946.0
574.0,947.0
574.0,947.0
575.0,948.0
576.0,949.0
579.0,949.0
580.0,948.0
580.0,947.0
580.0,947.0
581.0,947.0
581.0,947.0
575.0,952.0
583.0,965.0
626.0,983.0
725.0,1020.0
848.0,1036.0
956.0,1008.0
1039.0,980.0
1125.0,990.0
1219.0,1062.0
1204.0,1054.1333333333334
1189.0,1046.2666666666667
1174.0,1038.4
1159.0,1030.5333333333333
1144.0,1022.6666666666666
1129.0,1014.8
1114.0,1006.9333333333334
1099.0,999.0666666666667
1084.0,991.2
1069.0,983.3333333333334
1054.0,975.4666666666667
1039.0,967.6
1024.0,959.7333333333333
1009.0,951.8666666666667
994.0,944.0
1020.0,935.0
1034.25,933.75
1048.5,932.5
1062.75,931.25
1077.0,930.0
