x,y
1415.0,673.0
1415.0,672.0
1415.0,673.0
1416.0,672.0
1416.0,672.0
1416.0,672.0
1418.0,671.0
1419.0,669.0
1418.0,667.0
1419.0,664.0
1423.0,664.0
1420.0,662.0
1419.0,663.0
1420.0,661.0
1419.0,661.0
1418.0,659.0
1418.0,660.0
1416.0,660.0
1416.0,659.0
1415.0,659.0
1414.0,660.0
1415.0,659.0
1414.0,659.0
1414.0,659.0
1414.0,660.0
1414.0,660.0
1414.0,660.0
1414.0,660.0
1414.0,660.0
1414.0,660.0
1414.0,660.0
1414.0,660.0
1415.0,660.0
1419.0,662.0
1416.0,660.0
1415.0,660.0
1415.0,660.0
1416.0,660.0
1416.0,660.0
1414.0,660.0
1416.0,661.0
1414.0,658.0
1415.0,660.0
1415.0,659.0
1416.0,658.0
1415.0,657.0
1416.0,657.0
1416.0,658.0
1416.0,657.0
1416.0,657.0
1416.0,656.0
1416.0,657.0
1416.0,658.0
1416.0,657.0
1416.0,657.0
1416.0,657.0
1416.0,657.0
1416.0,657.0
1416.0,657.0
1415.0,657.0
1415.0,657.0
1414.0,657.0
1414.0,656.0
1414.0,657.0
1414.0,657.0
1414.0,657.0
1414.0,657.0
1414.0,657.0
1415.0,657.0
1414.0,657.0
1414.0,657.0
1415.0,658.0
1414.0,659.0
1414.0,658.0
1418.0,659.0
1418.0,658.0
1419.0,659.0
1417.0,658.0
1420.0,659.0
1418.0,660.0
1419.0,660.0
1417.0,662.0
1415.0,664.0
1415.0,665.0
1417.0,663.0
1427.0,662.0
1432.0,662.0
1439.0,664.0
1452.0,659.0
1461.0,649.0
1485.0,632.0
1505.0,621.0
1532.0,614.0
1564.0,614.0
1596.0,620.0
1629.0,624.0
1659.0,620.0
1691.0,608.0
1732.0,598.0
1764.0,587.0
