x,y
700.0,1014.0
746.0,981.0
784.0,950.0
813.0,918.0
822.0,890.0
828.0,862.0
825.0,840.0
823.0,820.0
816.0,796.0
815.0,787.0
821.0,778.0
825.0,779.0
828.0,775.0
831.0,777.0
838.0,778.0
834.0,777.0
835.0,775.0
834.0,772.0
836.0,773.0
837.0,771.0
838.0,771.0
837.0,770.0
838.0,772.0
837.0,772.0
837.0,772.0
837.0,773.0
837.0,773.0
837.0,773.0
837.0,773.0
839.0,773.0
838.0,773.0
837.0,773.0
837.0,773.0
836.0,772.0
837.0,773.0
837.0,773.0
838.0,774.0
839.0,773.0
839.0,773.0
837.0,773.0
836.0,773.0
836.0,773.0
836.0,772.0
832.0,769.0
835.0,775.0
833.0,771.0
836.0,771.0
839.0,770.0
843.0,770.0
846.0,772.0
846.0,774.0
845.0,771.0
845.0,770.0
846.0,770.0
845.0,770.0
846.0,772.0
846.0,770.0
846.0,770.0
846.0,770.0
844.0,770.0
841.0,768.0
843.0,770.0
840.0,778.0
848.0,796.0
852.0,807.0
860.0,824.0
878.0,838.0
909.0,855.0
940.0,868.0
965.0,889.0
1004.0,906.0
1037.0,905.0
1073.0,899.0
1107.0,892.0
1131.0,880.0
1136.0,868.0
1138.0,861.0
1143.0,850.0
1145.0,835.0
1144.0,821.0
1141.0,822.0
1144.0,826.0
1144.0,832.0
1148.0,843.0
1149.0,854.0
1164.0,857.0
1168.0,896.0
1171.0,902.0
1177.0,907.0
1178.0,900.0
1183.0,895.0
1183.0,896.0
1183.0,891.0
1185.0,886.0
1192.0,876.0
1185.0,904.0
1194.0,903.0
1203.0,902.0
1212.0,901.0
1221.0,900.0
