x,y
1149.0,452.0
1150.0,450.0
1156.0,448.0
1161.0,445.0
1161.0,450.0
1154.0,450.0
1145.0,448.0
1135.0,432.0
1118.0,420.0
1101.0,402.0
1077.0,404.0
1050.0,410.0
1020.0,423.0
999.0,436.0
988.0,461.0
976.0,463.0
960.0,462.0
955.0,461.0
956.0,462.0
945.0,463.0
950.0,460.0
954.0,443.0
926.0,460.0
921.0,457.0
921.0,457.0
923.0,461.0
921.0,475.0
926.0,484.0
919.0,475.0
916.0,479.0
918.0,467.0
916.0,465.0
917.0,462.0
920.0,461.0
918.0,458.0
920.0,457.0
918.0,458.0
924.0,456.0
924.0,457.0
926.0,457.0
922.0,459.0
922.0,459.0
922.0,460.0
926.0,458.0
923.0,458.0
923.0,458.0
924.0,458.0
924.0,458.0
924.0,457.0
927.0,455.0
927.0,454.0
926.0,456.0
931.0,454.0
930.0,454.0
924.0,454.0
924.0,454.0
923.0,454.0
925.0,453.0
926.0,453.0
925.0,453.0
926.0,453.0
924.0,452.0
924.0,451.0
922.0,449.0
923.0,448.0
923.0,446.0
922.0,448.0
923.0,447.0
923.0,448.0
923.0,448.0
923.0,448.0
924.0,447.0
923.0,449.0
924.0,447.0
924.0,448.0
925.0,447.0
924.0,449.0
924.0,448.0
923.0,448.0
923.0,448.0
922.0,447.0
923.0,445.0
921.0,444.0
920.0,444.0
919.0,442.0
918.0,442.0
917.0,442.0
918.0,442.0
918.0,441.0
917.0,441.0
918.0,440.0
919.0,441.0
918.0,441.0
917.0,442.0
917.0,441.0
916.0,441.0
916.0,442.0
915.0,442.0
915.0,442.0
915.0,440.0
