x,y
1057.0,663.0
1057.0,663.0
1057.0,662.0
1057.0,662.0
1058.0,663.0
1059.0,664.0
1059.0,664.0
1061.0,665.0
1063.0,667.0
1064.0,666.0
1066.0,667.0
1066.0,667.0
1066.0,668.0
1068.0,669.0
1071.0,670.0
1073.0,668.0
1080.0,664.0
1082.0,664.0
1085.0,673.0
1087.0,672.0
1087.0,670.0
1086.0,662.0
1084.0,653.0
1085.0,654.0
1088.0,653.0
1094.0,655.0
1096.0,648.0
1102.0,645.0
1110.0,636.0
1113.0,621.0
1117.0,604.0
1108.0,588.0
1150.0,582.0
1157.0,577.0
1165.0,569.0
1160.0,559.0
1155.0,544.0
1162.0,536.0
1161.0,521.0
1205.0,533.0
1231.0,532.0
1247.0,527.0
1278.0,523.0
1314.0,521.0
1340.0,513.0
1361.0,489.0
1369.0,468.0
1376.0,447.0
1392.0,441.0
1389.0,422.0
1399.0,425.0
1409.0,418.0
1419.0,423.0
1426.0,420.0
1437.0,422.0
1435.0,414.0
1439.0,413.0
1442.0,410.0
1438.0,409.0
1443.0,408.0
1436.0,409.0
1436.0,409.0
1443.0,409.0
1442.0,408.0
1442.0,409.0
1441.0,411.0
1442.0,410.0
1441.0,411.0
1441.0,411.0
1441.0,411.0
1442.0,410.0
1443.0,410.0
1441.0,410.0
1440.0,410.0
1440.0,410.0
1441.0,410.0
1439.0,410.0
1439.0,409.0
1438.0,409.0
1439.0,409.0
1439.0,409.0
1439.0,409.0
1438.0,409.0
1438.0,409.0
1438.0,408.0
1438.0,408.0
1438.0,408.0
1438.0,408.0
1438.0,408.0
1438.0,409.0
1439.0,409.0
1439.0,408.0
1439.0,408.0
1438.0,408.0
1438.0,407.0
1438.0,407.0
1438.0,405.0
1438.0,405.0
1438.0,404.0
1437.0,402.0
