x,y
160.0,804.0
160.0,805.0
158.0,805.0
157.0,808.0
157.0,803.0
155.0,808.0
159.0,807.0
155.0,804.0
155.0,803.0
155.0,807.0
155.0,806.0
156.0,806.0
156.0,805.0
156.0,805.0
156.0,805.0
155.0,808.0
153.0,808.0
153.0,808.0
155.0,808.0
151.0,807.0
151.0,807.0
152.0,804.0
151.0,803.0
152.0,803.0
152.0,803.0
150.0,804.0
151.0,803.0
151.0,803.0
150.0,804.0
149.0,804.0
146.0,805.0
146.0,806.0
150.0,801.0
148.0,800.0
149.0,801.0
149.0,806.0
145.0,803.0
144.0,803.0
145.0,802.0
144.0,803.0
142.0,804.0
142.0,803.0
143.0,802.0
142.0,803.0
143.0,809.0
142.0,814.0
139.0,815.0
128.0,818.0
128.0,826.0
120.0,830.0
104.0,836.0
80.0,852.0
61.0,862.0
39.0,863.0
17.0,868.0
1.0,862.0
