x,y
490.0,72.0
474.0,149.0
449.0,224.0
428.0,312.0
397.0,392.0
387.0,474.0
366.0,540.0
362.0,577.0
372.0,598.0
384.0,603.0
387.0,594.0
397.0,577.0
421.0,559.0
452.0,547.0
466.0,528.0
476.0,498.0
471.0,513.0
474.0,513.0
477.0,524.0
481.0,527.0
486.0,521.0
488.0,523.0
487.0,514.0
487.0,518.0
486.0,520.0
486.0,517.0
493.0,515.0
490.0,522.0
489.0,522.0
491.0,515.0
492.0,515.0
492.0,515.0
492.0,514.0
492.0,512.0
493.0,513.0
494.0,520.0
491.0,519.0
489.0,518.0
497.0,519.0
492.0,512.0
492.0,513.0
489.0,517.0
498.0,518.0
497.0,519.0
498.0,520.0
497.0,521.0
497.0,520.0
491.0,513.0
496.0,521.0
497.0,521.0
497.0,521.0
496.0,522.0
496.0,522.0
496.0,522.0
496.0,524.0
493.0,518.0
498.0,508.0
493.0,518.0
494.0,522.0
494.0,523.0
494.0,523.0
495.0,523.0
495.0,521.0
495.0,520.0
495.0,521.0
494.0,522.0
495.0,522.0
495.0,522.0
494.0,522.0
495.0,522.0
496.0,522.0
496.0,522.0
497.0,521.0
494.0,523.0
496.0,522.0
493.0,523.0
492.0,523.0
492.0,520.0
499.0,521.0
498.0,524.0
499.0,523.0
498.0,524.0
493.0,522.0
498.0,521.0
501.0,520.0
501.0,520.0
502.0,513.0
503.0,511.0
503.0,511.0
498.0,509.0
495.0,504.0
490.0,513.0
485.0,515.0
489.0,516.0
502.0,513.0
525.0,496.0
565.0,495.0
604.0,484.0
650.0,479.0
702.0,469.0
