x,y
681.0,848.0
681.0,849.0
680.0,848.0
680.0,848.0
679.0,848.0
680.0,849.0
680.0,848.0
680.0,849.0
680.0,849.0
680.0,848.0
680.0,849.0
679.0,848.0
680.0,849.0
680.0,849.0
680.0,849.0
680.0,848.0
680.0,848.0
681.0,848.0
681.0,848.0
681.0,848.0
681.0,848.0
681.0,848.0
681.0,848.0
681.0,848.0
680.0,848.0
680.0,847.0
680.0,847.0
680.0,847.0
680.0,847.0
679.0,846.0
678.0,846.0
678.0,846.0
679.0,846.0
679.0,846.0
679.0,845.0
679.0,845.0
679.0,846.0
679.0,847.0
680.0,847.0
680.0,848.0
680.0,847.0
679.0,847.0
679.0,847.0
679.0,847.0
679.0,848.0
680.0,848.0
680.0,848.0
680.0,848.0
680.0,848.0
680.0,848.0
679.0,848.0
679.0,848.0
678.0,847.0
677.0,848.0
676.0,849.0
677.0,847.0
675.0,848.0
676.0,849.0
676.0,849.0
677.0,849.0
677.0,849.0
676.0,850.0
679.0,854.0
676.0,848.0
677.0,846.0
675.0,853.0
673.0,847.0
674.0,853.0
678.0,866.0
673.0,884.0
673.0,895.0
671.0,890.0
655.0,869.0
637.0,844.0
631.0,824.0
624.0,804.0
611.0,783.0
598.0,763.0
575.0,750.0
562.0,737.0
542.0,733.0
527.0,747.0
507.0,758.0
500.0,783.0
478.0,811.0
466.0,839.0
455.0,879.0
447.0,914.0
436.0,962.0
420.0,1003.0
411.0,1041.0
395.0,1069.0
377.0,1070.0
373.90909090909093,1070.4545454545455
370.8181818181818,1070.909090909091
367.72727272727275,1071.3636363636363
364.6363636363636,1071.8181818181818
361.54545454545456,1072.2727272727273
358.45454545454544,1072.7272727272727
355.3636363636364,1073.1818181818182
