x,y
1008.0,544.0
1007.0,544.0
1007.0,544.0
1007.0,544.0
1007.0,544.0
1008.0,544.0
1008.0,544.0
1008.0,544.0
1008.0,544.0
1008.0,545.0
1008.0,545.0
1009.0,545.0
1009.0,545.0
1008.0,545.0
1008.0,545.0
1008.0,545.0
1007.0,545.0
1007.0,545.0
1007.0,545.0
1007.0,545.0
1008.0,545.0
1008.0,545.0
1008.0,545.0
1008.0,545.0
1008.0,545.0
1008.0,545.0
1008.0,544.0
1008.0,543.0
1009.0,542.0
1009.0,542.0
1008.0,541.0
1006.0,541.0
1005.0,542.0
1006.0,542.0
1006.0,541.0
1005.0,540.0
1006.0,541.0
1006.0,541.0
1004.0,539.0
1005.0,540.0
1008.0,540.0
1006.0,540.0
1008.0,540.0
1009.0,540.0
1007.0,539.0
1009.0,539.0
1007.0,538.0
1007.0,537.0
1011.0,537.0
1011.0,538.0
1006.0,536.0
1010.0,538.0
1007.0,538.0
1007.0,538.0
1007.0,538.0
1008.0,538.0
1008.0,539.0
1010.0,543.0
1011.0,544.0
1012.0,544.0
1013.0,543.0
1013.0,544.0
1012.0,544.0
1008.0,541.0
1013.0,543.0
1013.0,540.0
1008.0,538.0
1013.0,541.0
1013.0,538.0
1011.0,538.0
1011.0,538.0
1006.0,541.0
1011.0,539.0
1008.0,540.0
1010.0,539.0
1010.0,538.0
1006.0,538.0
1007.0,537.0
1007.0,537.0
1007.0,538.0
1006.0,529.0
1015.0,534.0
1010.0,546.0
1011.0,549.0
1012.0,547.0
1011.0,549.0
1011.0,548.0
1012.0,549.0
1012.0,549.0
1012.0,549.0
1012.0,549.0
1012.0,549.0
1012.0,548.0
1011.0,549.0
1012.0,549.0
1011.0,549.0
1012.0,549.0
1012.0,549.0
1012.0,549.0
1012.0,549.0
