x,y
1166.0,470.0
1166.0,467.0
1167.0,471.0
1166.0,467.0
1166.0,468.0
1166.0,468.0
1171.0,465.0
1169.0,465.0
1169.0,466.0
1169.0,466.0
1169.0,466.0
1169.0,466.0
1167.0,465.0
1166.0,465.0
1166.0,465.0
1166.0,466.0
1167.0,466.0
1167.0,466.0
1165.0,469.0
1167.0,466.0
1167.0,466.0
1167.0,466.0
1166.0,467.0
1166.0,466.0
1166.0,466.0
1165.0,466.0
1165.0,465.0
1164.0,465.0
1163.0,464.0
1164.0,464.0
1164.0,465.0
1164.0,465.0
1164.0,465.0
1164.0,465.0
1165.0,465.0
1165.0,465.0
1164.0,465.0
1165.0,465.0
1165.0,465.0
1164.0,465.0
1163.0,464.0
1163.0,464.0
1161.0,466.0
1160.0,466.0
1162.0,465.0
1160.0,466.0
1160.0,466.0
1161.0,464.0
1160.0,466.0
1162.0,464.0
1164.0,463.0
1164.0,461.0
1163.0,461.0
1163.0,461.0
1161.0,464.0
1159.0,463.0
1161.0,461.0
1160.0,464.0
1159.0,464.0
1161.0,461.0
1161.0,462.0
1161.0,462.0
1159.0,464.0
1158.0,464.0
1158.0,464.0
1158.0,464.0
1158.0,463.0
1157.0,463.0
1158.0,465.0
1157.0,466.0
1157.0,466.0
1157.0,466.0
1156.0,466.0
1155.0,466.0
1154.0,466.0
1152.0,464.0
1151.0,464.0
1150.0,462.0
1151.0,461.0
1151.0,460.0
1152.0,458.0
1152.0,458.0
1152.0,458.0
1153.0,458.0
1153.0,458.0
1153.0,458.0
1151.0,457.0
1151.0,457.0
1151.0,457.0
1151.0,457.0
1152.0,456.0
1152.0,456.0
1150.0,455.0
1149.0,455.0
1149.0,452.0
1146.0,454.0
1148.0,455.0
1145.0,455.0
1141.0,455.0
1141.0,455.0
