x,y
914.0,441.0
914.0,441.0
913.0,441.0
913.0,441.0
913.0,440.0
912.0,441.0
912.0,440.0
912.0,441.0
912.0,441.0
912.0,441.0
913.0,441.0
913.0,441.0
914.0,441.0
915.0,440.0
914.0,440.0
915.0,440.0
915.0,440.0
916.0,440.0
914.0,440.0
915.0,440.0
916.0,441.0
914.0,440.0
915.0,440.0
915.0,439.0
915.0,441.0
915.0,441.0
915.0,441.0
915.0,441.0
915.0,441.0
914.0,441.0
914.0,441.0
914.0,441.0
914.0,440.0
913.0,440.0
913.0,440.0
912.0,440.0
913.0,441.0
913.0,441.0
912.0,440.0
912.0,441.0
912.0,441.0
912.0,441.0
912.0,440.0
912.0,440.0
912.0,438.0
913.0,437.0
913.0,436.0
911.0,434.0
914.0,433.0
915.0,432.0
915.0,432.0
914.0,431.0
914.0,429.0
915.0,429.0
915.0,428.0
915.0,428.0
915.0,427.0
915.0,427.0
915.0,428.0
915.0,427.0
916.0,428.0
915.0,427.0
915.0,427.0
915.0,427.0
916.0,428.0
915.0,428.0
914.0,427.0
914.0,427.0
914.0,427.0
915.0,427.0
915.0,428.0
915.0,428.0
917.0,426.0
915.0,428.0
918.0,427.0
920.0,427.0
920.0,427.0
918.0,426.0
919.0,426.0
920.0,428.0
919.0,427.0
918.0,427.0
919.0,427.0
918.0,427.0
919.0,427.0
919.0,427.0
920.0,427.0
920.0,428.0
919.0,427.0
920.0,427.0
921.0,428.0
921.0,428.0
920.0,430.0
920.0,429.0
920.0,429.0
920.0,430.0
920.0,429.0
920.0,429.0
919.0,429.0
919.0,428.0
