x,y
961.0,904.0
999.0,909.0
1043.0,910.0
1080.0,907.0
1096.0,903.0
1114.0,897.0
1126.0,895.0
1140.0,886.0
1154.0,904.0
1178.0,932.0
1194.0,939.0
1189.0,934.0
1189.0,927.0
1187.0,934.0
1193.0,940.0
1197.0,938.0
1201.0,942.0
1204.0,944.0
1205.0,944.0
1206.0,944.0
1208.0,944.0
1207.0,944.0
1209.0,945.0
1209.0,945.0
1207.0,945.0
1207.0,945.0
1206.0,945.0
1206.0,945.0
1205.0,944.0
1206.0,943.0
1205.0,943.0
1206.0,941.0
1206.0,941.0
1206.0,942.0
1206.0,941.0
1205.0,941.0
1205.0,942.0
1205.0,942.0
1205.0,942.0
1205.0,942.0
1205.0,941.0
1206.0,941.0
1206.0,943.0
1206.0,943.0
1206.0,943.0
1204.0,943.0
1204.0,943.0
1204.0,942.0
1204.0,943.0
1205.0,943.0
1204.0,943.0
1205.0,944.0
1205.0,944.0
1206.0,943.0
1207.0,943.0
1207.0,943.0
1206.0,943.0
1205.0,941.0
1204.0,940.0
1208.0,942.0
1209.0,942.0
1212.0,943.0
1212.0,943.0
1214.0,942.0
1214.0,942.0
1214.0,942.0
1214.0,942.0
1213.0,942.0
1213.0,943.0
1213.0,942.0
1212.0,943.0
1212.0,943.0
1212.0,943.0
1212.0,943.0
1211.0,943.0
1212.0,943.0
1213.0,944.0
1213.0,943.0
1213.0,943.0
1214.0,943.0
1214.0,943.0
1214.0,943.0
1213.0,943.0
1213.0,943.0
1213.0,943.0
1213.0,943.0
1213.0,943.0
1214.0,943.0
1214.0,943.0
1214.0,943.0
1215.0,943.0
1215.0,942.0
1215.0,943.0
1215.0,943.0
1215.0,943.0
1214.0,940.0
1215.0,940.0
1215.0,940.0
1215.0,940.0
1215.0,943.0
