x,y
1437.0,401.0
1438.0,400.0
1438.0,400.0
1438.0,399.0
1439.0,399.0
1438.0,399.0
1438.0,399.0
1438.0,398.0
1437.0,398.0
1438.0,398.0
1438.0,398.0
1437.0,397.0
1438.0,397.0
1437.0,397.0
1438.0,398.0
1439.0,398.0
1438.0,397.0
1438.0,397.0
1438.0,397.0
1438.0,397.0
1438.0,397.0
1438.0,397.0
1438.0,397.0
1438.0,397.0
1438.0,397.0
1438.0,397.0
1438.0,397.0
1437.0,397.0
1438.0,397.0
1437.0,397.0
1437.0,396.0
1436.0,394.0
1436.0,392.0
1436.0,391.0
1436.0,391.0
1435.0,389.0
1435.0,390.0
1435.0,389.0
1435.0,389.0
1435.0,390.0
1435.0,390.0
1435.0,390.0
1435.0,390.0
1436.0,390.0
1436.0,390.0
1435.0,390.0
1435.0,390.0
1436.0,390.0
1436.0,390.0
1435.0,391.0
1434.0,390.0
1435.0,389.0
1437.0,387.0
1437.0,384.0
1437.0,383.0
1437.0,384.0
1437.0,384.0
1437.0,385.0
1437.0,384.0
1437.0,385.0
1438.0,385.0
1438.0,385.0
1439.0,385.0
1438.0,384.0
1439.0,384.0
1440.0,383.0
1441.0,380.0
1444.0,375.0
1446.0,374.0
1447.0,374.0
1449.0,373.0
1449.0,373.0
1449.0,373.0
1449.0,372.0
1450.0,373.0
1451.0,373.0
1451.0,373.0
1451.0,374.0
1451.0,374.0
1451.0,374.0
1451.0,375.0
1451.0,374.0
1451.0,373.0
1451.0,373.0
1451.0,373.0
1450.0,374.0
1450.0,373.0
1450.0,373.0
1450.0,374.0
1449.0,373.0
1450.0,373.0
1451.0,374.0
1451.0,373.0
1451.0,373.0
1450.0,373.0
1449.0,373.0
1449.0,373.0
1450.0,373.0
1449.0,373.0
1449.0,372.0
