x,y
1074.0,655.0
1071.0,655.0
1070.0,653.0
1070.0,653.0
1069.0,652.0
1069.0,652.0
1069.0,652.0
1069.0,653.0
1069.0,653.0
1069.0,653.0
1069.0,653.0
1069.0,653.0
1068.0,653.0
1068.0,654.0
1068.0,654.0
1067.0,654.0
1067.0,654.0
1067.0,654.0
1067.0,654.0
1067.0,655.0
1067.0,655.0
1067.0,654.0
1067.0,654.0
1067.0,654.0
1067.0,655.0
1067.0,654.0
1067.0,654.0
1067.0,654.0
1067.0,655.0
1067.0,655.0
1067.0,655.0
1067.0,655.0
1066.0,655.0
1067.0,655.0
1066.0,655.0
1067.0,655.0
1067.0,655.0
1067.0,654.0
1067.0,655.0
1067.0,654.0
1067.0,654.0
1066.0,654.0
1066.0,654.0
1066.0,654.0
1067.0,654.0
1067.0,654.0
1067.0,654.0
1067.0,654.0
1067.0,654.0
1066.0,654.0
1066.0,653.0
1065.0,653.0
1064.0,655.0
1064.0,655.0
1062.0,652.0
1060.0,653.0
1062.0,657.0
1062.0,657.0
1062.0,658.0
1063.0,657.0
1063.0,657.0
1062.0,657.0
1062.0,657.0
1063.0,657.0
1063.0,657.0
1063.0,657.0
1062.0,657.0
1062.0,657.0
1062.0,656.0
1062.0,657.0
1062.0,656.0
1062.0,656.0
1062.0,656.0
1062.0,656.0
1062.0,657.0
1062.0,657.0
1062.0,657.0
1062.0,657.0
1062.0,657.0
1061.0,658.0
1061.0,658.0
1059.0,659.0
1059.0,660.0
1056.0,659.0
1056.0,659.0
1056.0,660.0
1056.0,661.0
1055.0,662.0
1058.0,664.0
1058.0,663.0
1057.0,662.0
1057.0,662.0
1057.0,662.0
1058.0,663.0
1057.0,663.0
1057.0,662.0
1057.0,662.0
1058.0,663.0
1058.0,663.0
1057.0,663.0
