x,y
1541.0,737.0
1542.0,737.0
1542.0,737.0
1543.0,738.0
1544.0,737.0
1543.0,738.0
1543.0,738.0
1543.0,738.0
1544.0,738.0
1544.0,737.0
1542.0,738.0
1543.0,739.0
1543.0,740.0
1539.0,741.0
1539.0,743.0
1542.0,743.0
1541.0,744.0
1540.0,745.0
1541.0,745.0
1542.0,744.0
1542.0,744.0
1543.0,745.0
1542.0,745.0
1542.0,747.0
1542.0,749.0
1542.0,749.0
1543.0,751.0
1541.0,751.0
1542.0,751.0
1544.0,749.0
1545.0,749.0
1548.0,748.0
1547.0,748.0
1546.0,749.0
1547.0,750.0
1546.0,751.0
1547.0,751.0
1547.0,752.0
1548.0,751.0
1548.0,751.0
1548.0,751.0
1548.0,751.0
1548.0,751.0
1548.0,751.0
1548.0,750.0
1548.0,751.0
1548.0,751.0
1548.0,751.0
1549.0,751.0
1549.0,751.0
1549.0,751.0
1550.0,751.0
1550.0,750.0
1550.0,751.0
1550.0,751.0
1550.0,752.0
1551.0,753.0
1550.0,753.0
1550.0,752.0
1550.0,752.0
1549.0,752.0
1550.0,752.0
1550.0,752.0
1550.0,751.0
1550.0,752.0
1550.0,752.0
1551.0,752.0
1550.0,753.0
1551.0,753.0
1551.0,753.0
1552.0,752.0
1552.0,752.0
1556.0,750.0
1557.0,751.0
1558.0,752.0
1557.0,756.0
1560.0,756.0
1586.0,752.0
1602.0,731.0
1621.0,695.0
1646.0,670.0
1679.0,646.0
1710.0,642.0
1728.0,652.0
1759.0,654.0
1791.0,655.0
1825.0,647.0
1863.0,652.0
1897.0,664.0
1917.0,699.0
