x,y
693.0,972.0
693.0,972.0
693.0,972.0
694.0,974.0
694.0,973.0
693.0,974.0
693.0,974.0
693.0,973.0
694.0,973.0
694.0,974.0
694.0,974.0
694.0,974.0
694.0,974.0
693.0,975.0
694.0,975.0
694.0,975.0
694.0,975.0
694.0,974.0
694.0,975.0
694.0,974.0
695.0,974.0
694.0,974.0
694.0,974.0
693.0,974.0
693.0,974.0
693.0,974.0
693.0,972.0
695.0,973.0
695.0,973.0
695.0,972.0
695.0,972.0
695.0,972.0
696.0,972.0
695.0,971.0
696.0,972.0
696.0,971.0
695.0,972.0
695.0,973.0
696.0,973.0
695.0,973.0
694.0,973.0
695.0,974.0
696.0,974.0
695.0,974.0
695.0,974.0
695.0,973.0
695.0,974.0
695.0,973.0
695.0,974.0
695.0,974.0
694.0,975.0
694.0,976.0
694.0,975.0
694.0,975.0
694.0,975.0
694.0,974.0
694.0,975.0
694.0,975.0
694.0,975.0
694.0,975.0
694.0,975.0
694.0,975.0
693.0,975.0
693.0,975.0
693.0,975.0
693.0,975.0
693.0,975.0
693.0,975.0
693.0,975.0
693.0,975.0
693.0,975.0
693.0,975.0
694.0,975.0
693.0,975.0
694.0,975.0
694.0,975.0
694.0,974.0
694.0,975.0
694.0,974.0
694.0,974.0
694.0,975.0
694.0,975.0
694.0,975.0
694.0,974.0
694.0,975.0
694.0,975.0
694.0,974.0
694.0,974.0
694.0,975.0
694.0,975.0
694.0,975.0
694.0,975.0
694.0,975.0
694.0,975.0
694.0,974.0
693.0,974.0
693.0,975.0
693.0,975.0
694.0,975.0
694.0,975.0
