x,y
1170.0,812.0
1169.0,815.0
1170.0,812.0
1169.0,815.0
1170.0,812.0
1170.0,812.0
1170.0,813.0
1169.0,814.0
1170.0,812.0
1170.0,812.0
1169.0,815.0
1170.0,813.0
1170.0,814.0
1170.0,814.0
1170.0,813.0
1170.0,813.0
1170.0,814.0
1169.0,815.0
1169.0,815.0
1169.0,815.0
1169.0,815.0
1169.0,815.0
1170.0,814.0
1169.0,815.0
1169.0,814.0
1169.0,814.0
1168.0,814.0
1168.0,813.0
1168.0,812.0
1167.0,811.0
1168.0,811.0
1167.0,810.0
1166.0,810.0
1166.0,810.0
1166.0,809.0
1167.0,808.0
1168.0,808.0
1168.0,808.0
1169.0,807.0
1171.0,806.0
1170.0,806.0
1173.0,805.0
1172.0,806.0
1172.0,807.0
1176.0,807.0
1172.0,809.0
1175.0,807.0
1169.0,809.0
1166.0,806.0
1168.0,807.0
1166.0,807.0
1148.0,813.0
1135.0,811.0
1124.0,815.0
1101.0,831.0
1075.0,842.0
1043.0,854.0
1022.0,856.0
1001.0,847.0
986.0,858.0
973.0,862.0
958.0,869.0
947.0,866.0
956.0,871.0
951.0,869.0
958.0,862.0
956.0,853.0
964.0,853.0
963.0,848.0
964.0,844.0
965.0,844.0
968.0,843.0
968.0,841.0
968.0,841.0
966.0,840.0
969.0,841.0
969.0,842.0
969.0,841.0
964.0,838.0
964.0,839.0
970.0,842.0
970.0,842.0
970.0,843.0
971.0,843.0
966.0,842.0
968.0,841.0
970.0,843.0
969.0,842.0
970.0,843.0
970.0,844.0
969.0,842.0
969.0,842.0
970.0,841.0
971.0,840.0
970.0,841.0
965.0,835.0
967.0,838.0
972.0,841.0
966.0,833.0
951.0,822.0
