x,y
968.0,833.0
968.0,831.0
968.0,832.0
969.0,831.0
968.0,831.0
967.0,831.0
968.0,831.0
967.0,830.0
968.0,832.0
968.0,830.0
968.0,830.0
969.0,830.0
969.0,830.0
969.0,830.0
969.0,830.0
969.0,830.0
969.0,830.0
969.0,830.0
969.0,830.0
969.0,830.0
969.0,830.0
969.0,830.0
969.0,830.0
969.0,830.0
970.0,830.0
969.0,829.0
970.0,830.0
969.0,829.0
970.0,830.0
970.0,829.0
970.0,829.0
970.0,830.0
969.0,829.0
970.0,829.0
970.0,829.0
970.0,829.0
970.0,829.0
970.0,829.0
970.0,829.0
970.0,829.0
970.0,829.0
971.0,829.0
971.0,829.0
971.0,829.0
970.0,828.0
973.0,827.0
973.0,827.0
977.0,832.0
972.0,827.0
972.0,826.0
971.0,826.0
970.0,827.0
971.0,826.0
971.0,826.0
972.0,826.0
973.0,827.0
972.0,828.0
970.0,828.0
972.0,827.0
967.0,828.0
953.0,821.0
953.0,821.0
953.0,821.0
952.0,821.0
953.0,820.0
953.0,821.0
952.0,821.0
953.0,820.0
953.0,820.0
952.0,821.0
953.0,821.0
953.0,820.0
977.0,826.0
976.0,827.0
976.0,826.0
976.0,825.0
975.0,826.0
976.0,826.0
976.0,826.0
976.0,826.0
976.0,826.0
977.0,829.0
977.0,828.0
977.0,828.0
977.0,825.0
977.0,825.0
977.0,825.0
978.0,825.0
977.0,821.0
976.0,821.0
977.0,820.0
977.0,821.0
976.0,821.0
976.0,821.0
976.0,821.0
977.0,821.0
976.0,820.0
978.0,824.0
979.0,824.0
980.0,825.0
