x,y
1316.0,916.0
1304.0,902.0
1294.0,898.0
1284.0,895.0
1284.0,896.0
1284.0,895.0
1283.0,894.0
1285.0,892.0
1285.0,891.0
1286.0,891.0
1285.0,891.0
1285.0,894.0
1286.0,893.0
1285.0,895.0
1285.0,895.0
1285.0,895.0
1284.0,897.0
1285.0,895.0
1286.0,895.0
1285.0,896.0
1285.0,897.0
1286.0,897.0
1287.0,897.0
1287.0,897.0
1286.0,898.0
1287.0,897.0
1287.0,898.0
1286.0,894.0
1283.0,894.0
1283.0,892.0
1283.0,891.0
1284.0,890.0
1282.0,892.0
1283.0,891.0
1282.0,890.0
1283.0,890.0
1282.0,890.0
1282.0,890.0
1281.0,889.0
1278.0,888.0
1275.0,886.0
1275.0,886.0
1277.0,885.0
1276.0,885.0
1277.0,885.0
1273.0,887.0
1272.0,887.0
1273.0,887.0
1272.0,887.0
1273.0,887.0
1273.0,887.0
1274.0,887.0
1274.0,887.0
1274.0,886.0
1272.0,885.0
1272.0,884.0
1269.0,882.0
1266.0,881.0
1266.0,881.0
1265.0,881.0
1267.0,884.0
1268.0,884.0
1264.0,881.0
1264.0,881.0
1264.0,880.0
1264.0,880.0
1265.0,881.0
1266.0,881.0
1264.0,880.0
1262.0,879.0
1261.0,878.0
1261.0,878.0
1261.0,879.0
1261.0,879.0
1261.0,878.0
1260.0,879.0
1261.0,879.0
1260.0,878.0
1261.0,878.0
1261.0,879.0
1261.0,880.0
1260.0,880.0
1260.0,881.0
1260.0,881.0
1260.0,881.0
1260.0,881.0
1260.0,882.0
1260.0,882.0
1260.0,883.0
1260.0,882.0
1261.0,881.0
1260.0,882.0
1257.0,884.0
1255.0,884.0
1257.0,884.0
1254.0,885.0
1254.0,885.0
1253.0,885.0
1253.0,885.0
1252.0,885.0
