x,y
857.0,762.0
856.0,762.0
853.0,760.0
854.0,760.0
852.0,759.0
853.0,761.0
852.0,762.0
855.0,761.0
854.0,762.0
856.0,761.0
856.0,761.0
856.0,759.0
851.0,756.0
850.0,752.0
848.0,745.0
848.0,738.0
851.0,729.0
858.0,719.0
859.0,707.0
851.0,697.0
844.0,685.0
844.0,667.0
846.0,643.0
843.0,623.0
852.0,605.0
871.0,590.0
887.0,594.0
911.0,625.0
938.0,674.0
971.0,713.0
1002.0,723.0
1033.0,720.0
1063.0,720.0
1092.0,723.0
1113.0,743.0
1120.0,790.0
1103.0,845.0
1105.0,900.0
1115.0,940.0
1129.0,953.0
1144.0,977.0
1158.0,1005.0
1117.0,1021.0
1077.0,1038.0
1024.0,1074.0
