x,y
1127.0,854.0
1127.0,854.0
1126.0,854.0
1124.0,854.0
1123.0,853.0
1122.0,853.0
1128.0,854.0
1127.0,854.0
1126.0,856.0
1122.0,854.0
1126.0,854.0
1122.0,854.0
1124.0,856.0
1126.0,855.0
1125.0,854.0
1126.0,857.0
1126.0,856.0
1127.0,855.0
1129.0,858.0
1125.0,857.0
1125.0,853.0
1126.0,852.0
1128.0,854.0
1127.0,854.0
1127.0,853.0
1123.0,852.0
1122.0,853.0
1125.0,850.0
1130.0,852.0
1124.0,849.0
1119.0,853.0
1120.0,851.0
1122.0,851.0
1120.0,851.0
1118.0,852.0
1119.0,851.0
1120.0,851.0
1119.0,853.0
1121.0,852.0
1124.0,852.0
1122.0,854.0
1124.0,853.0
1127.0,851.0
1128.0,850.0
1123.0,852.0
1125.0,852.0
1126.0,851.0
1125.0,850.0
1124.0,851.0
1124.0,852.0
1125.0,847.0
1123.0,852.0
1125.0,851.0
1125.0,847.0
1124.0,847.0
1124.0,848.0
1122.0,852.0
1122.0,854.0
1124.0,849.0
1118.0,850.0
1125.0,841.0
1111.0,834.0
1097.0,838.0
1084.0,836.0
1075.0,838.0
1073.0,844.0
1034.0,871.0
1030.0,873.0
1030.0,870.0
1036.0,860.0
1049.0,843.0
1062.0,831.0
1083.0,828.0
1091.0,816.0
1109.0,790.0
1103.0,763.0
1093.0,740.0
1075.0,706.0
1047.0,696.0
1012.0,702.0
974.0,703.0
946.0,708.0
942.0,695.0
953.0,688.0
962.0,676.0
962.0,675.0
957.0,673.0
939.0,679.0
929.0,677.0
925.0,673.0
925.0,671.0
918.0,665.0
919.0,662.0
919.0,663.0
924.0,663.0
929.0,666.0
923.0,665.0
922.0,665.0
922.0,667.0
921.0,660.0
