x,y
250.0,502.0
258.0,489.0
263.0,489.0
255.0,491.0
255.0,490.0
252.0,492.0
261.0,502.0
258.0,486.0
259.0,485.0
259.0,486.0
260.0,494.0
262.0,491.0
267.0,495.5
272.0,500.0
272.0,502.0
272.0,501.0
271.0,503.0
274.0,503.0
275.0,503.0
275.0,503.0
277.0,500.0
276.0,499.0
275.0,502.0
275.0,503.0
275.0,503.0
276.0,502.0
277.0,500.0
277.0,499.0
278.0,500.0
278.0,503.0
277.0,502.0
280.0,498.0
280.0,498.0
281.0,498.0
281.0,498.0
281.0,497.0
281.0,499.0
281.0,496.0
280.0,495.0
276.0,496.0
277.0,495.0
280.0,493.0
280.0,493.0
279.0,492.0
279.0,492.0
279.0,491.0
279.0,491.0
279.0,491.0
279.0,491.0
280.0,490.0
278.0,492.0
279.0,492.0
279.0,491.0
279.0,494.0
279.0,493.0
278.0,493.0
279.0,490.0
278.0,491.0
278.0,491.0
278.0,491.0
278.0,490.0
277.0,494.0
277.0,492.0
278.0,491.0
279.0,490.0
278.0,492.0
280.0,489.0
280.0,488.0
280.0,489.0
279.0,489.0
279.0,489.0
278.95238095238096,488.95238095238096
278.9047619047619,488.9047619047619
278.85714285714283,488.85714285714283
278.8095238095238,488.8095238095238
278.76190476190476,488.76190476190476
278.7142857142857,488.7142857142857
278.6666666666667,488.6666666666667
278.6190476190476,488.6190476190476
278.57142857142856,488.57142857142856
278.5238095238095,488.5238095238095
278.4761904761905,488.4761904761905
278.42857142857144,488.42857142857144
278.3809523809524,488.3809523809524
278.3333333333333,488.3333333333333
278.2857142857143,488.2857142857143
278.23809523809524,488.23809523809524
278.1904761904762,488.1904761904762
278.14285714285717,488.14285714285717
278.0952380952381,488.0952380952381
278.04761904761904,488.04761904761904
278.0,488.0
273.8,487.4
269.6,486.8
265.4,486.2
261.2,485.6
257.0,485.0
257.5,485.5
258.0,486.0
258.0,487.0
