x,y
1068.0,311.0
1145.0,283.0
1200.0,258.0
1243.0,218.0
1269.0,164.0
1305.0,108.0
1358.0,42.0
1431.0,5.0
1428.3333333333333,4.814814814814815
1425.6666666666667,4.62962962962963
1423.0,4.444444444444445
1420.3333333333333,4.2592592592592595
1417.6666666666667,4.074074074074074
1415.0,3.888888888888889
1412.3333333333333,3.7037037037037037
1409.6666666666667,3.5185185185185186
1407.0,3.3333333333333335
1404.3333333333333,3.1481481481481484
1401.6666666666667,2.9629629629629632
1399.0,2.7777777777777777
1396.3333333333333,2.5925925925925926
1393.6666666666667,2.4074074074074074
1391.0,2.2222222222222223
1388.3333333333333,2.037037037037037
1385.6666666666667,1.851851851851852
1383.0,1.666666666666667
1380.3333333333333,1.4814814814814818
1377.6666666666667,1.2962962962962967
1375.0,1.1111111111111112
1372.3333333333333,0.9259259259259265
1369.6666666666667,0.7407407407407414
1367.0,0.5555555555555554
1364.3333333333333,0.37037037037037024
1361.6666666666667,0.18518518518518512
1359.0,0.0
1367.0,6.0
1357.0,11.0
1345.0,16.0
1325.0,25.0
1306.0,43.0
1293.0,63.0
1290.0,93.0
1295.0,116.0
1280.0,133.0
1268.0,151.0
1249.0,148.0
1237.0,153.0
1235.0,158.0
1233.0,167.0
1227.0,183.0
1218.0,197.0
1217.0,202.0
1234.0,215.0
1228.0,225.0
1231.0,230.0
1226.0,234.0
1222.0,238.0
1216.0,242.0
1228.0,252.0
1223.0,257.0
1220.0,259.0
1224.0,259.0
1223.0,260.0
1220.0,260.0
1220.0,260.0
1220.0,261.0
1220.0,260.0
1220.0,261.0
1220.0,261.0
1221.0,260.0
1221.0,260.0
1221.0,260.0
1224.0,259.0
1224.0,258.0
1224.0,258.0
1224.0,258.0
1224.0,258.0
1224.0,258.0
1224.0,258.0
1224.0,258.0
1224.0,258.0
1224.0,258.0
1224.0,258.0
1224.0,258.0
1225.0,257.0
1226.0,258.0
1222.0,260.0
1226.0,258.0
1225.0,258.0
1221.0,260.0
1221.0,260.0
1221.0,260.0
1221.0,260.0
1221.0,260.0
1221.0,259.0
1224.0,258.0
1221.0,260.0
1225.0,258.0
1225.0,258.0
1225.0,258.0
