x,y
992.0,1007.0
1002.0,989.0
999.0,966.0
1005.0,946.0
998.0,939.0
1003.0,939.0
1008.0,928.0
1018.0,900.0
1005.0,945.0
1006.0,945.0
1006.0,945.0
1006.0,945.0
1008.0,946.0
1008.0,945.0
1008.0,946.0
1009.0,946.0
1009.0,945.0
1009.0,946.0
1009.0,946.0
1013.0,945.0
1013.0,945.0
1012.0,945.0
1012.0,945.0
1015.0,946.0
1015.0,946.0
1015.0,947.0
1016.0,947.0
1014.0,947.0
1014.0,948.0
1014.0,948.0
1014.0,948.0
1015.0,948.0
1015.0,948.0
1016.0,947.0
1016.0,946.0
1016.0,946.0
1016.0,946.0
1014.0,946.0
1015.0,945.0
1014.0,946.0
1015.0,946.0
1014.0,946.0
1013.0,945.0
1013.0,945.0
1014.0,946.0
1013.0,949.0
1014.0,949.0
1017.0,957.0
1018.0,957.0
1018.0,958.0
1014.0,947.0
1014.0,946.0
1013.0,944.0
1013.0,943.0
1016.0,943.0
1017.0,939.0
1017.0,938.0
1012.0,943.0
997.0,951.0
1012.0,943.0
1013.0,942.0
1017.0,938.0
1017.0,938.0
1010.0,943.0
994.0,953.0
1014.0,962.0
1014.0,962.0
1014.0,963.0
1014.0,963.0
1015.0,963.0
1015.0,962.0
1017.0,963.0
1016.0,963.0
1018.0,964.0
1019.0,961.0
1018.0,955.0
1016.0,943.0
1017.0,942.0
1017.0,941.0
1015.0,941.0
1016.0,940.0
1015.0,940.0
1016.0,941.0
1017.0,941.0
1018.0,941.0
1018.0,940.0
1018.0,941.0
1018.0,941.0
1024.0,941.0
1024.0,941.0
1024.0,940.0
1024.0,940.0
1024.0,939.0
1022.0,938.0
1020.0,936.0
1019.0,935.0
1019.0,936.0
1013.0,937.0
1018.0,936.0
1019.0,939.0
