x,y
1225.0,259.0
1222.0,260.0
1226.0,261.0
1226.0,262.0
1226.0,262.0
1224.0,263.0
1226.0,263.0
1225.0,262.0
1225.0,262.0
1225.0,262.0
1225.0,262.0
1225.0,261.0
1225.0,263.0
1226.0,264.0
1226.0,264.0
1226.0,265.0
1227.0,266.0
1227.0,267.0
1226.0,268.0
1227.0,268.0
1227.0,268.0
1227.0,268.0
1228.0,269.0
1228.0,269.0
1228.0,270.0
1228.0,269.0
1228.0,270.0
1228.0,269.0
1229.0,270.0
1229.0,271.0
1230.0,273.0
1230.0,273.0
1231.0,273.0
1231.0,273.0
1231.0,273.0
1231.0,273.0
1231.0,273.0
1232.0,273.0
1231.0,273.0
1232.0,273.0
1232.0,273.0
1231.0,273.0
1231.0,273.0
1231.0,273.0
1231.0,273.0
1232.0,274.0
1232.0,275.0
1232.0,275.0
1231.0,275.0
1231.0,275.0
1231.0,274.0
1232.0,273.0
1230.0,275.0
1231.0,274.0
1231.0,274.0
1232.0,274.0
1231.0,274.0
1231.0,273.0
1230.0,274.0
1229.0,268.0
1227.0,264.0
1225.0,263.0
1231.0,249.0
1241.0,249.0
1244.0,244.0
1250.0,236.0
1260.0,231.0
1284.0,221.0
1300.0,221.0
1312.0,169.0
1339.0,131.0
1357.0,99.0
1363.0,75.0
1382.0,38.0
1409.0,14.0
1437.0,3.0
