x,y
1315.0,531.0
1315.0,531.0
1315.0,530.0
1313.0,531.0
1314.0,531.0
1314.0,531.0
1315.0,530.0
1315.0,530.0
1315.0,528.0
1316.0,530.0
1321.0,525.0
1322.0,525.0
1316.0,530.0
1316.0,530.0
1316.0,530.0
1318.0,532.0
1319.0,533.0
1319.0,534.0
1319.0,533.0
1319.0,534.0
1318.0,533.0
1319.0,534.0
1319.0,534.0
1319.0,534.0
1319.0,534.0
1320.0,535.0
1320.0,536.0
1320.0,535.0
1320.0,536.0
1320.0,537.0
1320.0,537.0
1320.0,538.0
1320.0,538.0
1320.0,537.0
1320.0,537.0
1322.0,537.0
1321.0,537.0
1321.0,537.0
1321.0,537.0
1322.0,538.0
1322.0,538.0
1322.0,538.0
1322.0,539.0
1322.0,538.0
1322.0,538.0
1322.0,538.0
1321.0,538.0
1321.0,538.0
1322.0,539.0
1321.0,539.0
1321.0,539.0
1321.0,539.0
1321.0,539.0
1322.0,539.0
1321.0,539.0
1321.0,539.0
1321.0,539.0
1321.0,539.0
1322.0,539.0
1322.0,540.0
1322.0,540.0
1322.0,540.0
1322.0,542.0
1321.0,542.0
1321.0,543.0
1321.0,543.0
1321.0,542.0
1321.0,542.0
1322.0,542.0
1321.0,542.0
1322.0,542.0
1322.0,542.0
1322.0,542.0
1322.0,541.0
1323.0,542.0
1323.0,542.0
1323.0,542.0
1321.0,542.0
1323.0,542.0
1323.0,540.0
1324.0,540.0
1324.0,539.0
1324.0,540.0
1325.0,540.0
1324.0,540.0
1324.0,539.0
1324.0,539.0
1324.0,538.0
1324.0,537.0
1324.0,536.0
1325.0,536.0
1326.0,536.0
1324.0,528.0
1327.0,512.0
1323.0,521.0
1322.0,515.0
1327.0,495.0
1328.0,490.0
1325.0,486.0
1316.0,472.0
