x,y
921.0,412.0
921.0,413.0
921.0,413.0
921.0,412.0
921.0,413.0
921.0,412.0
919.0,413.0
920.0,413.0
920.0,414.0
920.0,414.0
918.0,414.0
919.0,413.0
919.0,413.0
920.0,413.0
920.0,414.0
920.0,414.0
919.0,413.0
919.0,412.0
919.0,412.0
920.0,412.0
921.0,414.0
921.0,415.0
921.0,414.0
922.0,414.0
920.0,416.0
920.0,416.0
921.0,416.0
920.0,417.0
920.0,418.0
923.0,419.0
925.0,419.0
925.0,418.0
924.0,418.0
925.0,417.0
925.0,418.0
925.0,418.0
924.0,418.0
924.0,417.0
925.0,415.0
926.0,415.0
925.0,417.0
923.0,417.0
923.0,417.0
923.0,418.0
923.0,418.0
924.0,419.0
924.0,420.0
925.0,420.0
924.0,420.0
925.0,421.0
925.0,421.0
923.0,421.0
924.0,421.0
924.0,420.0
927.0,420.0
928.0,420.0
928.0,420.0
928.0,420.0
927.0,420.0
927.0,420.0
927.0,419.0
927.0,419.0
928.0,418.0
928.0,418.0
928.0,419.0
928.0,418.0
928.0,417.0
928.0,415.0
930.0,416.0
933.0,416.0
935.0,415.0
931.0,415.0
923.0,413.0
923.0,413.0
923.0,413.0
920.0,414.0
919.0,413.0
919.0,418.0
918.0,430.0
913.0,442.0
911.0,450.0
913.0,460.0
917.0,462.0
923.0,461.0
923.0,462.0
928.0,468.0
939.0,479.0
950.0,492.0
959.0,509.0
969.0,524.0
978.0,547.0
992.0,556.0
991.0,566.0
988.0,579.0
981.0,587.0
978.0,596.0
977.0,601.0
976.0,607.0
981.0,617.0
989.0,629.0
