x,y
438.0,46.0
395.0,77.0
352.0,112.0
328.0,159.0
305.0,201.0
266.0,238.0
290.0,257.0
283.0,262.0
280.0,265.0
263.0,278.0
243.0,276.0
212.0,283.0
200.0,302.0
192.0,324.0
189.0,348.0
178.0,372.0
162.0,387.0
137.0,379.0
115.0,377.0
102.0,401.0
89.0,406.0
74.0,423.0
70.0,437.0
68.0,455.0
72.0,465.0
86.0,477.0
87.0,480.0
85.0,475.0
90.0,478.0
92.0,480.0
92.0,480.0
86.0,474.0
87.0,474.0
86.0,473.0
86.0,473.0
86.0,473.0
87.0,472.0
88.0,473.0
89.0,473.0
89.0,473.0
88.0,472.0
87.0,472.0
89.0,472.0
93.0,474.0
90.0,471.0
84.0,458.0
100.0,473.0
101.0,476.0
101.0,476.0
102.0,474.0
101.0,475.0
101.0,477.0
101.0,476.0
101.0,476.0
102.0,476.0
101.0,476.0
99.0,475.0
102.0,476.0
99.0,475.0
101.0,476.0
101.0,476.0
103.0,477.0
108.0,476.0
108.0,475.0
111.0,474.0
108.0,473.0
99.0,475.0
103.0,480.0
99.0,477.0
101.0,476.0
96.0,469.0
89.0,457.0
88.0,437.0
87.0,414.0
88.0,394.0
95.0,366.0
86.0,349.0
75.0,336.0
51.0,315.0
31.0,294.0
23.0,264.0
17.0,244.0
11.0,224.0
4.0,224.0
3.875,217.625
3.75,211.25
3.625,204.875
3.5,198.5
3.375,192.125
3.25,185.75
3.125,179.375
3.0,173.0
4.0,173.0
14.0,167.0
8.0,168.0
4.0,167.0
2.0,163.0
3.0,161.0
5.0,146.0
5.0,124.0
