x,y
114.0,454.0
214.0,440.0
289.0,445.0
346.0,457.0
387.0,477.0
423.0,492.0
453.0,511.0
480.0,528.0
493.0,542.0
499.0,557.0
507.0,576.0
521.0,588.0
530.0,597.0
549.0,608.0
570.0,625.0
571.0,639.0
569.0,656.0
563.0,671.0
561.0,686.0
556.0,691.0
540.0,682.0
520.0,656.0
505.0,639.0
483.0,630.0
466.0,634.0
444.0,656.0
418.0,674.0
393.0,699.0
389.0,715.0
418.0,728.0
465.0,739.0
519.0,761.0
582.0,767.0
638.0,778.0
707.0,761.0
769.0,767.0
843.0,749.0
922.0,735.0
1014.0,735.0
1117.0,725.0
1209.0,719.0
1297.0,709.0
1379.0,709.0
1457.0,715.0
1513.0,706.0
1566.0,702.0
1592.0,690.0
1609.0,668.0
1615.0,636.0
1622.0,596.0
1630.0,538.0
1642.0,473.0
1670.0,405.0
1718.0,342.0
1781.0,295.0
1842.0,256.0
1905.0,249.0
