x,y
1690.0,855.0
1630.0,816.0
1587.0,783.0
1546.0,755.0
1527.0,739.0
1511.0,729.0
1502.0,725.0
1499.0,714.0
1498.0,702.0
1499.0,693.0
1494.0,681.0
1488.0,672.0
1488.0,664.0
1476.0,667.0
1454.0,673.0
1450.0,676.0
1437.0,683.0
1439.0,681.0
1433.0,675.0
1427.0,671.0
1425.0,671.0
1424.0,665.0
1425.0,655.0
1420.0,650.0
1418.0,650.0
1418.0,651.0
1419.0,651.0
1421.0,649.0
1421.0,649.0
1420.0,648.0
1420.0,648.0
1424.0,647.0
1419.0,655.0
1421.0,651.0
1422.0,647.0
1422.0,647.0
1421.0,650.0
1421.0,650.0
1420.0,650.0
1420.0,647.0
1422.0,646.0
1424.0,646.0
1424.0,645.0
1420.0,650.0
1424.0,645.0
1423.0,646.0
1425.0,645.0
1421.0,649.0
1421.0,648.0
1421.0,648.0
1421.0,648.0
1427.0,642.0
1426.0,642.0
1424.0,643.0
1427.0,643.0
1427.0,643.0
1423.0,646.0
1423.0,646.0
1421.0,648.0
1424.0,643.0
1423.0,643.0
1423.0,643.0
1421.0,643.0
1421.0,644.0
1421.0,643.0
1421.0,643.0
1420.0,645.0
1420.0,646.0
1420.0,646.0
1421.0,644.0
1425.0,645.0
1425.0,645.0
1418.0,649.0
1420.0,646.0
1419.0,645.0
1418.0,646.0
1417.0,647.0
1416.0,646.0
1416.0,647.0
1415.0,648.0
1414.0,647.0
1413.0,646.0
1412.0,646.0
1412.0,646.0
1412.0,648.0
1412.0,647.0
1412.0,647.0
1411.0,646.0
1411.0,648.0
1410.0,648.0
1410.0,648.0
1409.0,647.0
1408.0,647.0
1409.0,647.0
1410.0,648.0
1409.0,647.0
1406.0,646.0
1405.0,644.0
1405.0,645.0
1404.0,645.0
