x,y
1710.0,135.0
1710.0,134.0
1710.0,135.0
1711.0,134.0
1711.0,134.0
1710.0,133.0
1711.0,133.0
1708.0,134.0
1711.0,133.0
1707.0,136.0
1710.0,133.0
1707.0,135.0
1706.0,136.0
1707.0,136.0
1706.0,136.0
1706.0,137.0
1707.0,136.0
1706.0,136.0
1706.0,135.0
1706.0,135.0
1706.0,135.0
1707.0,135.0
1706.0,135.0
1707.0,135.0
1706.0,135.0
1706.0,135.0
1706.0,135.0
1706.0,136.0
1705.0,135.0
1706.0,135.0
1706.0,136.0
1706.0,136.0
1706.0,136.0
1706.0,136.0
1705.0,136.0
1706.0,135.0
1705.0,136.0
1706.0,136.0
1707.0,136.0
1706.0,136.0
1706.0,136.0
1708.0,137.0
1708.0,136.0
1707.0,136.0
1707.0,135.0
1708.0,137.0
1708.0,137.0
1707.0,139.0
1707.0,139.0
1707.0,140.0
1707.0,140.0
1707.0,141.0
1706.0,141.0
1705.0,140.0
1705.0,139.0
1705.0,140.0
1705.0,140.0
1705.0,140.0
1705.0,140.0
1705.0,140.0
1705.0,141.0
1705.0,141.0
1705.0,140.0
1705.0,142.0
1705.0,142.0
1705.0,142.0
1705.0,141.0
1705.0,140.0
1705.0,140.0
1705.0,140.0
1705.0,138.0
1704.0,138.0
1704.0,138.0
1705.0,138.0
1704.0,138.0
1704.0,139.0
1704.0,139.0
1703.0,138.0
1704.0,139.0
1706.0,137.0
1706.0,137.0
1707.0,139.0
1708.0,140.0
1707.0,141.0
1706.0,141.0
1706.0,142.0
1706.0,141.0
1706.0,141.0
1706.0,141.0
1706.0,141.0
1706.0,141.0
1705.0,141.0
1705.0,141.0
1705.0,141.0
1705.0,141.0
1704.0,141.0
1704.0,141.0
1704.0,141.0
1703.0,140.0
1703.0,140.0
