x,y
870.0,688.0
869.0,690.0
869.0,690.0
869.0,690.0
870.0,690.0
870.0,690.0
870.0,690.0
870.0,690.0
870.0,690.0
870.0,691.0
872.0,691.0
873.0,693.0
873.0,692.0
873.0,693.0
873.0,693.0
873.0,693.0
872.0,690.0
873.0,691.0
872.0,691.0
873.0,691.0
872.0,691.0
873.0,692.0
872.0,691.0
872.0,691.0
872.0,691.0
872.0,691.0
872.0,691.0
872.0,692.0
873.0,694.0
873.0,694.0
873.0,694.0
873.0,694.0
872.0,694.0
872.0,695.0
872.0,696.0
873.0,696.0
872.0,696.0
872.0,697.0
872.0,697.0
872.0,697.0
872.0,696.0
873.0,697.0
873.0,696.0
873.0,696.0
872.0,696.0
872.0,696.0
871.0,696.0
873.0,696.0
875.0,695.0
876.0,695.0
876.0,696.0
875.0,697.0
873.0,698.0
875.0,700.0
871.0,700.0
870.0,699.0
870.0,699.0
873.0,701.0
873.0,701.0
872.0,702.0
871.0,699.0
870.0,699.0
872.0,698.0
877.0,694.0
883.0,687.0
904.0,680.0
904.0,675.0
904.0,674.0
911.0,669.0
920.0,656.0
941.0,649.0
949.0,639.0
955.0,638.0
952.0,627.0
944.0,610.0
933.0,599.0
930.0,593.0
947.0,577.0
967.0,565.0
977.0,556.0
980.0,550.0
992.0,528.0
990.0,510.0
983.0,496.0
974.0,481.0
964.0,469.0
957.0,459.0
954.0,453.0
951.0,448.0
948.0,446.0
945.0,442.0
943.0,434.0
941.0,433.0
942.0,431.0
941.0,431.0
943.0,430.0
941.0,433.0
948.0,427.0
950.0,426.0
950.0,428.0
