x,y
952.0,427.0
952.0,428.0
952.0,428.0
951.0,428.0
952.0,428.0
951.0,427.0
948.0,426.0
951.0,427.0
949.0,426.0
951.0,427.0
951.0,427.0
951.0,426.0
951.0,426.0
951.0,426.0
951.0,426.0
951.0,427.0
951.0,428.0
950.0,426.0
951.0,425.0
950.0,426.0
951.0,426.0
950.0,424.0
949.0,424.0
949.0,424.0
949.0,424.0
949.0,423.0
949.0,423.0
949.0,423.0
949.0,423.0
949.0,423.0
950.0,423.0
950.0,424.0
949.0,425.0
948.0,424.0
948.0,422.0
945.0,421.0
939.0,416.0
944.0,420.0
943.0,417.0
941.0,417.0
940.0,416.0
940.0,416.0
940.0,416.0
940.0,416.0
939.0,415.0
940.0,414.0
937.0,414.0
940.0,412.0
939.0,412.0
938.0,412.0
939.0,413.0
939.0,411.0
940.0,411.0
938.0,410.0
934.0,407.0
937.0,407.0
936.0,408.0
934.0,406.0
935.0,407.0
936.0,408.0
933.0,407.0
935.0,405.0
933.0,407.0
931.0,406.0
932.0,404.0
930.0,406.0
931.0,406.0
933.0,405.0
931.0,407.0
934.0,407.0
933.0,407.0
932.0,405.0
930.0,407.0
929.0,408.0
929.0,408.0
929.0,406.0
929.0,407.0
928.0,406.0
926.0,402.0
927.0,402.0
924.0,407.0
923.0,406.0
921.0,406.0
921.0,404.0
921.0,404.0
920.0,407.0
921.0,410.0
921.0,409.0
923.0,411.0
921.0,408.0
921.0,410.0
921.0,411.0
921.0,412.0
921.0,411.0
921.0,411.0
921.0,411.0
921.0,412.0
922.0,412.0
921.0,413.0
920.0,412.0
