x,y
1644.0,582.0
1644.0,582.0
1643.0,582.0
1642.0,581.0
1642.0,581.0
1640.0,581.0
1640.0,580.0
1640.0,580.0
1640.0,580.0
1640.0,580.0
1639.0,580.0
1639.0,580.0
1638.0,580.0
1638.0,580.0
1638.0,580.0
1638.0,581.0
1638.0,581.0
1638.0,581.0
1638.0,580.0
1639.0,581.0
1639.0,580.0
1639.0,580.0
1638.0,580.0
1639.0,580.0
1640.0,581.0
1640.0,580.0
1640.0,580.0
1641.0,581.0
1640.0,580.0
1640.0,580.0
1638.0,580.0
1639.0,579.0
1644.0,582.0
1637.0,579.0
1636.0,579.0
1636.0,578.0
1636.0,578.0
1634.0,578.0
1633.0,577.0
1631.0,578.0
1631.0,579.0
1629.0,579.0
1629.0,576.0
1626.0,576.0
1626.0,577.0
1619.0,574.0
1613.0,572.0
1612.0,571.0
1612.0,571.0
1611.0,570.0
1611.0,570.0
1608.0,573.0
1609.0,573.0
1607.0,571.0
1610.0,568.0
1607.0,568.0
1606.0,566.0
1606.0,565.0
1608.0,564.0
1608.0,564.0
1607.0,564.0
1607.0,563.0
1606.0,563.0
1605.0,563.0
1605.0,563.0
1606.0,563.0
1605.0,563.0
1605.0,563.0
1605.0,563.0
1605.0,564.0
1605.0,564.0
1604.0,565.0
1603.0,565.0
1603.0,565.0
1603.0,566.0
1603.0,566.0
1602.0,566.0
1601.0,566.0
1600.0,565.0
1603.0,560.0
1603.0,560.0
1603.0,560.0
1602.0,559.0
1603.0,561.0
1604.0,562.0
1604.0,562.0
1603.0,563.0
1603.0,563.0
1605.0,562.0
1605.0,562.0
1606.0,562.0
1606.0,562.0
1605.0,562.0
1607.0,562.0
1607.0,562.0
1607.0,562.0
1607.0,562.0
1605.0,563.0
1605.0,563.0
1605.0,563.0
