x,y
824.0,535.0
824.0,535.0
824.0,535.0
824.0,534.0
825.0,535.0
825.0,535.0
825.0,534.0
825.0,534.0
825.0,534.0
824.0,534.0
826.0,532.0
824.0,534.0
823.0,534.0
823.0,535.0
822.0,536.0
821.0,538.0
821.0,539.0
821.0,541.0
821.0,540.0
820.0,539.0
820.0,541.0
819.0,539.0
820.0,540.0
819.0,540.0
819.0,540.0
819.0,540.0
820.0,540.0
819.0,539.0
819.0,539.0
820.0,539.0
819.0,538.0
819.0,537.0
820.0,536.0
821.0,536.0
806.0,534.0
778.0,537.0
748.0,542.0
704.0,561.0
671.0,590.0
665.0,595.0
701.0,554.0
710.0,541.0
709.0,545.0
708.0,557.0
704.0,557.0
694.0,559.0
681.0,549.0
680.0,541.0
682.0,539.0
682.0,550.0
680.0,563.0
676.0,576.0
663.0,591.0
653.0,603.0
622.5,604.5
592.0,606.0
547.0,614.0
509.0,623.0
477.0,641.0
446.0,655.0
407.0,654.0
377.0,654.0
359.0,652.0
354.0,651.0
357.0,652.0
366.0,663.0
377.0,669.0
386.0,675.0
386.0,680.0
390.0,682.0
392.0,682.0
395.0,683.0
397.0,690.0
393.0,706.0
392.0,745.0
393.0,774.0
392.0,811.0
402.0,852.0
414.0,878.0
427.0,891.0
449.0,887.0
456.0,886.0
479.0,881.0
495.0,885.0
503.0,892.0
507.0,898.0
515.0,890.0
515.0,892.0
523.0,883.0
525.0,888.0
518.0,915.0
497.0,951.0
479.0,993.0
457.0,1037.0
420.0,1072.0
