x,y
1721.0,970.0
1696.0,911.0
1655.0,892.0
1607.0,855.0
1562.0,847.0
1522.0,821.0
1490.0,780.0
1465.0,719.0
1436.0,662.0
1402.0,608.0
1362.0,566.0
1316.0,517.0
1272.0,478.0
1223.0,445.0
1181.0,395.0
1151.0,354.0
1129.0,327.0
1113.0,320.0
1096.0,327.0
1090.0,339.0
1094.0,351.0
1099.0,369.0
1108.0,380.0
1107.0,390.0
1106.0,389.0
1107.0,393.0
1099.0,397.0
1085.0,405.0
1091.0,407.0
1086.0,404.0
1091.0,399.0
1088.0,402.0
1081.0,407.0
1081.0,406.0
1086.0,404.0
1091.0,401.0
1090.0,402.0
1085.0,404.0
1085.0,402.0
1086.0,402.0
1089.0,401.0
1088.0,402.0
1083.0,405.0
1084.0,405.0
1083.0,405.0
1081.0,406.0
1083.0,405.0
1083.0,404.0
1082.0,406.0
1082.0,406.0
1082.0,406.0
1082.0,405.0
1082.0,406.0
1082.0,407.0
1083.0,406.0
1082.0,405.0
1082.0,405.0
1078.0,397.0
1082.0,406.0
1082.0,405.0
1082.0,404.0
1078.0,397.0
1082.0,405.0
1082.0,405.0
1082.0,404.0
1082.0,403.0
1082.0,405.0
1081.0,406.0
1088.0,406.0
1090.0,402.0
1080.0,394.0
1075.0,390.0
1086.0,408.0
1081.0,406.0
1078.0,407.0
1082.0,410.0
1076.0,417.0
1075.0,422.0
1075.0,422.0
1075.0,423.0
1086.0,401.0
1086.0,401.0
1086.0,402.0
1087.0,402.0
1086.0,402.0
1086.0,402.0
1086.0,402.0
1086.0,402.0
1086.0,402.0
1086.0,402.0
1087.0,402.0
1086.0,402.0
1086.0,402.0
1086.0,402.0
1086.0,402.0
1086.0,402.0
1086.0,402.0
1086.0,402.0
1086.0,402.0
1086.0,402.0
