x,y
959.0,310.0
959.0,310.0
960.0,311.0
960.0,310.0
959.0,310.0
959.0,310.0
958.0,310.0
959.0,309.0
960.0,309.0
961.0,308.0
962.0,308.0
960.0,310.0
960.0,310.0
961.0,310.0
961.0,310.0
960.0,311.0
960.0,311.0
961.0,310.0
960.0,311.0
961.0,310.0
962.0,309.0
962.0,310.0
965.0,308.0
961.0,310.0
964.0,308.0
964.0,308.0
964.0,308.0
965.0,308.0
965.0,308.0
965.0,308.0
965.0,307.0
965.0,307.0
965.0,308.0
965.0,308.0
964.0,308.0
964.0,308.0
964.0,308.0
962.0,308.0
960.0,308.0
959.0,308.0
960.0,308.0
960.0,309.0
960.0,307.0
959.0,306.0
960.0,307.0
960.0,307.0
961.0,307.0
961.0,308.0
960.0,307.0
959.0,306.0
960.0,305.0
961.0,305.0
963.0,306.0
965.0,306.0
965.0,306.0
967.0,305.0
967.0,306.0
966.0,305.0
964.0,304.0
963.0,305.0
964.0,305.0
964.0,305.0
964.0,305.0
965.0,305.0
965.0,305.0
964.0,304.0
964.0,304.0
965.0,305.0
966.0,305.0
967.0,305.0
967.0,305.0
966.0,306.0
964.0,303.0
965.0,303.0
965.0,303.0
967.0,304.0
969.0,304.0
968.0,305.0
968.0,303.0
969.0,305.0
969.0,303.0
970.0,305.0
971.0,305.0
971.0,306.0
972.0,306.0
974.0,306.0
976.0,307.0
975.0,307.0
977.0,307.0
978.0,307.0
977.0,306.0
976.0,307.0
977.0,307.0
977.0,306.0
976.0,306.0
976.0,306.0
975.0,306.0
971.0,306.0
973.0,303.0
973.0,303.0
