x,y
1557.0,545.0
1557.0,544.0
1557.0,544.0
1557.0,544.0
1558.0,544.0
1558.0,544.0
1558.0,545.0
1558.0,545.0
1558.0,545.0
1558.0,544.0
1558.0,545.0
1558.0,545.0
1558.0,545.0
1558.0,545.0
1558.0,545.0
1558.0,545.0
1558.0,544.0
1558.0,544.0
1558.0,544.0
1558.0,544.0
1558.0,544.0
1559.0,544.0
1559.0,544.0
1558.0,544.0
1558.0,544.0
1559.0,544.0
1559.0,544.0
1559.0,545.0
1559.0,545.0
1559.0,545.0
1559.0,545.0
1559.0,545.0
1559.0,544.0
1560.0,545.0
1560.0,545.0
1560.0,545.0
1559.0,544.0
1559.0,544.0
1559.0,544.0
1559.0,543.0
1559.0,543.0
1559.0,543.0
1560.0,543.0
1560.0,543.0
1560.0,545.0
1561.0,545.0
1561.0,545.0
1561.0,545.0
1561.0,545.0
1561.0,545.0
1561.0,545.0
1561.0,545.0
1561.0,545.0
1560.0,545.0
1560.0,545.0
1559.0,545.0
1559.0,545.0
1560.0,546.0
1560.0,546.0
1561.0,546.0
1561.0,546.0
1561.0,546.0
1561.0,546.0
1561.0,546.0
1562.0,546.0
1562.0,546.0
1562.0,546.0
1565.0,541.0
1565.0,540.0
1564.0,540.0
1565.0,540.0
1565.0,540.0
1565.0,540.0
1565.0,540.0
1565.0,540.0
1565.0,540.0
1565.0,540.0
1565.0,540.0
1566.0,540.0
1559.0,546.0
1559.0,545.0
1565.0,540.0
1558.0,546.0
1558.0,546.0
1557.0,545.0
1556.0,545.0
1556.0,545.0
1556.0,545.0
1552.0,550.0
1556.0,545.0
1555.0,545.0
1555.0,545.0
1554.0,545.0
1555.0,545.0
1555.0,545.0
1555.0,545.0
1555.0,546.0
1555.0,546.0
1555.0,546.0
1555.0,545.0
