x,y
1037.0,357.0
1036.0,356.0
1036.0,357.0
1036.0,356.0
1036.0,357.0
1036.0,357.0
1036.0,357.0
1036.0,356.0
1036.0,356.0
1036.0,356.0
1036.0,356.0
1036.0,356.0
1036.0,357.0
1035.0,356.0
1035.0,357.0
1035.0,357.0
1035.0,356.0
1034.0,354.0
1034.0,354.0
1034.0,354.0
1034.0,355.0
1034.0,355.0
1034.0,354.0
1034.0,354.0
1034.0,354.0
1034.0,355.0
1034.0,354.0
1034.0,354.0
1034.0,355.0
1034.0,354.0
1033.0,353.0
1033.0,353.0
1033.0,353.0
1032.0,352.0
1032.0,350.0
1032.0,351.0
1032.0,351.0
1032.0,351.0
1032.0,352.0
1032.0,352.0
1033.0,353.0
1033.0,354.0
1033.0,354.0
1033.0,354.0
1033.0,354.0
1033.0,354.0
1033.0,354.0
1033.0,354.0
1033.0,353.0
1034.0,354.0
1033.0,354.0
1033.0,355.0
1033.0,353.0
1032.0,352.0
1032.0,351.0
1032.0,350.0
1032.0,351.0
1032.0,351.0
1032.0,351.0
1032.0,350.0
1032.0,350.0
1032.0,350.0
1031.0,350.0
1031.0,349.0
1031.0,349.0
1031.0,349.0
1031.0,349.0
1031.0,350.0
1031.0,350.0
1031.0,350.0
1031.0,350.0
1031.0,350.0
1031.0,350.0
1031.0,350.0
1032.0,350.0
1031.0,350.0
1031.0,351.0
1031.0,350.0
1031.0,350.0
1032.0,351.0
1032.0,350.0
1032.0,350.0
1032.0,350.0
1032.0,350.0
1031.0,349.0
1032.0,348.0
1032.0,348.0
1032.0,347.0
1031.0,346.0
1032.0,345.0
1032.0,344.0
1032.0,344.0
1032.0,345.0
1032.0,345.0
1033.0,346.0
1033.0,345.0
1033.0,345.0
1032.0,346.0
1033.0,346.0
1033.0,347.0
