x,y
1648.0,589.0
1646.0,591.0
1643.0,590.0
1642.0,589.0
1643.0,591.0
1646.0,590.0
1646.0,590.0
1644.0,590.0
1642.0,588.0
1641.0,587.0
1640.0,586.0
1641.0,585.0
1640.0,584.0
1640.0,585.0
1641.0,585.0
1641.0,585.0
1640.0,585.0
1640.0,585.0
1640.0,584.0
1640.0,584.0
1640.0,584.0
1640.0,584.0
1640.0,584.0
1640.0,584.0
1640.0,584.0
1640.0,584.0
1640.0,584.0
1640.0,584.0
1640.0,584.0
1640.0,583.0
1640.0,583.0
1640.0,583.0
1640.0,583.0
1640.0,583.0
1640.0,583.0
1641.0,584.0
1641.0,584.0
1641.0,584.0
1641.0,584.0
1641.0,584.0
1641.0,584.0
1641.0,584.0
1641.0,584.0
1641.0,584.0
1641.0,584.0
1640.0,583.0
1641.0,584.0
1641.0,583.0
1642.0,583.0
1642.0,583.0
1642.0,583.0
1642.0,584.0
1641.0,583.0
1641.0,583.0
1642.0,583.0
1642.0,584.0
1642.0,584.0
1642.0,583.0
1642.0,582.0
1642.0,582.0
1643.0,582.0
1642.0,581.0
1642.0,582.0
1642.0,582.0
1642.0,582.0
1642.0,582.0
1642.0,582.0
1642.0,582.0
1642.0,582.0
1642.0,582.0
1643.0,582.0
1643.0,582.0
1642.0,582.0
1642.0,582.0
1643.0,582.0
1644.0,583.0
1644.0,582.0
1643.0,582.0
1643.0,582.0
1643.0,582.0
1643.0,582.0
1643.0,582.0
1643.0,582.0
1643.0,582.0
1643.0,582.0
1644.0,582.0
1644.0,582.0
1644.0,582.0
1646.0,583.0
1645.0,583.0
1646.0,583.0
1646.0,583.0
1646.0,583.0
1646.0,583.0
1646.0,583.0
1645.0,582.0
1645.0,582.0
1646.0,582.0
1645.0,582.0
1645.0,582.0
