x,y
1646.0,562.0
1645.0,562.0
1646.0,562.0
1646.0,562.0
1647.0,562.0
1647.0,562.0
1648.0,562.0
1649.0,561.0
1648.0,561.0
1648.0,561.0
1648.0,561.0
1648.0,561.0
1648.0,561.0
1647.0,561.0
1647.0,561.0
1647.0,561.0
1647.0,561.0
1646.0,561.0
1647.0,561.0
1646.0,561.0
1646.0,561.0
1646.0,561.0
1647.0,561.0
1647.0,561.0
1647.0,560.0
1647.0,560.0
1647.0,560.0
1647.0,560.0
1647.0,560.0
1647.0,560.0
1647.0,560.0
1647.0,560.0
1647.0,560.0
1647.0,560.0
1647.0,560.0
1647.0,560.0
1647.0,560.0
1648.0,560.0
1646.0,560.0
1647.0,560.0
1647.0,560.0
1647.0,560.0
1647.0,560.0
1648.0,560.0
1649.0,560.0
1648.0,560.0
1649.0,560.0
1649.0,560.0
1648.0,560.0
1648.0,560.0
1648.0,560.0
1649.0,560.0
1649.0,559.0
1651.0,560.0
1651.0,560.0
1651.0,560.0
1652.0,560.0
1652.0,559.0
1652.0,559.0
1652.0,559.0
1651.0,559.0
1649.0,559.0
1649.0,559.0
1649.0,559.0
1650.0,558.0
1650.0,560.0
1649.0,559.0
1651.0,556.0
1652.0,556.0
1651.0,556.0
1652.0,556.0
1653.0,557.0
1654.0,557.0
1653.0,557.0
1653.0,559.0
1655.0,559.0
1655.0,559.0
1655.0,559.0
1653.0,560.0
1653.0,561.0
1651.0,565.0
1652.0,567.0
1650.0,568.0
1650.0,569.0
1649.0,572.0
1644.0,570.0
1645.0,570.0
1648.0,574.0
1650.0,575.0
1647.0,578.0
1648.0,579.0
1645.0,581.0
1645.0,581.0
1645.0,581.0
1646.0,580.0
1647.0,580.0
1648.0,581.0
1647.0,580.0
1647.0,580.0
1646.0,580.0
