x,y
1646.0,578.0
1646.0,578.0
1646.0,578.0
1646.0,578.0
1646.0,578.0
1646.0,577.0
1646.0,576.0
1646.0,575.0
1646.0,574.0
1646.0,574.0
1646.0,573.0
1647.0,572.0
1647.0,573.0
1647.0,573.0
1647.0,573.0
1648.0,574.0
1647.0,573.0
1647.0,574.0
1646.0,574.0
1648.0,570.0
1647.0,568.0
1648.0,567.0
1648.0,566.0
1648.0,569.0
1646.0,567.0
1647.0,571.0
1647.0,571.0
1647.0,571.0
1646.0,571.0
1645.0,571.0
1645.0,571.0
1642.0,571.0
1640.0,571.0
1640.0,574.0
1642.0,579.0
1642.0,583.0
1643.0,583.0
1643.0,581.0
1643.0,579.0
1642.0,580.0
1643.0,580.0
1642.0,580.0
1642.0,580.0
1643.0,582.0
1643.0,583.0
1644.0,584.0
1644.0,585.0
1645.0,585.0
1650.0,584.0
1653.0,587.0
1654.0,587.0
1651.0,586.0
1653.0,587.0
1655.0,584.0
1655.0,583.0
1654.0,583.0
1653.0,584.0
1655.0,584.0
1655.0,584.0
1655.0,584.0
1655.0,584.0
1655.0,584.0
1655.0,585.0
1655.0,584.0
1655.0,584.0
1655.0,584.0
1656.0,584.0
1656.0,585.0
1655.0,584.0
1655.0,584.0
1654.0,584.0
1654.0,585.0
1655.0,584.0
1657.0,585.0
1656.0,585.0
1656.0,585.0
1656.0,585.0
1656.0,585.0
1658.0,585.0
1658.0,586.0
1657.0,586.0
1657.0,585.0
1657.0,585.0
1658.0,585.0
1658.0,587.0
1660.0,587.0
1660.0,587.0
1661.0,587.0
1662.0,587.0
1662.0,588.0
1662.0,588.0
1662.0,589.0
1661.0,589.0
1659.0,589.0
1663.0,588.0
1665.0,587.0
1666.0,586.0
1666.0,588.0
1665.0,585.0
1664.0,586.0
