x,y
1560.0,532.0
1560.0,531.0
1560.0,533.0
1559.0,531.0
1560.0,531.0
1561.0,533.0
1560.0,533.0
1560.0,531.0
1561.0,532.0
1560.0,533.0
1561.0,533.0
1561.0,533.0
1560.0,531.0
1560.0,533.0
1561.0,533.0
1561.0,533.0
1559.0,534.0
1559.0,534.0
1558.0,534.0
1558.0,534.0
1558.0,534.0
1557.0,534.0
1557.0,534.0
1557.0,533.0
1557.0,534.0
1556.0,534.0
1556.0,534.0
1556.0,534.0
1556.0,534.0
1556.0,534.0
1556.0,534.0
1557.0,534.0
1556.0,534.0
1557.0,534.0
1557.0,534.0
1557.0,534.0
1557.0,534.0
1556.0,534.0
1556.0,534.0
1556.0,534.0
1556.0,535.0
1557.0,534.0
1557.0,535.0
1557.0,535.0
1557.0,535.0
1556.0,534.0
1556.0,535.0
1556.0,534.0
1556.0,535.0
1556.0,535.0
1556.0,535.0
1556.0,535.0
1556.0,535.0
1556.0,535.0
1556.0,535.0
1556.0,536.0
1556.0,536.0
1549.0,535.0
1549.0,535.0
1550.0,534.0
1549.0,535.0
1549.0,533.0
1555.0,535.0
1555.0,534.0
1555.0,533.0
1554.0,532.0
1554.0,533.0
1553.0,534.0
1553.0,533.0
1553.0,533.0
1553.0,532.0
1552.0,533.0
1552.0,533.0
1552.0,533.0
1552.0,533.0
1552.0,533.0
1552.0,533.0
1552.0,533.0
1552.0,533.0
1552.0,533.0
1552.0,533.0
1553.0,534.0
1553.0,534.0
1554.0,534.0
1553.0,533.0
1553.0,533.0
1553.0,533.0
1553.0,533.0
1553.0,533.0
1552.0,533.0
1552.0,533.0
1552.0,533.0
1551.0,532.0
1551.0,533.0
1552.0,534.0
1552.0,533.0
1551.0,532.0
1551.0,532.0
1551.0,533.0
1550.0,532.0
