x,y
1055.0,350.0
1054.0,350.0
1055.0,350.0
1055.0,350.0
1055.0,351.0
1055.0,351.0
1054.0,352.0
1055.0,350.0
1055.0,351.0
1054.0,354.0
1053.0,353.0
1053.0,354.0
1053.0,354.0
1053.0,354.0
1053.0,354.0
1053.0,353.0
1053.0,353.0
1053.0,354.0
1053.0,353.0
1053.0,354.0
1054.0,354.0
1054.0,354.0
1053.0,354.0
1054.0,354.0
1053.0,354.0
1053.0,354.0
1053.0,354.0
1054.0,354.0
1054.0,354.0
1054.0,354.0
1054.0,354.0
1054.0,355.0
1054.0,354.0
1054.0,354.0
1054.0,354.0
1054.0,354.0
1054.0,354.0
1054.0,355.0
1054.0,355.0
1052.0,355.0
1052.0,355.0
1052.0,355.0
1052.0,355.0
1052.0,355.0
1053.0,355.0
1053.0,355.0
1053.0,356.0
1053.0,355.0
1053.0,355.0
1053.0,355.0
1053.0,355.0
1053.0,356.0
1053.0,355.0
1053.0,355.0
1053.0,355.0
1053.0,355.0
1054.0,355.0
1053.0,355.0
1053.0,355.0
1053.0,354.0
1052.0,354.0
1051.0,355.0
1049.0,355.0
1047.0,355.0
1048.0,355.0
1047.0,354.0
1047.0,355.0
1047.0,354.0
1048.0,355.0
1048.0,354.0
1048.0,356.0
1048.0,355.0
1049.0,356.0
1049.0,354.0
1049.0,354.0
1049.0,355.0
1049.0,356.0
1049.0,356.0
1049.0,355.0
1049.0,355.0
1049.0,355.0
1049.0,355.0
1049.0,356.0
1048.0,355.0
1048.0,355.0
1048.0,355.0
1048.0,357.0
1048.0,357.0
1048.0,357.0
1047.0,357.0
1047.0,356.0
1047.0,358.0
1047.0,358.0
1047.0,358.0
1046.0,359.0
1046.0,359.0
1046.0,359.0
1046.0,359.0
1046.0,359.0
1046.0,357.0
