x,y
1036.0,313.0
1039.0,313.0
1042.0,316.0
1047.0,316.0
1048.0,316.0
1050.0,316.0
1049.0,320.0
1049.0,322.0
1052.0,324.0
1049.0,325.0
1052.0,331.0
1051.0,331.0
1050.0,331.0
1051.0,331.0
1051.0,332.0
1050.0,331.0
1049.0,330.0
1054.0,328.0
1054.0,328.0
1051.0,330.0
1050.0,330.0
1050.0,330.0
1051.0,329.0
1049.0,330.0
1049.0,331.0
1050.0,331.0
1049.0,331.0
1050.0,332.0
1049.0,331.0
1049.0,331.0
1050.0,333.0
1052.0,333.0
1060.0,341.0
1081.0,344.0
1104.0,353.0
1143.0,362.0
1186.0,374.0
1237.0,402.0
1285.0,425.0
1335.0,446.0
1376.0,458.0
1415.0,482.0
1447.0,497.0
1468.0,515.0
1490.0,530.0
1513.0,540.0
1528.0,547.0
1551.0,550.0
1564.0,548.0
1562.0,540.0
1574.0,541.0
1579.0,533.0
1575.0,535.0
1576.0,535.0
1581.0,533.0
1588.0,535.0
1590.0,535.0
1592.0,539.0
1594.0,538.0
1594.0,531.0
1595.0,532.0
1596.0,530.0
1596.0,531.0
1597.0,530.0
1597.0,530.0
1597.0,530.0
1597.0,531.0
1597.0,531.0
1597.0,531.0
1597.0,531.0
1597.0,530.0
1597.0,530.0
1596.0,530.0
1596.0,530.0
1597.0,531.0
1597.0,530.0
1597.0,530.0
1598.0,531.0
1597.0,530.0
1597.0,531.0
1597.0,531.0
1597.0,531.0
1597.0,531.0
1597.0,531.0
1597.0,531.0
1596.0,530.0
1596.0,530.0
1597.0,530.0
1598.0,530.0
1598.0,529.0
1598.0,530.0
1599.0,530.0
1599.0,531.0
1599.0,530.0
1601.0,532.0
1601.0,530.0
1602.0,530.0
1602.0,531.0
1604.0,531.0
1604.0,531.0
