x,y
1055.0,339.0
1055.0,339.0
1055.0,339.0
1055.0,339.0
1054.0,339.0
1054.0,339.0
1055.0,339.0
1054.0,339.0
1054.0,339.0
1055.0,339.0
1054.0,339.0
1054.0,339.0
1054.0,339.0
1055.0,339.0
1054.0,340.0
1054.0,340.0
1054.0,341.0
1054.0,341.0
1054.0,341.0
1054.0,341.0
1053.0,341.0
1053.0,342.0
1055.0,342.0
1054.0,343.0
1054.0,343.0
1055.0,343.0
1055.0,343.0
1053.0,343.0
1053.0,343.0
1055.0,343.0
1055.0,343.0
1055.0,343.0
1053.0,343.0
1053.0,343.0
1053.0,343.0
1053.0,343.0
1053.0,344.0
1053.0,344.0
1053.0,344.0
1053.0,344.0
1053.0,344.0
1053.0,344.0
1053.0,344.0
1053.0,344.0
1053.0,344.0
1056.0,343.0
1053.0,345.0
1054.0,348.0
1054.0,348.0
1054.0,347.0
1053.0,346.0
1054.0,347.0
1054.0,347.0
1054.0,347.0
1054.0,348.0
1054.0,348.0
1054.0,348.0
1054.0,348.0
1054.0,349.0
1055.0,349.0
1055.0,349.0
1054.0,348.0
1054.0,349.0
1054.0,349.0
1054.0,349.0
1054.0,349.0
1054.0,349.0
1054.0,349.0
1054.0,349.0
1054.0,349.0
1055.0,349.0
1055.0,349.0
1054.0,349.0
1054.0,350.0
1054.0,350.0
1054.0,350.0
1054.0,350.0
1054.0,350.0
1055.0,350.0
1054.0,350.0
1055.0,350.0
1055.0,350.0
1054.0,350.0
1054.0,350.0
1055.0,351.0
1055.0,351.0
1055.0,350.0
1055.0,349.0
1055.0,349.0
1055.0,348.0
1055.0,348.0
1055.0,348.0
1055.0,349.0
1054.0,349.0
1054.0,349.0
1054.0,349.0
1054.0,349.0
1054.0,348.0
1054.0,348.0
1055.0,349.0
