x,y
50.24444444444445,343.24444444444447
50.22222222222222,343.22222222222223
50.2,343.2
50.17777777777778,343.1777777777778
50.15555555555556,343.15555555555557
50.13333333333333,343.1333333333333
50.111111111111114,343.1111111111111
50.08888888888889,343.0888888888889
50.06666666666667,343.06666666666666
50.044444444444444,343.0444444444444
50.022222222222226,343.02222222222224
50.0,343.0
50.0,343.0
50.0,343.0
50.0,343.0
50.0,343.0
50.0,343.0
50.0,343.0
50.0,343.0
50.0,343.0
50.0,343.0
50.0,343.0
50.0,343.0
50.0,344.0
50.0,344.0
50.0,343.0
50.0,343.0
50.0,344.0
50.0,343.0
50.0,343.0
50.0,343.0
50.0,343.0
50.0,342.0
50.0,342.0
50.0,343.0
50.0,344.0
50.0,344.0
50.0,344.0
50.0,343.0
50.0,344.0
51.0,343.0
50.0,344.0
50.0,344.0
50.0,344.0
50.0,344.0
50.0,344.0
50.0,344.0
50.0,344.0
50.0,344.0
50.0,344.0
50.0,344.0
50.0,344.0
50.0,344.0
50.0,344.0
50.0,344.0
50.0,344.0
50.0,344.0
50.0,344.0
50.0,344.0
50.0,344.0
50.0,344.0
50.0,344.0
50.0,344.0
50.0,344.0
50.0,344.0
50.0,344.0
50.0,344.0
50.0,344.0
50.0,344.0
50.0,344.0
50.0,344.0
50.0,344.0
50.0,344.0
49.857142857142854,343.85714285714283
49.714285714285715,343.7142857142857
49.57142857142857,343.57142857142856
49.42857142857143,343.42857142857144
49.285714285714285,343.2857142857143
49.142857142857146,343.14285714285717
49.0,343.0
50.0,343.0
50.0,342.5
50.0,342.0
50.0,342.0
50.0,343.0
50.0,343.0
50.0,344.0
50.0,343.0
50.0,343.0
50.0,343.0
50.0,343.0
50.0,343.0
50.0,343.0
50.0,343.0
50.0,344.0
50.0,344.0
50.0,344.0
50.0,344.0
50.0,344.0
50.0,344.0
