x,y
977.0,552.0
978.0,552.0
978.0,551.0
978.0,551.0
979.0,550.0
978.0,550.0
979.0,549.0
980.0,549.0
980.0,549.0
980.0,549.0
980.0,549.0
980.0,549.0
980.0,549.0
980.0,549.0
980.0,548.0
980.0,548.0
980.0,548.0
980.0,549.0
980.0,549.0
980.0,549.0
980.0,549.0
980.0,549.0
981.0,547.0
980.0,547.0
981.0,546.0
982.0,547.0
984.0,547.0
984.0,548.0
984.0,547.0
983.0,547.0
984.0,548.0
984.0,547.0
984.0,548.0
983.0,548.0
983.0,548.0
984.0,548.0
984.0,548.0
983.0,548.0
983.0,548.0
983.0,548.0
983.0,548.0
983.0,548.0
983.0,548.0
983.0,547.0
984.0,548.0
985.0,547.0
987.0,546.0
991.0,550.0
990.0,551.0
984.0,545.0
985.0,545.0
985.0,546.0
985.0,546.0
991.0,551.0
992.0,550.0
993.0,549.0
992.0,549.0
993.0,549.0
993.0,549.0
993.0,549.0
991.0,549.0
993.0,549.0
992.0,549.0
992.0,549.0
992.0,549.0
993.0,549.0
992.0,549.0
993.0,548.0
994.0,548.0
994.0,548.0
993.0,549.0
994.0,549.0
993.0,549.0
994.0,551.0
994.0,551.0
994.0,552.0
995.0,552.0
994.0,552.0
994.0,552.0
994.0,552.0
994.0,551.0
995.0,552.0
995.0,553.0
995.0,555.0
995.0,557.0
993.0,558.0
993.0,558.0
993.0,558.0
994.0,558.0
994.0,557.0
993.0,558.0
993.0,557.0
994.0,557.0
994.0,557.0
994.0,558.0
993.0,558.0
993.0,558.0
990.0,560.0
992.0,559.0
992.0,558.0
