x,y
565.0,398.0
566.0,399.0
565.0,399.0
564.0,399.0
564.0,395.0
563.0,395.0
563.0,395.0
563.0,395.0
563.0,395.0
563.0,398.0
563.0,399.0
563.0,398.0
562.0,395.0
563.0,398.0
563.0,399.0
563.0,399.0
563.0,398.0
564.0,398.0
562.0,396.0
560.0,395.0
562.0,396.0
562.0,394.0
564.0,394.0
564.0,394.0
564.0,394.0
564.0,394.0
564.0,392.0
565.0,392.0
564.0,392.0
565.0,392.0
564.0,392.0
563.0,392.0
564.0,392.0
564.0,391.0
564.0,391.0
564.0,391.0
564.0,392.0
564.0,392.0
566.0,392.0
567.0,390.0
567.0,389.0
566.0,388.0
567.0,389.0
566.0,389.0
566.0,390.0
565.0,391.0
565.0,391.0
565.0,391.0
564.0,392.0
564.0,391.0
565.0,392.0
564.0,392.0
565.0,391.0
567.0,389.0
566.0,388.0
567.0,387.0
568.0,387.0
568.0,388.0
568.0,388.0
567.0,387.0
568.0,387.0
568.0,387.0
567.0,387.0
567.0,386.0
567.0,387.0
567.0,386.0
568.0,384.0
568.0,382.0
568.0,383.0
569.0,383.0
570.0,381.0
569.0,381.0
569.0,381.0
570.0,381.0
569.0,381.0
569.0,380.0
569.0,380.0
569.0,380.0
569.0,380.0
569.0,380.0
570.0,378.0
570.0,378.0
570.0,377.0
570.0,377.0
569.0,378.0
570.0,378.0
570.0,378.0
571.0,377.0
571.0,377.0
571.0,377.0
571.0,377.0
571.0,377.0
571.0,377.0
571.0,377.0
571.0,377.0
571.0,377.0
571.0,377.0
571.0,377.0
571.0,377.0
571.0,376.0
