x,y
1210.0,190.0
1208.0,187.0
1210.0,189.0
1209.0,188.0
1208.0,188.0
1208.0,188.0
1210.0,188.0
1211.0,189.0
1209.0,188.0
1210.0,189.0
1212.0,189.0
1213.0,188.0
1214.0,189.0
1215.0,189.0
1214.0,189.0
1214.0,189.0
1215.0,188.0
1216.0,187.0
1217.0,186.0
1218.0,187.0
1218.0,187.0
1218.0,188.0
1217.0,189.0
1217.0,189.0
1219.0,188.0
1221.0,183.0
1219.0,182.0
1224.0,183.0
1225.0,183.0
1228.0,186.0
1224.0,182.0
1219.0,190.0
1220.0,190.0
1219.0,191.0
1219.0,190.0
1219.0,189.0
1220.0,190.0
1220.0,190.0
1220.0,190.0
1220.0,190.0
1219.0,190.0
1219.0,190.0
1219.0,191.0
1220.0,190.0
1220.0,190.0
1220.0,190.0
1220.0,190.0
1219.0,191.0
1219.0,191.0
1219.0,192.0
1221.0,190.0
1223.0,188.0
1221.0,189.0
1221.0,189.0
1222.0,190.0
1223.0,190.0
1223.0,191.0
1221.0,191.0
1220.0,193.0
1219.0,194.0
1218.0,193.0
1219.0,192.0
1219.0,192.0
1218.0,187.0
1218.0,166.0
1205.0,148.0
1193.0,131.0
1190.0,125.0
1182.0,115.0
1187.0,113.0
1177.0,99.0
1187.0,100.0
1174.0,95.0
1177.0,91.0
1165.0,92.0
1151.0,90.0
1152.0,93.0
1150.0,88.0
1156.0,94.0
1154.0,95.0
1153.0,95.0
1154.0,96.0
1155.0,97.0
1154.0,96.0
1153.0,95.0
1154.0,97.0
1155.0,96.0
1155.0,96.0
1154.0,96.0
1154.0,97.0
1156.0,96.0
1157.0,95.0
1153.0,99.0
1152.0,100.0
1150.0,101.0
1149.0,102.0
1148.0,103.0
1148.0,103.0
1148.0,104.0
1148.0,104.0
