x,y
288.0,827.0
288.0,827.0
288.0,828.0
288.0,828.0
288.0,828.0
288.0,827.0
288.0,828.0
287.0,828.0
288.0,827.0
287.0,827.0
288.0,827.0
287.0,827.0
287.0,826.0
286.0,826.0
286.0,825.0
286.0,825.0
286.0,825.0
285.0,824.0
285.0,823.0
285.0,823.0
285.0,823.0
285.0,824.0
285.0,823.0
284.0,823.0
284.0,823.0
284.0,823.0
284.0,823.0
284.0,823.0
284.0,823.0
283.0,823.0
283.0,823.0
284.0,823.0
284.0,822.0
284.0,822.0
283.0,822.0
284.0,823.0
283.0,823.0
283.0,823.0
283.0,822.0
283.0,823.0
283.0,822.0
281.0,822.0
283.0,822.0
284.0,822.0
283.0,822.0
284.0,822.0
284.0,822.0
283.0,822.0
283.0,822.0
283.0,822.0
283.0,822.0
283.0,822.0
283.0,822.0
283.0,822.0
282.0,822.0
282.0,822.0
281.0,821.0
281.0,821.0
281.0,821.0
280.0,821.0
280.0,820.0
280.0,821.0
280.0,820.0
280.0,820.05
280.0,820.1
280.0,820.15
280.0,820.2
280.0,820.25
280.0,820.3
280.0,820.35
280.0,820.4
280.0,820.45
280.0,820.5
280.0,820.55
280.0,820.6
280.0,820.65
280.0,820.7
280.0,820.75
280.0,820.8
280.0,820.85
280.0,820.9
280.0,820.95
280.0,821.0
280.0,821.05
280.0,821.1
280.0,821.15
280.0,821.2
280.0,821.25
280.0,821.3
280.0,821.35
280.0,821.4
280.0,821.45
280.0,821.5
280.0,821.55
280.0,821.6
280.0,821.65
280.0,821.7
280.0,821.75
280.0,821.8
280.0,821.85
