x,y
130.0,8.0
163.0,18.0
207.0,43.0
241.0,68.0
274.0,93.0
298.0,118.0
328.0,134.0
344.0,149.0
361.0,157.0
375.0,178.0
399.0,188.0
416.0,210.0
442.0,227.0
456.0,239.0
464.0,248.0
477.0,251.0
484.0,255.0
478.0,271.0
469.0,281.0
474.0,282.0
471.0,281.0
477.0,280.0
480.0,282.0
476.0,284.0
484.0,281.0
486.0,280.0
482.0,282.0
486.0,283.0
490.0,281.0
491.0,277.0
484.0,271.0
473.0,268.0
468.0,263.0
471.0,262.0
471.0,259.0
495.0,254.0
511.0,250.0
526.0,245.0
538.0,248.0
564.0,252.0
552.0,260.0
552.0,270.0
545.0,284.0
538.0,308.0
530.0,327.0
528.0,350.0
530.0,371.0
525.0,397.0
524.0,427.0
513.0,453.0
508.0,484.0
512.0,501.0
508.0,526.0
497.0,540.0
493.0,546.0
488.0,551.0
473.0,558.0
449.0,556.0
482.0,575.0
485.0,581.0
482.0,583.0
488.0,588.0
491.0,597.0
501.0,597.0
511.0,608.0
524.0,615.0
533.0,628.0
534.0,643.0
526.0,647.0
516.0,653.0
520.0,663.0
510.0,686.0
509.0,695.0
506.0,706.0
510.0,722.0
506.0,734.0
508.0,748.0
508.0,754.0
518.0,772.0
525.0,791.0
531.0,814.0
540.0,832.0
550.0,854.0
560.0,866.0
568.0,872.0
575.0,877.0
588.0,884.0
585.0,881.0
600.0,889.0
607.0,893.0
617.0,907.0
633.0,917.0
660.0,931.0
690.0,919.0
714.0,921.0
753.0,928.0
776.0,945.0
815.0,964.0
851.0,977.0
889.0,985.0
