x,y
51.0,344.0
51.0,344.0285714285714
51.0,344.0571428571429
51.0,344.0857142857143
51.0,344.1142857142857
51.0,344.14285714285717
51.0,344.1714285714286
51.0,344.2
51.0,344.22857142857146
51.0,344.25714285714287
51.0,344.2857142857143
51.0,344.3142857142857
51.0,344.34285714285716
51.0,344.37142857142857
51.0,344.4
51.0,344.42857142857144
51.0,344.45714285714286
51.0,344.48571428571427
51.0,344.51428571428573
51.0,344.54285714285714
51.0,344.57142857142856
51.0,344.6
51.0,344.62857142857143
51.0,344.65714285714284
51.0,344.6857142857143
51.0,344.7142857142857
51.0,344.74285714285713
51.0,344.77142857142854
51.0,344.8
51.0,344.8285714285714
51.0,344.85714285714283
51.0,344.8857142857143
51.0,344.9142857142857
51.0,344.9428571428571
51.0,344.9714285714286
51.0,345.0
51.06666666666667,345.06666666666666
51.13333333333333,345.1333333333333
51.2,345.2
51.266666666666666,345.26666666666665
51.333333333333336,345.3333333333333
51.4,345.4
51.46666666666667,345.46666666666664
51.53333333333333,345.53333333333336
51.6,345.6
51.666666666666664,345.6666666666667
51.733333333333334,345.73333333333335
51.8,345.8
51.86666666666667,345.8666666666667
51.93333333333333,345.93333333333334
52.0,346.0
52.0,346.0
52.0,346.0
52.0,346.0
52.0,346.0
52.0,345.0
52.0,345.0
52.0,345.0
52.0,345.0
52.0,345.0769230769231
52.0,345.15384615384613
52.0,345.2307692307692
52.0,345.3076923076923
52.0,345.38461538461536
52.0,345.46153846153845
52.0,345.53846153846155
52.0,345.61538461538464
52.0,345.6923076923077
52.0,345.7692307692308
52.0,345.84615384615387
52.0,345.9230769230769
52.0,346.0
51.0,345.0
51.0,345.0
52.0,346.0
52.0,344.0
52.0,345.0
52.0,345.0
52.0,345.0
52.0,344.0
52.0,344.0
52.0,344.0
52.0,344.030303030303
52.0,344.06060606060606
52.0,344.09090909090907
52.0,344.1212121212121
52.0,344.1515151515151
52.0,344.1818181818182
52.0,344.2121212121212
52.0,344.24242424242425
52.0,344.27272727272725
52.0,344.3030303030303
52.0,344.3333333333333
52.0,344.3636363636364
52.0,344.3939393939394
52.0,344.42424242424244
52.0,344.45454545454544
52.0,344.4848484848485
52.0,344.5151515151515
52.0,344.54545454545456
