x,y
280.0,821.9
280.0,821.95
280.0,822.0
281.0,823.0
282.0,823.0
278.0,831.0
278.0,835.0
277.0,845.0
246.0,841.0
243.0,840.0
239.0,838.0
239.0,840.0
244.0,841.0
242.5,839.0
241.0,837.0
238.0,840.0
234.0,847.0
231.0,853.0
212.0,860.0
198.0,853.0
182.0,848.0
161.0,848.0
145.0,850.0
129.0,855.0
112.0,856.0
97.0,866.0
80.0,871.0
59.0,872.0
37.0,875.0
13.0,868.0
10.0,881.0
5.0,886.0
5.172413793103448,884.9310344827586
5.344827586206897,883.8620689655172
5.517241379310345,882.7931034482758
5.689655172413794,881.7241379310345
5.862068965517241,880.6551724137931
6.0344827586206895,879.5862068965517
6.206896551724138,878.5172413793103
6.379310344827586,877.448275862069
6.551724137931035,876.3793103448276
6.724137931034483,875.3103448275862
6.896551724137931,874.2413793103449
7.068965517241379,873.1724137931035
7.241379310344827,872.1034482758621
7.413793103448276,871.0344827586207
7.586206896551724,869.9655172413793
7.758620689655173,868.8965517241379
7.931034482758621,867.8275862068965
8.10344827586207,866.7586206896551
8.275862068965518,865.6896551724138
8.448275862068966,864.6206896551724
8.620689655172415,863.551724137931
8.793103448275861,862.4827586206897
8.96551724137931,861.4137931034483
9.137931034482758,860.3448275862069
9.310344827586206,859.2758620689655
9.482758620689655,858.2068965517242
9.655172413793103,857.1379310344828
9.827586206896552,856.0689655172414
10.0,855.0
12.0,830.0
26.0,792.0
34.0,745.0
41.0,687.0
34.0,638.0
28.0,584.0
32.0,534.0
32.0,499.0
37.0,466.0
38.0,444.0
32.0,426.0
32.0,415.0
27.0,399.0
24.0,388.0
25.0,379.0
31.0,370.0
33.0,364.0
30.0,355.0
24.0,350.0
30.0,353.0
36.0,354.0
42.0,350.0
38.0,342.0
31.0,324.0
36.0,323.0
37.0,324.0
69.0,349.0
66.0,346.0
64.0,344.0
65.0,335.0
65.0,334.0
65.0,333.0
66.0,344.0
68.0,345.0
69.0,342.0
68.0,343.0
67.0,342.0
67.0,342.0
66.0,341.0
