x,y
55.0,766.0
55.0,766.0
55.0,767.0
54.0,766.0
56.0,768.0
56.0,768.0
55.0,768.0
55.0,768.0
55.0,768.0
55.0,768.0
54.0,767.0
55.0,767.0
55.0,768.0
55.0,768.0
54.0,768.0
54.0,768.0
54.0,768.0
54.0,768.0
54.0,768.0
54.0,768.0
54.0,768.0
54.0,768.0
53.0,767.0
53.0,768.0
53.0,767.0
53.0,767.0
53.0,767.0
53.0,767.0
53.0,767.0
52.0,767.0
53.0,767.0
53.0,767.0
52.0,767.0
52.0,767.0
52.0,767.0
52.0,767.0
53.0,767.0
53.0,767.0
52.0,767.0
51.0,767.0
51.0,768.0
50.0,767.0
49.0,767.0
49.0,767.0
50.0,766.0
50.0,767.0
50.0,767.0
51.0,767.0
51.0,767.0
51.0,768.0
50.0,764.0
50.0,762.0
50.0,761.0
51.0,764.0
51.0,764.0
51.0,763.0
50.0,763.0
50.0,762.0
50.0,762.0
48.0,760.0
46.0,759.0
47.0,759.0
48.0,759.0
48.0,757.0
47.0,755.0
47.0,752.0
47.0,753.0
47.0,753.0
47.0,750.0
47.0,748.0
47.0,750.0
47.0,751.0
46.0,750.0
47.0,750.0
46.0,748.0
46.0,749.0
47.0,747.0
46.0,748.0
48.0,746.0
48.0,747.0
46.0,750.0
46.0,751.0
46.0,750.0
45.0,751.0
46.0,752.0
46.0,752.0
46.0,753.0
46.0,754.0
47.0,754.0
49.0,754.0
46.0,756.0
46.0,758.0
46.0,754.0
45.0,748.0
59.0,723.0
42.0,750.6666666666666
25.0,778.3333333333334
8.0,806.0
