x,y
50.0,344.0
50.0,344.0
50.0,344.0
50.0,344.0
50.0,344.0
51.0,344.0
51.0,344.0
50.0,344.0
50.0,344.0
50.0,344.0
50.0,344.0
50.0,344.0
50.0,344.0
50.0,344.0
50.0,344.0
50.0,343.0
50.0,344.0
50.0,344.0
51.0,343.0
50.75,343.25
50.5,343.5
50.25,343.75
50.0,344.0
50.0,344.0
50.0,344.0
50.0,344.0
50.0,344.0
51.0,344.0
50.0,344.0
50.0,344.0
50.0,344.0
51.0,344.0
50.0,344.0
51.0,344.0
50.0,344.0
51.0,344.0
52.0,344.0
52.0,344.0
51.0,344.0
50.0,344.0
50.0,344.0
50.0,344.0
50.0,344.0
50.0,344.0
50.0,344.0
50.0,344.0
50.0,344.0
50.0,344.0
50.0,344.0
50.0,344.0
50.0,343.0
51.0,344.0
51.0,343.0
51.0,344.0
51.0,344.0
51.0,344.0
51.0,344.0
51.0,344.0
51.0,344.0
51.0,344.0
51.0,344.0
51.0,344.0
51.0,344.0
51.0,344.0
51.0,344.0
51.0,344.0
51.0,344.0
50.977777777777774,343.97777777777776
50.955555555555556,343.9555555555556
50.93333333333333,343.93333333333334
50.91111111111111,343.9111111111111
50.888888888888886,343.8888888888889
50.86666666666667,343.8666666666667
50.84444444444444,343.84444444444443
50.82222222222222,343.8222222222222
50.8,343.8
50.77777777777778,343.77777777777777
50.75555555555555,343.75555555555553
50.733333333333334,343.73333333333335
50.71111111111111,343.7111111111111
50.68888888888889,343.68888888888887
50.666666666666664,343.6666666666667
50.644444444444446,343.64444444444445
50.62222222222222,343.6222222222222
50.6,343.6
50.577777777777776,343.5777777777778
50.55555555555556,343.55555555555554
50.53333333333333,343.53333333333336
50.51111111111111,343.5111111111111
50.48888888888889,343.4888888888889
50.46666666666667,343.46666666666664
50.44444444444444,343.44444444444446
50.422222222222224,343.4222222222222
50.4,343.4
50.37777777777778,343.3777777777778
50.355555555555554,343.35555555555555
50.333333333333336,343.3333333333333
50.31111111111111,343.31111111111113
50.28888888888889,343.2888888888889
50.266666666666666,343.26666666666665
