x,y
1508.0,475.0
1531.0,420.0
1557.0,361.0
1562.0,314.0
1563.0,272.0
1556.0,235.0
1547.0,209.0
1541.0,190.0
1535.0,175.0
1531.0,169.0
1532.0,160.0
1531.0,153.0
1525.0,151.0
1532.0,145.0
1537.0,156.0
1540.0,142.0
1541.0,152.0
1522.0,159.0
1503.0,165.0
1476.0,173.0
1454.0,174.0
1420.0,165.0
1391.0,208.0
1358.0,223.0
1319.0,245.0
1304.0,219.0
1292.0,227.0
1282.0,232.0
1274.0,230.0
1262.0,230.0
1257.0,221.0
1249.0,208.0
1236.0,207.0
1230.0,208.0
1227.0,206.0
1218.0,206.0
1219.0,207.0
1216.0,218.0
1219.0,224.0
1212.0,220.0
1210.0,213.0
1223.0,207.0
1231.0,201.0
1240.0,190.0
1247.0,189.0
1257.0,182.0
1261.0,182.0
1249.0,191.0
1230.0,204.0
1200.0,208.0
1154.0,233.0
1118.0,262.0
1073.0,281.0
1041.0,333.0
1022.0,402.0
995.0,451.0
953.0,510.0
912.0,562.0
870.0,622.0
830.0,667.0
800.0,712.0
777.0,740.0
752.0,743.0
756.0,732.0
761.0,730.0
763.0,724.0
764.0,716.0
772.0,700.0
759.0,735.0
752.0,772.0
731.0,814.0
685.0,837.0
640.0,854.0
578.0,862.0
510.0,878.0
453.0,892.0
389.0,905.0
328.0,902.0
286.0,888.0
240.0,895.0
201.0,886.0
163.0,892.0
137.0,879.0
120.0,869.0
111.0,855.0
105.0,845.0
99.0,846.0
89.0,828.0
87.0,826.0
76.0,813.0
73.0,818.0
77.0,799.0
58.0,809.0
47.0,810.0
83.0,799.0
83.0,799.0
79.0,795.0
71.0,791.0
64.0,794.0
62.0,790.0
