x,y
1665.0,536.0
1665.0,535.0
1665.0,536.0
1666.0,536.0
1666.0,536.0
1666.0,537.0
1665.0,538.0
1666.0,538.0
1666.0,539.0
1665.0,540.0
1665.0,541.0
1664.0,541.0
1664.0,541.0
1664.0,541.0
1664.0,541.0
1665.0,542.0
1667.0,541.0
1667.0,541.0
1667.0,541.0
1667.0,541.0
1664.0,541.0
1664.0,542.0
1663.0,543.0
1663.0,544.0
1664.0,546.0
1662.0,547.0
1661.0,548.0
1661.0,547.0
1662.0,548.0
1660.0,547.0
1658.0,547.0
1658.0,548.0
1657.0,549.0
1655.0,549.0
1653.0,550.0
1651.0,548.0
1651.0,549.0
1651.0,548.0
1649.0,549.0
1646.0,552.0
1645.0,550.0
1645.0,551.0
1646.0,549.0
1646.0,548.0
1646.0,548.0
1646.0,547.0
1645.0,548.0
1645.0,548.0
1645.0,547.0
1645.0,548.0
1646.0,547.0
1645.0,547.0
1646.0,546.0
1646.0,546.0
1647.0,547.0
1648.0,547.0
1649.0,546.0
1648.0,544.0
1649.0,543.0
1649.0,544.0
1649.0,544.0
1649.0,544.0
1651.0,544.0
1653.0,543.0
1655.0,546.0
1655.0,549.0
1658.0,546.0
1665.0,541.0
1679.0,530.0
1693.0,514.0
1701.0,512.0
1719.0,499.0
1736.0,492.0
1740.0,462.0
1750.0,455.0
1755.0,437.0
1765.0,430.0
1775.0,424.0
1783.0,416.0
1778.0,404.0
1778.0,403.0
1777.0,402.0
1783.0,397.0
1787.0,392.0
1803.0,389.0
1811.0,379.0
1808.0,382.0
1807.0,383.0
1808.0,382.0
1806.0,383.0
1809.0,381.0
1808.0,382.0
1809.0,381.0
1808.0,382.0
1809.0,383.0
1807.0,383.0
1809.0,383.0
1809.0,383.0
1809.0,383.0
1809.0,383.0
