x,y
1437.0,595.0
1437.0,596.0
1438.0,595.0
1447.0,594.0
1447.0,592.0
1447.0,592.0
1449.0,590.0
1449.0,590.0
1449.0,590.0
1448.0,589.0
1449.0,589.0
1448.0,590.0
1449.0,590.0
1449.0,590.0
1449.0,589.0
1449.0,589.0
1449.0,587.0
1450.0,589.0
1449.0,588.0
1449.0,588.0
1450.0,589.0
1450.0,588.0
1449.0,587.0
1449.0,587.0
1449.0,586.0
1450.0,586.0
1450.0,586.0
1451.0,587.0
1451.0,587.0
1450.0,587.0
1451.0,588.0
1451.0,586.0
1451.0,587.0
1451.0,586.0
1451.0,587.0
1451.0,587.0
1451.0,587.0
1451.0,586.0
1451.0,587.0
1452.0,586.0
1452.0,585.0
1452.0,586.0
1452.0,586.0
1452.0,586.0
1451.0,586.0
1451.0,586.0
1451.0,586.0
1451.0,587.0
1452.0,588.0
1451.0,587.0
1451.0,589.0
1452.0,589.0
1449.0,590.0
1444.0,591.0
1457.0,594.0
1460.0,587.0
1456.0,595.0
1451.0,604.0
1456.0,595.0
1456.0,595.0
1456.0,595.0
1455.0,595.0
1455.0,595.0
1455.0,595.0
1455.0,595.0
1456.0,595.0
1456.0,595.0
1455.0,595.0
1455.0,595.0
1455.0,596.0
1455.0,596.0
1455.0,596.0
1455.0,596.0
1454.0,596.0
1455.0,596.0
1455.0,597.0
1455.0,596.0
1455.0,597.0
1456.0,597.0
1456.0,597.0
1456.0,597.0
1457.0,596.0
1457.0,593.0
1456.0,596.0
1456.0,593.0
1456.0,595.0
1457.0,594.0
1457.0,595.0
1458.0,596.0
1458.0,595.0
1458.0,596.0
1457.0,591.0
1458.0,591.0
1457.0,590.0
1458.0,589.0
1457.0,594.0
1456.0,593.0
1456.0,593.0
1455.0,594.0
1456.0,590.0
