x,y
1472.0,589.0
1473.0,590.0
1474.0,589.0
1474.0,588.0
1473.0,589.0
1475.0,590.0
1474.0,594.0
1474.0,594.0
1474.0,594.0
1474.0,594.0
1473.0,594.0
1473.0,595.0
1460.0,596.0
1473.0,597.0
1473.0,597.0
1467.0,596.0
1474.0,598.0
1483.0,608.0
1482.0,608.0
1478.0,609.0
1472.0,603.0
1467.0,596.0
1472.0,603.0
1471.0,603.0
1470.0,604.0
1474.0,611.0
1473.0,614.0
1476.0,616.0
1477.0,619.0
1471.0,622.0
1469.0,622.0
1469.0,622.0
1466.0,623.0
1463.0,621.0
1462.0,621.0
1463.0,623.0
1463.0,623.0
1462.0,625.0
1463.0,626.0
1463.0,627.0
1462.0,627.0
1462.0,629.0
1459.0,630.0
1459.0,631.0
1459.0,633.0
1457.0,634.0
1458.0,634.0
1457.0,635.0
1455.0,634.0
1454.0,634.0
1452.0,637.0
1449.0,637.0
1448.0,637.0
1444.0,635.0
1444.0,636.0
1444.0,635.0
1443.0,635.0
1443.0,636.0
1441.0,635.0
1441.0,636.0
1441.0,637.0
1446.0,641.0
1435.0,634.0
1439.0,638.0
1443.0,638.0
1444.0,637.0
1445.0,640.0
1449.0,639.0
1451.0,638.0
1452.0,638.0
1455.0,637.0
1455.0,637.0
1455.0,637.0
1455.0,636.0
1453.0,636.0
1453.0,635.0
1439.0,621.0
1438.0,620.0
1437.0,620.0
1437.0,620.0
1437.0,620.0
1432.0,602.0
1432.0,602.0
1432.0,603.0
1431.0,602.0
1431.0,601.0
1432.0,602.0
1430.0,602.0
1431.0,602.0
1433.0,602.0
1432.0,603.0
1431.0,603.0
1429.0,601.0
1429.0,602.0
1429.0,601.0
1428.0,602.0
1428.0,602.0
1428.0,602.0
1430.0,602.0
1429.0,601.0
