x,y
831.0,282.0
792.0,226.0
769.0,240.0
795.0,286.0
800.0,308.0
773.0,327.0
782.0,374.0
786.0,410.0
763.0,448.0
747.0,479.0
721.0,500.0
705.0,546.0
702.0,590.0
701.0,605.0
713.0,644.0
710.2647058823529,649.5
707.5294117647059,655.0
704.7941176470588,660.5
702.0588235294117,666.0
699.3235294117648,671.5
696.5882352941177,677.0
693.8529411764706,682.5
691.1176470588235,688.0
688.3823529411765,693.5
685.6470588235294,699.0
682.9117647058823,704.5
680.1764705882352,710.0
677.4411764705883,715.5
674.7058823529412,721.0
671.9705882352941,726.5
669.2352941176471,732.0
666.5,737.5
663.7647058823529,743.0
661.0294117647059,748.5
658.2941176470588,754.0
655.5588235294117,759.5
652.8235294117648,765.0
650.0882352941177,770.5
647.3529411764706,776.0
644.6176470588235,781.5
641.8823529411765,787.0
639.1470588235294,792.5
636.4117647058823,798.0
633.6764705882352,803.5
630.9411764705883,809.0
628.2058823529412,814.5
625.4705882352941,820.0
622.7352941176471,825.5
620.0,831.0
610.0,846.0
599.0,860.0
589.0,873.0
581.0,875.0
579.0,877.0
626.0,920.0
629.0,907.0
640.0,893.0
643.0,890.0
636.5,903.0
630.0,916.0
569.0,872.0
541.0,896.0
516.0,925.0
512.0,948.0
501.0,963.0
485.0,982.0
466.0,993.0
442.0,1009.0
422.0,1026.0
403.0,1050.0
373.0,1069.0
339.0,1071.0
316.0,1070.0
298.0,1069.0
282.0,1064.0
267.0,1061.0
254.0,1063.0
238.0,1061.0
225.0,1070.0
191.0,1077.0
188.1,1073.5
185.2,1070.0
182.3,1066.5
179.4,1063.0
176.5,1059.5
173.6,1056.0
170.7,1052.5
167.8,1049.0
164.9,1045.5
162.0,1042.0
142.0,1037.0
140.0,1007.0
154.0,987.0
158.0,951.0
159.0,936.0
