x,y
1011.0,525.0
1011.0,525.0
1012.0,525.0
1012.0,525.0
1012.0,524.0
1012.0,524.0
1013.0,523.0
1014.0,523.0
1014.0,523.0
1013.0,520.0
1010.0,517.0
1013.0,517.0
1010.0,516.0
1013.0,518.0
1012.0,516.0
1014.0,517.0
1012.0,515.0
1012.0,515.0
1011.0,517.0
1010.0,517.0
1010.0,518.0
1009.0,521.0
1010.0,524.0
1007.0,520.0
990.0,518.0
974.0,513.0
951.0,508.0
911.0,506.0
869.0,509.0
829.0,521.0
796.0,549.0
776.0,593.0
760.0,633.0
754.0,680.0
743.0,721.0
747.0,743.0
741.0,756.0
735.0,761.0
731.0,764.0
716.0,766.0
702.0,763.0
686.0,771.0
679.0,791.0
670.0,808.0
658.0,819.0
656.0,814.0
664.0,803.0
665.0,796.0
668.0,786.0
669.0,773.0
670.0,763.0
669.0,763.0
660.0,749.0
650.0,732.0
639.0,704.0
616.0,674.0
582.0,666.0
550.0,648.0
524.0,633.0
494.0,612.0
472.0,591.0
448.0,565.0
445.0,559.0
447.0,563.0
446.0,566.0
445.0,561.0
444.0,565.0
438.0,568.0
439.0,570.0
439.0,568.0
441.0,565.0
441.0,566.0
441.0,567.0
443.0,568.0
441.0,567.0
440.0,568.0
439.0,567.0
440.0,567.0
440.0,568.0
440.0,569.0
440.0,567.0
432.0,566.0
439.0,568.0
438.0,568.0
438.0,569.0
438.0,569.0
437.0,569.0
439.0,569.0
438.0,569.0
439.0,571.0
441.0,573.0
439.0,573.0
439.0,571.0
438.0,571.0
436.0,571.0
436.0,571.0
432.0,569.0
432.0,568.0
433.0,569.0
432.0,569.0
