x,y
1471.0,594.0
1471.0,595.0
1471.0,595.0
1471.0,595.0
1470.0,595.0
1470.0,595.0
1472.0,594.0
1471.0,595.0
1473.0,594.0
1473.0,594.0
1473.0,594.0
1473.0,594.0
1473.0,594.0
1471.0,594.0
1471.0,594.0
1473.0,594.0
1471.0,594.0
1471.0,595.0
1471.0,594.0
1471.0,595.0
1472.0,595.0
1471.0,595.0
1471.0,595.0
1473.0,595.0
1472.0,595.0
1472.0,595.0
1472.0,596.0
1472.0,596.0
1471.0,597.0
1471.0,597.0
1471.0,597.0
1471.0,597.0
1471.0,597.0
1470.0,597.0
1470.0,597.0
1471.0,597.0
1471.0,596.0
1471.0,596.0
1471.0,596.0
1471.0,596.0
1471.0,596.0
1471.0,596.0
1471.0,596.0
1471.0,595.0
1471.0,596.0
1470.0,595.0
1470.0,596.0
1470.0,596.0
1470.0,596.0
1470.0,596.0
1470.0,596.0
1470.0,596.0
1470.0,596.0
1470.0,596.0
1470.0,596.0
1470.0,596.0
1470.0,596.0
1470.0,597.0
1470.0,596.0
1470.0,597.0
1470.0,596.0
1470.0,597.0
1470.0,597.0
1470.0,597.0
1470.0,597.0
1470.0,597.0
1470.0,597.0
1469.0,598.0
1469.0,598.0
1469.0,597.0
1469.0,597.0
1469.0,599.0
1469.0,599.0
1468.0,599.0
1468.0,599.0
1468.0,599.0
1469.0,601.0
1469.0,601.0
1468.0,600.0
1468.0,600.0
1468.0,600.0
1468.0,599.0
1469.0,601.0
1468.0,601.0
1468.0,601.0
1468.0,601.0
1468.0,601.0
1468.0,601.0
1468.0,601.0
1468.0,601.0
1469.0,600.0
1469.0,600.0
1469.0,600.0
1467.0,599.0
1470.0,602.0
1470.0,600.0
1472.0,601.0
1472.0,602.0
1473.0,602.0
1473.0,600.0
