x,y
1656.0,305.0
1640.0,301.0
1643.0,303.0
1644.0,298.0
1638.0,304.0
1641.0,306.0
1646.0,304.0
1642.0,307.0
1640.0,311.0
1641.0,309.0
1641.0,311.0
1642.0,308.0
1639.0,308.0
1640.0,308.0
1641.0,309.0
1639.0,307.0
1637.0,307.0
1638.0,307.0
1637.0,308.0
1637.0,309.0
1637.0,309.0
1637.0,310.0
1637.0,309.0
1638.0,307.0
1635.0,308.0
1635.0,308.0
1635.0,308.0
1638.0,310.0
1647.0,308.0
1641.0,308.0
1638.0,303.0
1648.0,302.0
1635.0,298.0
1621.0,283.0
1594.0,265.0
1559.0,245.0
1517.0,222.0
1466.0,199.0
1410.0,177.0
1343.0,187.0
1282.0,210.0
1212.0,247.0
1138.0,296.0
1072.0,354.0
991.0,413.0
908.0,465.0
818.0,515.0
725.0,557.0
635.0,589.0
569.0,636.0
531.0,658.0
509.0,687.0
500.0,707.0
496.0,716.0
494.0,714.0
493.0,711.0
489.0,714.0
477.0,725.0
467.0,742.0
469.0,744.0
470.0,744.0
484.0,723.0
482.0,724.0
485.0,727.0
482.0,727.0
480.0,726.0
480.0,727.0
478.0,721.0
475.0,722.0
474.0,722.0
472.0,721.0
472.0,721.0
470.0,723.0
469.0,725.0
460.0,728.0
431.0,729.0
412.0,720.0
354.0,725.0
306.0,718.0
253.0,713.0
186.0,681.0
130.0,649.0
76.0,622.0
20.0,608.0
