x,y
1304.0,289.0
1305.0,289.0
1304.0,288.0
1303.0,289.0
1303.0,288.0
1302.0,291.0
1302.0,291.0
1301.0,291.0
1300.0,291.0
1299.0,291.0
1301.0,291.0
1300.0,291.0
1300.0,291.0
1299.0,292.0
1298.0,292.0
1298.0,292.0
1297.0,292.0
1297.0,292.0
1297.0,292.0
1297.0,292.0
1297.0,292.0
1297.0,291.0
1296.0,291.0
1297.0,292.0
1296.0,292.0
1297.0,291.0
1296.0,292.0
1297.0,291.0
1296.0,292.0
1297.0,292.0
1298.0,291.0
1295.0,288.0
1297.0,292.0
1297.0,291.0
1297.0,292.0
1297.0,292.0
1295.0,293.0
1293.0,289.0
1293.0,293.0
1292.0,290.0
1291.0,290.0
1291.0,291.0
1291.0,292.0
1292.0,291.0
1291.0,292.0
1291.0,291.0
1291.0,291.0
1291.0,291.0
1290.0,291.0
1290.0,291.0
1290.0,290.0
1290.0,290.0
1290.0,291.0
1290.0,291.0
1290.0,289.0
1289.0,288.0
1290.0,287.0
1289.0,287.0
1289.0,287.0
1290.0,286.0
1289.0,286.0
1290.0,286.0
1290.0,287.0
1290.0,287.0
1290.0,288.0
1290.0,288.0
1290.0,289.0
1290.0,289.0
1290.0,289.0
1289.0,289.0
1289.0,288.0
1289.0,290.0
1289.0,289.0
1290.0,289.0
1290.0,290.0
1290.0,290.0
1290.0,290.0
1289.0,289.0
1290.0,290.0
1292.0,291.0
1292.0,290.0
1292.0,291.0
1291.0,292.0
1291.0,291.0
1291.0,291.0
1290.0,292.0
1289.0,291.0
1290.0,292.0
1289.0,291.0
1289.0,292.0
1289.0,292.0
1289.0,292.0
1289.0,291.0
1288.0,291.0
1289.0,291.0
1290.0,289.0
1289.0,290.0
1289.0,290.0
1289.0,290.0
1289.0,290.0
