x,y
166.0,758.0
166.0,758.0
165.0,757.0
166.0,757.0
166.0,756.0
166.0,757.0
166.0,757.0
165.0,757.0
165.0,757.0
165.0,757.0
165.0,757.0
165.0,757.0
167.0,756.0
167.0,756.0
166.0,756.0
168.0,755.0
167.0,755.0
167.0,754.0
168.0,754.0
168.0,754.0
168.0,756.0
176.0,762.0
177.0,763.0
176.0,763.0
176.0,761.0
176.0,756.0
177.0,757.0
177.0,757.0
178.0,754.0
177.0,754.0
177.0,754.0
179.0,754.0
179.0,754.0
179.0,759.0
180.0,756.0
180.0,757.0
181.0,758.0
182.0,758.0
180.0,758.0
181.0,758.0
179.0,756.0
179.0,758.0
181.0,757.0
183.0,757.0
182.0,758.0
183.0,761.0
183.0,760.0
184.0,761.0
192.0,762.0
192.0,761.0
187.0,760.0
190.0,759.0
189.0,759.0
186.0,761.0
181.0,758.0
180.0,759.0
178.0,759.0
176.0,757.0
176.0,755.0
185.0,751.0
198.0,752.0
216.0,753.0
236.0,750.0
262.0,765.0
282.0,747.0
297.0,752.0
340.0,739.0
358.0,737.0
404.0,714.0
427.0,709.0
481.0,709.0
531.0,720.0
604.0,725.0
659.0,748.0
730.0,767.0
785.0,790.0
856.0,819.0
915.0,832.0
973.0,865.0
1052.0,878.0
1120.0,905.0
1184.0,930.0
1249.0,961.0
1298.0,982.0
1348.0,994.0
1375.0,986.0
1399.0,983.0
1406.0,965.0
1420.0,958.0
1429.0,955.0
1454.0,955.0
1462.0,951.0
1468.0,941.0
1463.0,935.0
1461.0,927.0
1457.0,930.0
1460.0,928.0
1460.0,926.0
1459.0,926.0
1460.0,927.0
