x,y
1179.0,812.0
1179.0,813.0
1179.0,814.0
1180.0,815.0
1180.0,814.0
1179.0,814.0
1180.0,814.0
1177.0,816.0
1180.0,814.0
1180.0,814.0
1180.0,814.0
1180.0,814.0
1180.0,814.0
1180.0,814.0
1179.0,815.0
1179.0,814.0
1180.0,815.0
1179.0,814.0
1180.0,813.0
1180.0,813.0
1179.0,814.0
1179.0,814.0
1179.0,813.0
1179.0,814.0
1179.0,814.0
1179.0,815.0
1179.0,816.0
1180.0,818.0
1180.0,819.0
1180.0,819.0
1179.0,819.0
1180.0,819.0
1180.0,819.0
1179.0,819.0
1180.0,819.0
1180.0,819.0
1180.0,819.0
1180.0,819.0
1180.0,819.0
1181.0,819.0
1181.0,819.0
1180.0,819.0
1181.0,819.0
1181.0,818.0
1182.0,819.0
1182.0,819.0
1182.0,819.0
1182.0,818.0
1182.0,819.0
1184.0,819.0
1185.0,821.0
1185.0,819.0
1185.0,819.0
1185.0,819.0
1186.0,818.0
1186.0,818.0
1189.0,818.0
1190.0,817.0
1189.0,818.0
1189.0,818.0
1189.0,817.0
1187.0,818.0
1186.0,818.0
1185.0,818.0
1180.0,819.0
1183.0,822.0
1178.0,830.0
1180.0,844.0
1173.0,855.0
1169.0,861.0
1160.0,878.0
1161.0,896.0
1162.0,909.0
1170.0,921.0
1174.0,945.0
1188.0,947.0
1194.0,922.0
1196.0,887.0
1207.0,851.0
1222.0,803.0
1234.0,767.0
1267.0,756.0
1299.0,754.0
1330.0,747.0
1352.0,735.0
1374.0,718.0
1381.0,704.0
1385.0,698.0
1391.0,689.0
1391.0,688.0
1390.0,687.0
1389.0,686.0
1392.0,688.0
1393.0,686.0
1397.0,687.0
1396.0,687.0
1395.0,688.0
1397.0,687.0
1396.0,687.0
1395.0,691.0
