x,y
223.0,790.0
223.0,790.0
223.0,790.0
224.0,790.0
225.0,791.0
226.0,791.0
225.0,791.0
225.0,791.0
225.0,791.0
225.0,791.0
226.0,791.0
225.0,791.0
225.0,791.0
225.0,791.0
226.0,792.0
226.0,793.0
226.0,792.0
226.0,792.0
226.0,793.0
226.0,792.0
225.0,792.0
225.0,792.0
227.0,792.0
224.0,792.0
225.0,792.0
225.0,793.0
224.0,793.0
226.0,793.0
225.0,793.0
224.0,793.0
224.0,793.0
227.0,793.0
227.0,793.0
227.0,793.0
227.0,794.0
228.0,794.0
228.0,794.0
227.0,794.0
229.0,794.0
232.0,794.0
229.0,796.0
225.0,796.0
230.0,800.0
232.0,800.0
232.0,798.0
229.0,797.0
228.0,796.0
231.0,798.0
228.0,797.0
230.0,797.0
230.0,797.0
229.0,796.0
227.0,794.0
227.0,796.0
223.0,801.0
227.0,801.0
227.0,800.0
228.0,799.0
228.0,800.0
230.0,800.0
226.0,795.0
223.0,798.0
224.0,801.0
227.0,803.0
231.0,803.0
230.0,804.0
231.0,802.0
230.0,801.0
228.0,803.0
229.0,803.0
229.0,803.0
229.0,803.0
229.0,803.0
229.0,803.0
230.0,803.0
230.0,803.0
230.0,802.0
230.0,803.0
231.0,803.0
230.0,803.0
230.0,803.0
229.0,803.0
229.0,803.0
229.0,803.0
230.0,803.0
229.0,803.0
229.0,803.0
231.0,803.0
230.0,804.0
230.0,805.0
229.0,806.0
229.0,805.0
227.0,806.0
226.0,807.0
225.0,807.0
225.0,807.0
225.0,807.0
223.0,806.0
225.0,806.0
228.0,805.0
