x,y
227.0,789.0
226.0,788.0
227.0,788.0
228.0,788.0
228.0,788.0
228.0,788.0
229.0,789.0
229.0,789.0
229.0,789.0
229.0,789.0
228.0,790.0
228.0,794.0
226.0,796.0
227.0,796.0
227.0,796.0
228.0,795.0
229.0,796.0
229.0,797.0
228.0,796.0
228.0,796.0
231.0,796.0
232.0,794.0
235.0,798.0
234.0,799.0
235.0,800.0
236.0,800.0
235.0,802.0
236.0,802.0
236.0,801.0
235.0,801.0
230.0,801.0
231.0,801.0
231.0,801.0
232.0,801.0
232.0,799.0
232.0,799.0
227.0,802.0
227.0,802.0
228.0,801.0
238.0,798.0
238.0,797.0
238.0,799.0
232.0,800.0
233.0,800.0
233.0,800.0
232.0,801.0
229.0,801.0
225.0,803.0
225.0,803.0
226.0,803.0
225.0,802.0
226.0,803.0
226.0,802.0
226.0,803.0
226.0,803.0
225.0,803.0
226.0,802.0
226.0,802.0
226.0,802.0
226.0,802.0
226.0,802.0
226.0,802.0
225.0,802.0
226.0,802.0
226.0,802.0
226.0,802.0
226.0,802.0
226.0,802.0
226.0,802.0
226.0,802.0
226.0,802.0
226.0,802.0
226.0,802.0
226.0,802.0
226.0,802.0
232.0,806.0
226.0,802.0
226.0,802.0
234.0,806.0
232.0,806.0
231.0,807.0
231.0,808.0
226.0,804.0
230.0,809.0
231.0,809.0
229.0,810.0
230.0,808.0
229.0,808.0
226.0,812.0
227.0,812.0
226.0,814.0
222.0,815.0
221.0,815.0
221.0,816.0
222.0,816.0
221.0,816.0
222.0,817.0
222.0,819.0
223.0,820.0
222.0,821.0
