x,y
1406.2666666666667,676.2666666666667
1405.7333333333333,675.7333333333333
1405.2,675.2
1404.6666666666667,674.6666666666666
1404.1333333333334,674.1333333333333
1403.6,673.6
1403.0666666666666,673.0666666666667
1402.5333333333333,672.5333333333333
1402.0,672.0
1402.0,672.0
1402.0,672.0
1402.0,672.0
1402.0,673.0
1401.0,674.0
1401.0,674.0
1401.0,674.0
1402.0,674.0
1402.0,674.0
1401.0,674.0
1402.0,674.0
1401.0,675.0
1401.0,674.0
1402.0,674.0
1401.0,674.0
1402.0,674.0
1403.0,674.0
1403.0,675.0
1402.0,683.0
1403.0,682.0
1403.0,683.0
1402.0,683.0
1402.0,684.0
1403.0,683.0
1402.0,684.0
1403.0,683.0
1402.0,683.0
1402.0,684.0
1403.0,683.0
1402.0,684.0
1403.0,682.0
1402.0,683.0
1403.0,682.0
1405.0,682.0
1405.0,678.0
1403.0,676.0
1402.0,676.0
1403.0,672.0
1404.0,675.0
1403.0,675.0
1405.0,678.0
1413.0,674.0
1413.0,660.0
1410.0,640.0
1412.0,626.0
1412.0,605.0
1427.0,586.0
1438.0,577.0
1455.0,572.0
1473.0,585.0
1486.0,604.0
1511.0,620.0
1545.0,637.0
1581.0,637.0
1619.0,607.0
1645.0,574.0
1655.0,530.0
1658.0,482.0
1665.0,450.0
1671.0,434.0
1672.0,428.0
1663.0,447.0
1659.0,476.0
1659.0,502.0
1662.0,521.0
1672.0,527.0
1676.0,519.0
1682.0,505.0
1689.0,500.0
1693.0,493.0
1693.0,497.0
1703.0,504.0
1709.0,517.0
1711.0,525.0
1722.0,525.0
1742.0,537.0
1766.0,543.0
1788.0,539.0
1817.0,535.0
1831.0,526.0
1839.0,518.0
1826.0,501.0
1829.0,498.0
1836.0,499.0
1850.0,499.0
1853.0,499.0
1852.0,496.0
1853.0,497.0
1851.0,495.0
1850.0,493.0
1849.0,495.0
