x,y
840.0,858.0
838.0,857.0
839.0,857.0
839.0,858.0
838.0,856.0
839.0,858.0
839.0,858.0
839.0,857.0
839.0,858.0
839.0,858.0
839.0,858.0
839.0,858.0
840.0,859.0
840.0,859.0
840.0,859.0
840.0,859.0
840.0,859.0
840.0,858.0
841.0,859.0
840.0,859.0
840.0,857.0
839.0,858.0
840.0,858.0
840.0,859.0
840.0,859.0
840.0,857.0
840.0,858.0
840.0,858.0
840.0,858.0
841.0,859.0
840.0,859.0
840.0,859.0
841.0,859.0
840.0,859.0
838.0,856.0
838.0,858.0
838.0,858.0
840.0,858.0
839.0,857.0
838.0,858.0
837.0,857.0
837.0,858.0
838.0,858.0
839.0,857.0
843.0,861.0
839.0,860.0
836.0,858.0
838.0,862.0
834.0,861.0
833.0,862.0
832.0,863.0
832.0,863.0
832.0,863.0
830.0,864.0
830.0,863.0
828.0,865.0
826.0,867.0
826.0,867.0
826.0,867.0
826.0,867.0
826.0,867.0
827.0,867.0
827.0,867.0
827.0,867.0
827.0,867.0
826.0,868.0
827.0,868.0
826.0,868.0
826.0,868.0
827.0,868.0
827.0,868.0
827.0,867.0
827.0,867.0
827.0,867.0
827.0,868.0
827.0,868.0
827.0,868.0
827.0,868.0
827.0,868.0
827.0,867.0
827.0,867.0
827.0,867.0
827.0,867.0
828.0,867.0
828.0,867.0
827.0,868.0
827.0,868.0
826.0,868.0
827.0,868.0
827.0,869.0
827.0,870.0
827.0,871.0
826.0,870.0
826.0,871.0
826.0,871.0
827.0,871.0
828.0,871.0
828.0,871.0
827.0,871.0
826.0,870.0
