x,y
1581.0,162.0
1311.0,194.0
1044.0,209.0
777.0,241.0
555.0,324.0
398.0,432.0
301.0,554.0
235.0,680.0
193.0,800.0
134.0,877.0
100.0,903.0
100.0,900.0
127.0,886.0
154.0,870.0
159.0,859.0
149.0,854.0
140.0,838.0
130.0,823.0
141.0,812.0
130.0,794.0
144.0,790.0
148.0,775.0
153.0,777.0
154.0,776.0
152.0,777.0
153.0,775.0
154.0,778.0
154.0,778.0
155.0,778.0
154.0,777.0
154.0,777.0
153.0,777.0
153.0,777.0
152.0,778.0
152.0,778.0
151.0,778.0
152.0,775.0
153.0,776.0
153.0,777.0
152.0,776.0
151.0,775.0
152.0,775.0
152.0,775.0
152.0,774.0
152.0,774.0
152.0,774.0
153.0,774.0
152.0,774.0
152.0,772.0
152.0,770.0
153.0,767.0
154.0,767.0
153.0,766.0
154.0,765.0
154.0,765.0
154.0,765.0
155.0,768.0
155.0,768.0
154.0,765.0
155.0,765.0
155.0,764.0
156.0,763.0
157.0,763.0
158.0,762.0
159.0,763.0
157.0,763.0
159.0,763.0
158.0,763.0
158.0,763.0
159.0,762.0
159.0,762.0
159.0,762.0
160.0,762.0
160.0,762.0
160.0,761.0
162.0,764.0
160.0,761.0
162.0,760.0
170.0,756.0
171.0,757.0
173.0,757.0
172.0,755.0
172.0,755.0
172.0,755.0
173.0,754.0
175.0,756.0
174.0,755.0
174.0,756.0
174.0,753.0
173.0,752.0
174.0,752.0
174.0,752.0
176.0,753.0
175.0,753.0
175.0,754.0
176.0,753.0
177.0,754.0
177.0,753.0
179.0,754.0
179.0,754.0
