x,y
959.4,886.6
959.2,885.8
959.0,885.0
959.0,883.0
959.625,885.875
960.25,888.75
960.875,891.625
961.5,894.5
962.125,897.375
962.75,900.25
963.375,903.125
964.0,906.0
977.0,902.25
990.0,898.5
1003.0,894.75
1016.0,891.0
1043.0,872.0
1070.0,853.0
1104.0,840.0
1145.0,834.0
1177.0,823.0
1224.0,806.0
1252.0,814.0
1290.0,830.0
1320.0,846.0
1342.0,857.0
1355.0,858.0
1369.0,846.0
1376.0,836.0
1382.0,837.0
1391.0,846.0
1398.0,853.0
1407.0,861.0
1416.0,866.0
1422.0,867.0
1436.0,857.0
1454.0,855.0
1466.0,859.0
1476.0,864.0
1477.0,865.0
1476.0,866.0
1478.0,864.0
1481.0,866.0
1483.0,865.0
1483.0,864.0
1482.0,864.0
1478.0,861.0
1474.0,853.0
1469.0,837.0
1461.0,820.0
1460.0,811.0
1459.0,803.0
1457.0,797.0
1462.0,795.0
1460.0,791.0
1495.5,795.0
1531.0,799.0
1538.0,770.0
1540.6153846153845,766.6153846153846
1543.2307692307693,763.2307692307693
1545.8461538461538,759.8461538461538
1548.4615384615386,756.4615384615385
1551.076923076923,753.0769230769231
1553.6923076923076,749.6923076923077
1556.3076923076924,746.3076923076923
1558.923076923077,742.9230769230769
1561.5384615384614,739.5384615384615
1564.1538461538462,736.1538461538462
1566.7692307692307,732.7692307692307
1569.3846153846155,729.3846153846154
1572.0,726.0
1574.6153846153845,722.6153846153846
1577.2307692307693,719.2307692307693
1579.8461538461538,715.8461538461538
1582.4615384615386,712.4615384615385
1585.076923076923,709.0769230769231
1587.6923076923076,705.6923076923077
1590.3076923076924,702.3076923076923
1592.923076923077,698.9230769230769
1595.5384615384614,695.5384615384615
1598.1538461538462,692.1538461538462
1600.7692307692307,688.7692307692307
1603.3846153846155,685.3846153846154
1606.0,682.0
1627.0,685.0
1629.0,682.0
1629.0,674.0
1630.0,675.0
1627.0,673.0
1630.0,668.0
1631.0,661.0
1639.0,661.0
1641.0,657.0
1643.0,657.0
1653.0,657.0
1654.0,660.0
1665.0,655.0
1674.0,659.0
1677.0,662.0
1678.0,661.0
