x,y
1398.0,687.0
1396.0,689.0
1396.0,691.0
1396.0,691.0
1396.0,690.0
1396.0,691.0
1397.0,691.0
1396.0,691.0
1396.0,689.0
1398.0,688.0
1397.0,687.0
1399.0,687.0
1398.0,687.0
1398.0,686.0
1399.0,687.0
1398.0,687.0
1398.0,686.0
1398.0,686.0
1399.0,686.0
1398.0,686.0
1398.0,686.0
1398.0,686.0
1398.0,686.0
1399.0,686.0
1399.0,686.0
1399.0,686.0
1398.0,686.0
1399.0,685.0
1399.0,686.0
1399.0,685.0
1399.0,686.0
1398.0,685.0
1398.0,686.0
1399.0,686.0
1399.0,686.0
1399.0,686.0
1399.0,685.0
1399.0,686.0
1399.0,686.0
1400.0,686.0
1399.0,685.0
1400.0,685.0
1400.0,686.0
1399.0,686.0
1399.0,685.0
1399.0,686.0
1400.0,686.0
1400.0,687.0
1401.0,685.0
1402.0,688.0
1402.0,685.0
1403.0,684.0
1403.0,684.0
1403.0,684.0
1403.0,684.0
1404.0,683.0
1404.0,683.0
1403.0,683.0
1403.0,683.0
1403.0,684.0
1403.0,684.0
1403.0,684.0
1403.0,684.0
1403.0,684.0
1404.0,683.0
1403.0,684.0
1403.0,684.0
1403.0,684.0
1403.0,684.0
1403.0,684.0
1404.0,684.0
1403.0,688.0
1405.0,689.0
1404.0,689.0
1404.0,689.0
1404.0,689.0
1408.0,690.0
1409.0,688.0
1410.0,687.0
1408.0,687.0
1409.0,686.0
1410.0,686.0
1409.0,686.0
1409.0,686.0
1409.0,686.0
1409.0,686.0
1408.0,686.0
1408.0,686.0
1408.0,686.0
1408.0,686.0
1408.0,686.0
1409.0,685.0
1409.0,685.0
1409.0,685.0
1410.0,680.0
1410.0,679.0
1410.0,679.0
1410.0,679.0
1410.0,678.0
1410.0,679.0
