x,y
216.0,806.0
216.0,805.0
217.0,805.0
216.0,807.0
216.0,807.0
217.0,806.0
217.0,806.0
216.0,806.0
216.0,806.0
216.0,806.0
215.0,805.0
215.0,803.0
215.0,803.0
215.0,803.0
215.0,803.0
215.0,803.0
215.0,803.0
215.0,803.0
215.0,803.0
216.0,803.0
216.0,802.0
215.0,804.0
215.0,802.0
216.0,802.0
216.0,802.0
216.0,802.0
214.0,804.0
214.0,804.0
215.0,804.0
214.0,803.0
214.0,803.0
214.0,803.0
216.0,802.0
215.0,802.0
215.0,803.0
216.0,803.0
217.0,803.0
217.0,803.0
215.0,803.0
213.0,802.0
214.0,801.0
216.0,802.0
216.0,802.0
216.0,802.0
217.0,803.0
216.0,802.0
217.0,802.0
216.0,802.0
215.0,801.0
214.0,801.0
215.0,801.0
215.0,802.0
214.0,803.0
214.0,802.0
214.0,802.0
215.0,801.0
214.0,801.0
214.0,802.0
213.0,803.0
214.0,802.0
214.0,803.0
214.0,802.0
217.0,800.0
213.0,801.0
214.0,801.0
216.0,799.0
216.0,800.0
217.0,800.0
216.0,800.0
216.0,801.0
214.0,801.0
214.0,801.0
214.0,800.0
213.0,800.0
215.0,798.0
215.0,798.0
215.0,798.0
216.0,799.0
215.0,798.0
213.0,799.0
214.0,799.0
217.0,799.0
214.0,798.0
214.0,799.0
214.0,799.0
214.0,798.0
217.0,799.0
216.0,798.0
217.0,798.0
217.0,798.0
214.0,798.0
214.0,798.0
214.0,798.0
214.0,798.0
215.0,798.0
217.0,798.0
217.0,798.0
214.0,798.0
214.0,798.0
214.0,799.0
