x,y
216.0,798.0
218.0,799.0
218.0,799.0
219.0,799.0
220.0,799.0
220.0,798.0
221.0,798.0
221.0,798.0
221.0,798.0
221.0,797.0
221.0,798.0
220.0,797.0
221.0,798.0
221.0,797.0
222.0,797.0
223.0,796.0
224.0,795.0
223.0,795.0
225.0,795.0
223.0,795.0
224.0,795.0
224.0,795.0
223.0,795.0
224.0,795.0
224.0,796.0
224.0,795.0
225.0,795.0
224.0,795.0
225.0,795.0
224.0,794.0
224.0,795.0
226.0,794.0
225.0,794.0
225.0,794.0
226.0,795.0
226.0,795.0
226.0,794.0
224.0,794.0
225.0,795.0
226.0,795.0
226.0,795.0
226.0,795.0
226.0,795.0
226.0,795.0
226.0,795.0
226.0,795.0
226.0,795.0
225.0,795.0
225.0,795.0
225.0,795.0
225.0,795.0
226.0,795.0
226.0,795.0
225.0,795.0
225.0,795.0
225.0,795.0
224.0,795.0
224.0,794.0
224.0,794.0
224.0,794.0
225.0,795.0
224.0,795.0
226.0,795.0
225.0,795.0
225.0,796.0
225.0,796.0
225.0,796.0
225.0,795.0
225.0,795.0
225.0,795.0
225.0,795.0
225.0,795.0
225.0,795.0
225.0,795.0
225.0,795.0
225.0,795.0
225.0,794.0
225.0,794.0
225.0,794.0
225.0,794.0
225.0,794.0
226.0,793.0
226.0,793.0
226.0,794.0
226.0,795.0
227.0,795.0
227.0,794.0
226.0,793.0
227.0,793.0
227.0,793.0
227.0,793.0
227.0,794.0
227.0,793.0
227.0,794.0
227.0,793.0
227.0,794.0
228.0,794.0
227.0,794.0
227.0,794.0
227.0,795.0
