x,y
1825.0,500.0
1806.0,447.0
1792.0,404.0
1762.0,383.0
1734.0,391.0
1720.0,402.0
1694.0,405.0
1694.0,408.0
1689.0,403.0
1675.0,402.0
1674.0,400.0
1672.0,396.0
1672.0,391.0
1672.0,393.0
1674.0,398.0
1684.0,400.0
1687.0,408.0
1701.0,426.0
1703.0,473.0
1694.0,512.0
1669.0,568.0
1643.0,636.0
1601.0,692.0
1541.0,730.0
1488.0,753.0
1444.0,773.0
1417.0,807.0
1385.0,851.0
1354.0,889.0
1311.0,907.0
1253.0,932.0
1211.0,944.0
1183.0,965.0
1158.0,979.0
1152.0,981.0
1150.0,976.0
1139.0,980.0
1128.0,986.0
1120.0,990.0
1110.0,987.0
1104.0,989.0
1097.0,992.0
1088.0,997.0
1079.0,995.0
1072.0,989.0
1066.0,974.0
1066.0,973.0
1063.0,973.0
1060.0,974.0
1065.0,976.0
1062.0,979.0
1065.0,978.0
1069.0,976.0
1072.0,980.0
1066.0,978.0
1067.0,977.0
1064.0,977.0
1065.0,977.0
1069.0,975.0
1069.0,976.0
1070.0,977.0
1066.0,978.0
1065.0,979.0
1068.0,976.0
1064.0,980.0
1066.0,997.0
1051.0,1010.0
1022.0,1017.0
976.0,1041.0
925.0,1072.0
