x,y
677.0,813.0
674.0,817.0
674.0,817.0
674.0,817.0
674.0,817.0
674.0,817.0
677.0,812.0
677.0,812.0
678.0,812.0
686.0,820.0
684.0,820.0
685.0,818.0
685.0,818.0
684.0,818.0
684.0,816.0
684.0,816.0
678.0,813.0
684.0,816.0
677.0,812.0
678.0,811.0
678.0,811.0
678.0,810.0
678.0,810.0
678.0,811.0
679.0,811.0
679.0,811.0
680.0,810.0
681.0,810.0
681.0,810.0
682.0,809.0
683.0,809.0
683.0,808.0
683.0,808.0
683.0,808.0
683.0,807.0
684.0,806.0
682.0,806.0
682.0,805.0
681.0,805.0
681.0,805.0
681.0,805.0
681.0,805.0
680.0,805.0
681.0,804.0
679.0,804.0
681.0,804.0
679.0,803.0
679.0,800.0
679.0,800.0
680.0,800.0
680.0,800.0
679.0,800.0
683.0,801.0
683.0,801.0
683.0,801.0
684.0,801.0
684.0,801.0
685.0,801.0
686.0,801.0
685.0,801.0
685.0,801.0
686.0,801.0
685.0,801.0
684.0,801.0
682.0,800.0
681.0,799.0
681.0,799.0
682.0,799.0
682.0,799.0
682.0,799.0
682.0,799.0
683.0,799.0
683.0,799.0
683.0,799.0
682.0,799.0
682.0,798.0
679.0,797.0
679.0,796.0
679.0,796.0
678.0,796.0
678.0,794.0
678.0,794.0
678.0,794.0
678.0,794.0
678.0,794.0
677.0,794.0
678.0,794.0
678.0,794.0
678.0,795.0
677.0,794.0
677.0,792.0
677.0,790.0
677.0,790.0
677.0,790.0
677.0,790.0
676.0,790.0
675.0,789.0
676.0,789.0
675.0,789.0
674.0,790.0
