x,y
1907.0,657.0
1846.0,634.0
1766.0,613.0
1680.0,584.0
1602.0,541.0
1517.0,504.0
1427.0,474.0
1343.0,453.0
1264.0,448.0
1190.0,439.0
1121.0,429.0
1059.0,414.0
998.0,394.0
940.0,378.0
880.0,364.0
844.0,356.0
806.0,359.0
778.0,358.0
757.0,356.0
741.0,356.0
737.0,360.0
738.0,362.0
734.0,358.0
735.0,369.0
736.0,368.0
732.0,372.0
738.0,369.0
735.0,371.0
730.0,368.0
732.0,371.0
738.0,370.0
733.0,371.0
737.0,368.0
737.0,369.0
731.0,372.0
730.0,370.0
729.0,371.0
729.0,370.0
730.0,371.0
735.0,368.0
736.0,368.0
730.0,371.0
730.0,372.0
729.0,371.0
735.0,367.0
729.0,371.0
729.0,371.0
735.0,368.0
728.0,371.0
735.0,368.0
728.0,370.0
728.0,372.0
728.0,373.0
735.0,369.0
734.0,369.0
735.0,369.0
735.0,369.0
733.0,376.0
734.0,372.0
726.0,373.0
729.0,373.0
730.0,375.0
729.0,375.0
729.0,375.0
731.0,377.0
728.0,375.0
728.0,375.0
728.0,375.0
728.0,376.0
728.0,376.0
728.0,376.0
728.0,377.0
729.0,378.0
728.0,380.0
728.0,380.0
719.0,384.0
719.0,384.0
719.0,384.0
717.0,385.0
715.0,387.0
717.0,387.0
715.0,388.0
717.0,388.0
716.0,388.0
714.0,388.0
714.0,388.0
714.0,388.0
713.0,388.0
713.0,388.0
713.0,387.0
713.0,386.0
712.0,385.0
710.0,386.0
710.0,386.0
709.0,385.0
709.0,383.0
707.0,383.0
707.0,382.0
712.0,384.0
713.0,381.0
