x,y
364.0,83.0
362.0,83.0
363.0,83.0
363.0,83.0
363.0,83.0
363.0,83.0
363.0,83.0
363.0,83.0
363.0,83.0
363.0,83.0
363.0,83.0
363.0,83.0
363.0,83.0
363.0,84.0
362.0,83.0
360.0,83.0
360.0,83.0
360.0,83.0
361.0,83.0
360.0,83.0
360.0,83.0
360.0,83.0
360.0,85.0
360.0,85.0
360.0,84.0
360.0,84.0
360.0,85.0
360.0,85.0
359.0,86.0
351.0,82.0
350.0,81.0
349.0,81.0
349.0,81.0
349.0,81.0
349.0,81.0
349.0,81.0
349.0,82.0
349.0,82.0
349.0,82.0
349.0,82.0
352.0,84.0
349.0,83.0
346.0,84.0
344.0,84.0
343.0,84.0
342.0,84.0
342.0,85.0
342.0,85.0
342.0,85.0
341.0,84.0
340.0,85.0
340.0,85.0
339.0,84.0
340.0,84.0
341.0,85.0
341.0,85.0
340.0,84.0
340.0,85.0
340.0,85.0
340.0,85.0
340.0,86.0
340.0,85.0
340.0,85.0
340.0,85.0
340.0,84.0
339.0,84.0
339.0,84.0
339.0,83.0
339.0,83.0
336.0,86.0
336.0,87.0
334.0,86.0
333.0,86.0
332.0,86.0
331.0,83.0
331.0,83.0
330.0,83.0
331.0,83.0
331.0,83.0
330.0,83.0
328.0,79.0
334.0,78.0
331.0,82.0
333.0,79.0
331.0,84.0
332.0,77.0
332.0,77.0
327.0,79.0
330.0,77.0
328.0,77.0
329.0,77.0
329.0,75.0
329.0,76.0
329.0,77.0
329.0,77.0
328.0,77.0
328.0,78.0
328.0,77.0
328.0,77.0
328.0,77.0
