x,y
942.0,893.0
941.0,895.0
943.0,898.0
944.0,900.0
946.0,915.0
943.0,921.0
934.0,914.0
916.0,906.0
893.0,909.0
861.0,901.0
834.0,883.0
813.0,863.0
800.0,830.0
790.0,795.0
779.0,751.0
759.0,702.0
745.0,659.0
711.0,619.0
673.0,582.0
636.0,546.0
608.0,508.0
588.0,463.0
576.0,412.0
568.0,359.0
549.0,316.0
529.0,269.0
488.0,239.0
473.0,203.0
461.0,167.0
448.0,148.0
441.0,124.0
436.0,104.0
432.0,89.0
424.0,85.0
403.0,77.0
399.0,72.0
386.0,72.0
384.0,67.0
377.0,66.0
366.0,70.0
369.0,78.0
366.0,78.0
363.0,73.0
363.0,74.0
362.0,73.0
362.0,74.0
362.0,74.0
362.0,74.0
362.0,74.0
362.0,74.0
363.0,74.0
363.0,74.0
363.0,74.0
362.0,69.0
365.0,74.0
365.0,70.0
365.0,74.0
365.0,74.0
365.0,74.0
365.0,76.0
367.0,79.0
367.0,79.0
364.0,71.0
363.0,72.0
363.0,72.0
363.0,72.0
365.0,80.0
362.0,72.0
365.0,81.0
364.0,81.0
363.0,81.0
364.0,81.0
361.0,74.0
363.0,81.0
363.0,81.0
363.0,81.0
363.0,81.0
363.0,82.0
363.0,82.0
363.0,82.0
363.0,82.0
363.0,82.0
363.0,82.0
363.0,82.0
363.0,82.0
363.0,82.0
363.0,82.0
363.0,82.0
363.0,82.0
363.0,83.0
362.0,82.0
363.0,82.0
362.0,82.0
362.0,82.0
362.0,82.0
362.0,83.0
363.0,83.0
363.0,83.0
363.0,83.0
364.0,83.0
