x,y
946.0,907.0
941.0,912.0
946.0,907.0
941.0,913.0
941.0,913.0
945.0,907.0
941.0,914.0
942.0,914.0
946.0,910.0
945.0,909.0
945.0,910.0
944.0,909.0
944.0,907.0
943.0,906.0
942.0,904.0
942.0,900.0
941.0,900.0
941.0,899.0
941.0,900.0
942.0,900.0
941.0,899.0
941.0,899.0
942.0,899.0
941.0,899.0
940.0,898.0
941.0,899.0
941.0,898.0
940.0,898.0
940.0,898.0
940.0,898.0
940.0,898.0
939.0,898.0
939.0,896.0
939.0,896.0
937.0,893.0
937.0,891.0
936.0,893.0
937.0,892.0
938.0,893.0
938.0,893.0
938.0,894.0
938.0,894.0
938.0,894.0
938.0,894.0
937.0,894.0
938.0,893.0
938.0,893.0
937.0,892.0
938.0,892.0
938.0,891.0
938.0,891.0
938.0,891.0
938.0,891.0
938.0,891.0
937.0,891.0
937.0,891.0
937.0,891.0
937.0,891.0
937.0,892.0
937.0,891.0
938.0,891.0
939.0,890.0
941.0,889.0
939.0,886.0
935.0,892.0
936.0,893.0
937.0,893.0
936.0,892.0
947.0,877.0
946.0,877.0
947.0,877.0
947.0,878.0
948.0,877.0
948.0,878.0
947.0,880.0
947.0,879.0
946.0,878.0
947.0,877.0
949.0,876.0
950.0,876.0
949.0,875.0
950.0,876.0
948.0,876.0
948.0,877.0
949.0,877.0
949.0,877.0
949.0,877.0
948.0,878.0
948.0,878.0
948.0,878.0
948.0,878.0
948.0,876.0
949.0,876.0
950.0,877.0
950.0,877.0
951.0,878.0
943.0,885.0
942.0,887.0
939.0,888.0
940.0,890.0
