x,y
328.0,77.0
328.0,77.0
328.0,77.0
328.0,76.0
328.0,76.0
328.0,76.0
328.0,76.0
327.0,76.0
327.0,77.0
327.0,77.0
327.0,77.0
326.0,76.0
326.0,75.0
326.0,75.0
326.0,75.0
326.0,75.0
326.0,75.0
326.0,75.0
326.0,75.0
326.0,75.0
326.0,75.0
326.0,74.0
327.0,74.0
327.0,74.0
326.0,73.0
326.0,72.0
326.0,70.0
327.0,70.0
327.0,71.0
328.0,70.0
330.0,70.0
330.0,69.0
330.0,69.0
333.0,68.0
333.0,68.0
333.0,68.0
333.0,68.0
334.0,68.0
333.0,69.0
333.0,69.0
333.0,68.0
333.0,68.0
333.0,68.0
333.0,68.0
333.0,68.0
333.0,68.0
333.0,68.0
333.0,67.0
334.0,67.0
334.0,67.0
334.0,68.0
333.0,67.0
333.0,67.0
334.0,68.0
334.0,68.0
333.0,68.0
334.0,68.0
334.0,68.0
334.0,68.0
334.0,68.0
334.0,68.0
334.0,68.0
334.0,68.0
334.0,68.0
334.0,67.0
334.0,67.0
334.0,67.0
334.0,67.0
335.0,67.0
334.0,67.0
335.0,67.0
335.0,67.0
337.0,68.0
337.0,69.0
336.0,69.0
337.0,69.0
337.0,69.0
337.0,70.0
338.0,69.0
338.0,69.0
338.0,68.0
338.0,69.0
338.0,69.0
338.0,69.0
338.0,69.0
338.0,69.0
338.0,69.0
338.0,69.0
338.0,69.0
338.0,70.0
337.0,69.0
337.0,69.0
338.0,69.0
338.0,67.0
338.0,68.0
338.0,67.0
337.0,68.0
337.0,68.0
337.0,68.0
338.0,67.0
