x,y
1674.0,718.0
1674.0,717.0
1672.0,714.0
1672.0,713.0
1672.0,711.0
1673.0,709.0
1676.0,708.0
1676.0,710.0
1674.0,709.0
1676.0,708.0
1676.0,709.0
1674.0,708.0
1673.0,709.0
1674.0,709.0
1673.0,708.0
1673.0,708.0
1673.0,709.0
1672.0,709.0
1673.0,708.0
1672.0,710.0
1675.0,713.0
1676.0,715.0
1676.0,717.0
1686.0,719.0
1692.0,719.0
1695.0,724.0
1705.0,732.0
1722.0,728.0
1735.0,709.0
1749.0,690.0
1755.0,669.0
1754.0,638.0
1758.0,599.0
1760.0,548.0
1746.0,497.0
1716.0,468.0
1671.0,443.0
1619.0,421.0
1557.0,407.0
1507.0,422.0
1456.0,449.0
1435.0,490.0
1395.0,534.0
1352.0,575.0
1299.0,602.0
1244.0,633.0
1190.0,672.0
1131.0,707.0
1086.0,748.0
1042.0,793.0
998.0,833.0
996.0,902.0
980.0,956.0
964.0,986.0
958.0,994.0
959.0,998.0
964.0,994.0
961.0,981.0
956.0,968.0
951.0,959.0
941.0,953.0
938.0,937.0
942.0,937.0
939.0,941.0
940.0,932.0
940.0,927.0
946.0,925.0
944.0,919.0
946.0,915.0
946.0,910.0
945.0,910.0
944.0,910.0
952.0,912.0
953.0,912.0
947.0,918.0
949.0,911.0
948.0,911.0
946.0,911.0
946.0,911.0
947.0,909.0
946.0,910.0
946.0,911.0
946.0,911.0
946.0,911.0
946.0,911.0
946.0,910.0
946.0,911.0
945.0,910.0
946.0,910.0
946.0,910.0
946.0,910.0
946.0,910.0
946.0,910.0
945.0,910.0
945.0,910.0
940.0,907.0
939.0,906.0
939.0,907.0
941.0,911.0
941.0,912.0
