x,y
8.0,500.0
38.0,482.0
91.0,508.0
127.0,503.0
162.0,491.0
190.0,471.0
227.0,457.0
247.0,434.0
261.0,425.0
277.0,412.0
284.0,391.0
288.0,373.0
298.0,365.0
310.0,354.0
312.0,353.0
328.0,347.0
338.0,346.0
333.0,343.0
340.0,345.0
340.0,343.0
343.0,341.0
344.0,342.0
345.0,344.0
349.0,350.0
357.0,361.0
358.0,359.0
357.0,359.0
356.0,365.0
352.0,358.0
354.0,363.0
352.0,364.0
354.0,367.0
352.0,365.0
363.0,359.0
354.0,367.0
356.0,369.0
359.0,370.0
356.0,372.0
355.0,372.0
358.0,371.0
357.0,376.0
355.0,376.0
357.0,376.0
358.0,376.0
355.0,376.0
357.0,375.0
358.0,376.0
356.0,376.0
354.0,378.0
355.0,378.0
356.0,378.0
355.0,380.0
356.0,380.0
355.0,380.0
354.0,381.0
355.0,381.0
357.0,381.0
355.0,382.0
354.0,381.0
355.0,381.0
353.0,382.0
354.0,381.0
354.0,382.0
354.0,384.0
352.0,384.0
352.0,384.0
353.0,384.0
352.0,385.0
352.0,385.0
352.0,387.0
351.0,386.0
352.0,389.0
352.0,389.0
352.0,386.0
351.0,390.0
351.0,392.0
350.0,388.0
350.0,392.0
350.0,392.0
351.0,389.0
350.0,393.0
350.0,392.0
353.0,388.0
357.0,390.0
353.0,391.0
350.0,391.0
352.0,394.0
355.0,397.0
353.0,394.0
354.0,395.0
355.0,396.0
354.0,394.0
355.0,396.0
356.0,395.0
359.0,394.0
360.0,393.0
360.0,394.0
359.0,395.0
362.0,391.0
362.0,394.0
