x,y
1183.0,864.0
1202.0,878.0
1215.0,882.0
1223.0,878.0
1224.0,881.0
1229.0,874.0
1227.0,873.0
1225.0,874.0
1225.0,874.0
1218.0,873.0
1226.0,875.0
1230.0,874.0
1223.0,871.0
1226.0,875.0
1225.0,874.0
1221.0,872.0
1221.0,871.0
1222.0,867.0
1222.0,867.0
1222.0,870.0
1221.0,870.0
1223.0,865.0
1221.0,867.0
1220.0,869.0
1220.0,870.0
1220.0,870.0
1220.0,871.0
1220.0,869.0
1220.0,866.0
1220.0,866.0
1219.0,868.0
1219.0,868.0
1219.0,868.0
1220.0,867.0
1219.0,866.0
1219.0,867.0
1220.0,868.0
1219.0,867.0
1219.0,866.0
1218.0,868.0
1218.0,867.0
1217.0,865.0
1216.0,865.0
1216.0,861.0
1217.0,859.0
1217.0,859.0
1216.0,859.0
1216.0,859.0
1216.0,859.0
1216.0,859.0
1216.0,859.0
1216.0,858.0
1213.0,858.0
1213.0,858.0
1213.0,857.0
1212.0,856.0
1214.0,856.0
1216.0,857.0
1214.0,857.0
1212.0,854.0
1211.0,853.0
1211.0,853.0
1211.0,851.0
1211.0,848.0
1214.0,848.0
1213.0,847.0
1212.0,846.0
1212.0,847.0
1213.0,845.0
1213.0,847.0
1210.0,846.0
1211.0,845.0
1212.0,846.0
1213.0,845.0
1214.0,845.0
1214.0,844.0
1214.0,843.0
1214.0,843.0
1214.0,844.0
1214.0,844.0
1212.0,843.0
1213.0,843.0
1213.0,844.0
1213.0,844.0
1214.0,844.0
1214.0,843.0
1214.0,842.0
1216.0,840.0
1216.0,840.0
1217.0,841.0
1219.0,841.0
1218.0,842.0
1219.0,842.0
1220.0,842.0
1219.0,842.0
1219.0,842.0
1219.0,841.0
1219.0,841.0
1219.0,841.0
1219.0,841.0
