x,y
434.0,549.0
434.0,549.0
433.0,549.0
434.0,549.0
433.0,549.0
433.0,549.0
433.0,549.0
433.0,549.0
432.0,549.0
431.0,549.0
432.0,550.0
431.0,551.0
432.0,551.0
431.0,550.0
430.0,549.0
430.0,547.0
428.0,543.0
430.0,545.0
429.0,544.0
428.0,543.0
426.0,543.0
427.0,543.0
428.0,544.0
428.0,544.0
427.0,543.0
428.0,543.0
428.0,542.0
430.0,543.0
428.0,546.0
430.0,544.0
428.0,546.0
427.0,543.0
428.0,546.0
430.0,544.0
429.0,545.0
430.0,545.0
429.0,545.0
427.0,543.0
426.0,543.0
425.0,543.0
424.0,549.0
423.0,548.0
428.0,546.0
422.0,550.0
422.0,552.0
415.0,553.0
417.0,552.0
406.0,550.0
404.0,546.0
402.0,550.0
401.0,561.0
399.0,586.0
392.0,612.0
384.0,658.0
365.0,694.0
336.0,734.0
319.0,769.0
298.0,797.0
281.0,816.0
266.0,826.0
248.0,845.0
241.0,877.0
256.0,900.0
271.0,935.0
299.0,965.0
331.0,998.0
371.0,1018.0
422.0,1026.0
472.0,1021.0
516.0,1027.0
569.0,1011.0
615.0,1013.0
665.0,1012.0
706.0,1024.0
748.0,1021.0
783.0,1026.0
825.0,1026.0
870.0,1050.0
