x,y
960.0,880.0
959.0,880.0
959.0,880.0
959.0,881.0
960.0,878.0
960.0,880.0
961.0,880.0
961.0,880.0
961.0,880.0
961.0,880.0
960.0,880.0
961.0,880.0
962.0,881.0
961.0,880.0
961.0,881.0
961.0,875.0
963.0,876.0
959.0,874.0
962.0,876.0
962.0,876.0
963.0,876.0
963.0,875.0
963.0,875.0
962.0,875.0
962.0,877.0
962.0,879.0
961.0,880.0
961.0,880.0
970.0,889.0
971.0,891.0
969.0,888.0
965.0,873.0
963.0,854.0
958.0,826.0
959.0,802.0
945.0,763.0
929.0,726.0
927.0,695.0
924.0,682.0
903.0,655.0
890.0,648.0
877.0,647.0
873.0,642.0
870.0,637.0
869.0,634.0
872.0,627.0
876.0,615.0
879.0,602.0
887.0,590.0
898.0,581.0
905.0,576.0
912.0,567.0
918.0,552.0
927.0,546.0
939.0,530.0
949.0,519.0
953.0,511.0
959.0,508.0
963.0,505.0
963.0,502.0
969.0,503.0
971.0,505.0
964.0,506.0
972.0,506.0
976.0,516.0
984.0,520.0
1014.0,528.0
1044.0,531.0
1078.0,547.0
1104.0,577.0
1117.0,605.0
1143.0,650.0
1157.0,694.0
1173.0,735.0
1199.0,768.0
1233.0,793.0
1261.0,821.0
1287.0,844.0
1307.0,874.0
1320.0,893.0
1330.0,913.0
1341.0,936.0
1343.0,956.0
1352.0,986.0
1359.0,1007.0
1368.0,1024.0
1373.0,1033.0
1374.0,1037.0
1384.0,1033.0
1387.0,1031.0
1403.0,1018.0
1412.0,1001.0
1426.0,987.0
1439.0,986.0
1454.0,984.0
1465.0,985.0
1472.0,985.0
1477.0,985.0
1477.0,975.0
1477.0,966.0
