x,y
1869.0,394.0
1868.0,394.0
1868.0,393.0
1874.0,397.0
1874.0,397.0
1874.0,396.0
1874.0,396.0
1875.0,395.0
1874.0,395.0
1874.0,396.0
1873.0,395.0
1868.0,391.0
1868.0,393.0
1868.0,392.0
1868.0,392.0
1868.0,392.0
1868.0,392.0
1867.0,392.0
1868.0,392.0
1867.0,392.0
1864.0,395.0
1864.0,392.0
1864.0,394.0
1863.0,394.0
1863.0,394.0
1862.0,391.0
1863.0,392.0
1863.0,392.0
1865.0,390.0
1862.0,391.0
1864.0,389.0
1862.0,390.0
1862.0,388.0
1860.0,392.0
1859.0,392.0
1862.0,396.0
1862.0,396.0
1861.0,396.0
1861.0,398.0
1862.0,398.0
1861.0,394.0
1862.0,394.0
1864.0,397.0
1863.0,395.0
1860.0,393.0
1859.0,391.0
1853.0,394.0
1853.0,394.0
1851.0,393.0
1851.0,392.0
1852.0,390.0
1850.0,390.0
1852.0,389.0
1856.0,388.0
1853.0,388.0
1851.0,385.0
1851.0,383.0
1854.0,386.0
1854.0,389.0
1854.0,388.0
1854.0,388.0
1855.0,384.0
1857.0,384.0
1853.0,379.0
1851.0,373.0
1852.0,371.0
1851.0,367.0
1845.0,370.0
1843.0,367.0
1834.0,362.0
1828.0,360.0
1824.0,361.0
1821.0,359.0
1815.0,360.0
1808.0,362.0
1795.0,368.0
1780.0,375.0
1767.0,390.0
1750.0,378.0
1740.0,363.0
1712.0,334.0
1701.0,312.0
1679.0,288.0
1658.0,282.0
1652.0,279.0
1652.0,266.0
1643.0,250.0
1637.0,234.0
1632.0,218.0
1626.0,200.0
1617.0,184.0
1605.0,175.0
1596.0,158.0
1590.0,138.0
1591.0,110.0
1609.0,83.0
1615.0,51.0
1622.0,24.0
1637.0,4.0
