x,y
1215.0,186.0
1215.0,187.0
1215.0,187.0
1215.0,187.0
1215.0,187.0
1216.0,187.0
1215.0,187.0
1215.0,187.0
1215.0,186.0
1215.0,187.0
1214.0,186.0
1214.0,186.0
1214.0,186.0
1213.0,186.0
1214.0,186.0
1215.0,185.0
1215.0,187.0
1216.0,187.0
1217.0,186.0
1216.0,185.0
1216.0,185.0
1219.0,184.0
1220.0,184.0
1220.0,184.0
1219.0,185.0
1220.0,185.0
1221.0,184.0
1221.0,185.0
1219.0,188.0
1220.0,187.0
1220.0,187.0
1219.0,187.0
1219.0,187.0
1220.0,187.0
1219.0,187.0
1219.0,187.0
1219.0,187.0
1219.0,187.0
1219.0,187.0
1219.0,185.0
1219.0,187.0
1218.0,186.0
1219.0,186.0
1220.0,186.0
1220.0,186.0
1223.0,182.0
1226.0,180.0
1226.0,181.0
1227.0,180.0
1226.0,179.0
1226.0,180.0
1226.0,181.0
1226.0,180.0
1226.0,180.0
1226.0,179.0
1225.0,181.0
1224.0,182.0
1223.0,184.0
1223.0,185.0
1221.0,186.0
1222.0,185.0
1221.0,185.0
1225.0,180.0
1226.0,181.0
1226.0,181.0
1227.0,182.0
1226.0,181.0
1226.0,180.0
1228.0,182.0
1224.0,179.0
1221.0,188.0
1222.0,188.0
1222.0,189.0
1221.0,190.0
1220.0,189.0
1221.0,188.0
1222.0,188.0
1222.0,188.0
1222.0,185.0
1222.0,188.0
1222.0,188.0
1222.0,188.0
1223.0,189.0
1222.0,189.0
1222.0,188.0
1222.0,189.0
1222.0,190.0
1223.0,189.0
1222.0,189.0
1222.0,189.0
1221.0,189.0
1222.0,186.0
1219.0,188.0
1217.0,191.0
1217.0,191.0
1217.0,189.0
1217.0,189.0
1220.0,190.0
1220.0,190.0
1218.0,191.0
