x,y
1465.0,1018.0
1465.0,1003.0
1459.0,990.0
1436.0,974.0
1406.0,960.0
1369.0,955.0
1329.0,957.0
1286.0,962.0
1237.0,964.0
1189.0,965.0
1148.0,965.0
1125.0,960.0
1113.0,954.0
1109.0,948.0
1107.0,940.0
1102.0,937.0
1098.0,929.0
1091.0,929.0
1093.0,930.0
1091.0,934.0
1100.0,938.0
1101.0,931.0
1092.0,936.0
1092.0,935.0
1092.0,931.0
1092.0,933.0
1091.0,923.0
1096.0,927.0
1097.0,920.0
1103.0,919.0
1101.0,918.0
1099.0,922.0
1099.0,921.0
1100.0,921.0
1100.0,921.0
1100.0,921.0
1100.0,921.0
1099.0,922.0
1099.0,921.0
1099.0,921.0
1099.0,921.0
1099.0,921.0
1099.0,921.0
1099.0,921.0
1100.0,922.0
1100.0,921.0
1100.0,921.0
1097.0,915.0
1096.0,914.0
1097.0,913.0
1097.0,913.0
1096.0,913.0
1096.0,913.0
1096.0,913.0
1094.0,913.0
1095.0,913.0
1095.0,914.0
1096.0,913.0
1096.0,913.0
1096.0,913.0
1097.0,914.0
1097.0,914.0
1096.0,913.0
1097.0,913.0
1102.0,917.0
1101.0,917.0
1104.0,913.0
1105.0,911.0
1105.0,910.0
1105.0,908.0
1106.0,909.0
1106.0,909.0
1108.0,909.0
1107.0,907.0
1105.0,908.0
1105.0,908.0
1104.0,908.0
1104.0,908.0
1096.0,905.0
1096.0,905.0
1104.0,909.0
1119.0,910.0
1104.0,910.0
1096.0,905.0
1096.0,906.0
1095.0,906.0
1096.0,905.0
1096.0,906.0
1096.0,906.0
1095.0,906.0
1095.0,905.0
1097.0,906.0
1096.0,905.0
1094.0,904.0
1093.0,905.0
1092.0,908.0
1094.0,907.0
1089.0,909.0
1094.0,908.0
1091.0,907.0
