x,y
1158.0,647.0
1158.0,647.0
1160.0,645.0
1160.0,645.0
1160.0,646.0
1160.0,645.0
1159.0,645.0
1159.0,645.0
1159.0,646.0
1158.0,645.0
1160.0,643.0
1161.0,640.0
1164.0,634.0
1164.0,635.0
1158.0,635.0
1158.0,634.0
1158.0,635.0
1156.0,636.0
1156.0,636.0
1157.0,635.0
1156.0,635.0
1157.0,636.0
1156.0,635.0
1156.0,635.0
1156.0,635.0
1157.0,635.0
1156.0,634.0
1156.0,634.0
1156.0,635.0
1156.0,635.0
1157.0,635.0
1156.0,635.0
1156.0,635.0
1155.0,634.0
1155.0,635.0
1155.0,635.0
1154.0,635.0
1154.0,634.0
1156.0,633.0
1155.0,632.0
1155.0,631.0
1155.0,630.0
1156.0,631.0
1156.0,632.0
1156.0,634.0
1157.0,633.0
1157.0,634.0
1158.0,634.0
1158.0,634.0
1158.0,635.0
1158.0,634.0
1157.0,634.0
1157.0,633.0
1157.0,634.0
1158.0,634.0
1157.0,634.0
1157.0,633.0
1158.0,632.0
1154.0,629.0
1150.0,626.0
1149.0,626.0
1149.0,626.0
1152.0,628.0
1149.0,627.0
1151.0,629.0
1152.0,630.0
1151.0,629.0
1151.0,628.0
1152.0,629.0
1152.0,629.0
1151.0,629.0
1152.0,630.0
1152.0,630.0
1153.0,630.0
1151.0,628.0
1150.0,628.0
1150.0,628.0
1149.0,628.0
1149.0,628.0
1149.0,629.0
1150.0,629.0
1150.0,629.0
1150.0,629.0
1150.0,628.0
1150.0,629.0
1150.0,629.0
1151.0,628.0
1148.0,627.0
1148.0,623.0
1143.0,626.0
1145.0,627.0
1144.0,626.0
1144.0,626.0
1143.0,626.0
1143.0,625.0
1143.0,625.0
1143.0,625.0
1144.0,626.0
1145.0,626.0
1144.0,626.0
