x,y
1144.0,625.0
1144.0,625.0
1142.0,625.0
1147.0,625.0
1141.0,626.0
1144.0,629.0
1142.0,632.0
1140.0,633.0
1139.0,634.0
1139.0,633.0
1136.0,635.0
1135.0,633.0
1136.0,633.0
1135.0,632.0
1136.0,632.0
1137.0,632.0
1137.0,631.0
1137.0,632.0
1137.0,632.0
1137.0,632.0
1137.0,632.0
1137.0,632.0
1136.0,631.0
1136.0,632.0
1135.0,632.0
1136.0,632.0
1136.0,632.0
1135.0,632.0
1136.0,633.0
1135.0,633.0
1135.0,634.0
1135.0,634.0
1135.0,635.0
1136.0,634.0
1135.0,635.0
1135.0,636.0
1137.0,637.0
1138.0,638.0
1138.0,638.0
1139.0,638.0
1139.0,639.0
1139.0,638.0
1138.0,639.0
1138.0,638.0
1139.0,638.0
1139.0,639.0
1139.0,638.0
1134.0,640.0
1139.0,638.0
1142.0,638.0
1140.0,638.0
1142.0,638.0
1141.0,639.0
1143.0,639.0
1141.0,641.0
1143.0,642.0
1143.0,643.0
1143.0,642.0
1147.0,644.0
1148.0,641.0
1148.0,639.0
1150.0,640.0
1149.0,640.0
1149.0,640.0
1150.0,641.0
1150.0,640.0
1149.0,641.0
1147.0,639.0
1146.0,638.0
1150.0,640.0
1146.0,638.0
1146.0,638.0
1146.0,638.0
1145.0,639.0
1145.0,639.0
1145.0,639.0
1145.0,639.0
1146.0,639.0
1146.0,639.0
1150.0,641.0
1146.0,639.0
1146.0,638.0
1145.0,639.0
1146.0,639.0
1145.0,639.0
1146.0,638.0
1149.0,636.0
1150.0,636.0
1148.0,635.0
1149.0,634.0
1153.0,638.0
1150.0,634.0
1150.0,633.0
1153.0,639.0
1150.0,633.0
1151.0,631.0
1150.0,631.0
1150.0,630.0
1151.0,631.0
1151.0,631.0
