x,y
1153.0,457.0
1153.0,457.0
1153.0,457.0
1153.0,457.0
1154.0,457.0
1152.0,458.0
1152.0,459.0
1150.0,460.0
1150.0,460.0
1150.0,461.0
1150.0,461.0
1149.0,462.0
1149.0,462.0
1148.0,464.0
1149.0,464.0
1149.0,464.0
1148.0,465.0
1148.0,464.0
1148.0,464.0
1148.0,463.0
1148.0,464.0
1148.0,465.0
1148.0,464.0
1147.0,465.0
1146.0,465.0
1147.0,464.0
1146.0,464.0
1146.0,465.0
1145.0,465.0
1145.0,465.0
1144.0,466.0
1144.0,466.0
1144.0,466.0
1145.0,465.0
1146.0,465.0
1146.0,463.0
1146.0,463.0
1145.0,464.0
1143.0,465.0
1144.0,465.0
1144.0,465.0
1145.0,464.0
1146.0,464.0
1145.0,464.0
1146.0,464.0
1147.0,465.0
1147.0,464.0
1147.0,463.0
1149.0,461.0
1151.0,460.0
1154.0,461.0
1154.0,468.0
1158.0,484.0
1141.0,491.0
1122.0,495.0
1097.0,498.0
1071.0,486.0
1048.0,477.0
1031.0,464.0
1009.0,452.0
992.0,444.0
984.0,443.0
970.0,447.0
968.0,455.0
959.0,457.0
959.0,452.0
953.0,451.0
955.0,456.0
953.0,451.0
950.0,462.0
948.0,462.0
944.0,457.0
939.0,457.0
944.0,453.0
942.0,456.0
940.0,456.0
937.0,457.0
937.0,457.0
938.0,456.0
939.0,456.0
938.0,456.0
939.0,456.0
939.0,455.0
939.0,455.0
938.0,457.0
937.0,456.0
933.0,454.0
931.0,455.0
929.0,454.0
930.0,454.0
930.0,454.0
930.0,454.0
931.0,454.0
931.0,454.0
931.0,454.0
931.0,454.0
931.0,454.0
931.0,455.0
931.0,455.0
931.0,456.0
