x,y
982.0,798.0
981.0,818.0
980.0,835.0
982.0,839.0
981.0,841.0
983.0,840.0
968.0,845.0
965.0,859.0
961.0,857.0
965.0,863.0
962.0,860.0
961.0,861.0
963.0,863.0
964.0,863.0
964.0,861.0
965.0,862.0
966.0,866.0
977.0,868.0
985.0,878.0
999.0,891.0
1023.0,897.0
1039.0,907.0
1046.0,924.0
1039.0,958.0
1025.0,974.0
986.0,996.0
948.0,1002.0
886.0,1001.0
819.0,989.0
737.0,983.0
654.0,970.0
579.0,966.0
507.0,970.0
441.0,979.0
381.0,996.0
314.0,996.0
251.0,1004.0
182.0,992.0
112.0,987.0
50.0,955.0
8.0,898.0
33.0,877.0
46.0,885.0
58.0,891.0
58.4,891.1
58.8,891.2
59.2,891.3
59.6,891.4
60.0,891.5
60.4,891.6
60.8,891.7
61.2,891.8
61.6,891.9
62.0,892.0
62.0,893.0
62.0,893.0
59.0,891.0
59.375,891.25
59.75,891.5
60.125,891.75
60.5,892.0
60.875,892.25
61.25,892.5
61.625,892.75
62.0,893.0
62.2,893.0
62.4,893.0
62.6,893.0
62.8,893.0
63.0,893.0
62.0,893.0
62.0,893.0
62.0,893.0
62.0,893.0
62.0,893.0
62.0,893.0
62.0,893.0
62.0,893.0
62.0,893.0
62.0,893.0
62.0,893.0
62.0,893.0
62.0,893.0
62.0,893.0
62.0,893.0
62.0,893.0
62.0,893.0
62.0,893.0
62.0,893.0
62.0,893.0
62.0,893.0
62.0,893.0
62.0,893.0
62.0,893.0
62.0,893.0
62.0,893.0
62.0,893.0
62.0,893.0
62.0,893.0
62.0,893.0
