x,y
491.0,203.0
493.0,217.0
483.0,220.0
466.0,224.0
460.0,227.0
469.0,230.0
490.0,249.0
512.0,256.0
527.0,266.0
532.0,270.0
524.0,277.0
523.0,291.0
530.0,310.0
530.0,310.0
532.0,307.0
531.0,304.0
529.0,303.0
529.0,301.0
529.0,301.0
528.0,305.0
530.0,305.0
530.0,305.0
530.0,305.0
529.0,305.0
529.0,305.0
528.0,303.0
528.0,305.0
529.0,305.0
530.0,305.0
529.0,306.0
529.0,306.0
529.0,306.0
528.0,306.0
529.0,307.0
529.0,307.0
529.0,308.0
529.0,308.0
528.0,308.0
528.0,308.0
528.0,308.0
528.0,308.0
528.0,308.0
528.0,307.0
528.0,308.0
528.0,307.0
529.0,308.0
528.0,308.0
528.0,308.0
529.0,308.0
528.0,308.0
529.0,308.0
529.0,308.0
529.0,308.0
528.0,307.0
529.0,307.0
528.0,307.0
528.0,307.0
528.0,308.0
529.0,308.0
528.0,308.0
529.0,308.0
529.0,308.0
529.0,308.0
529.0,308.0
529.0,308.0
529.0,308.0
529.0,307.0
528.0,305.0
528.0,305.0
530.0,306.0
532.0,307.0
532.0,304.0
531.0,304.0
532.0,305.0
532.0,305.0
532.0,304.0
532.0,304.0
532.0,304.0
532.0,304.0
529.0,304.0
530.0,304.0
531.0,304.0
530.0,305.0
531.0,305.0
532.0,305.0
531.0,304.0
530.0,302.0
529.0,302.0
528.0,302.0
531.0,304.0
530.0,304.0
531.0,305.0
530.0,306.0
529.0,306.0
529.0,306.0
529.0,306.0
528.0,306.0
529.0,306.0
530.0,305.0
529.0,307.0
