x,y
304.0,4.0
322.0,23.0
332.0,30.0
346.0,37.0
374.0,52.0
400.0,72.0
416.0,94.0
427.0,112.0
445.0,130.0
446.0,139.0
441.0,142.0
436.0,150.0
437.0,155.0
436.0,163.0
437.0,166.0
447.0,168.0
446.0,170.0
446.0,169.0
441.0,168.0
440.0,168.0
440.0,168.0
440.0,168.0
440.0,168.0
440.0,168.0
440.0,169.0
439.0,169.0
437.0,168.0
436.0,169.0
435.0,168.0
433.0,168.0
434.0,168.0
433.0,169.0
438.0,163.0
438.0,163.0
437.0,163.0
437.0,163.0
437.0,164.0
437.0,163.0
433.0,166.0
436.0,164.0
436.0,164.0
436.0,164.0
435.0,164.0
435.0,164.0
435.0,164.0
435.0,164.0
435.0,165.0
426.0,164.0
427.0,167.0
425.0,167.0
425.0,164.0
425.0,163.0
425.0,163.0
425.0,164.0
425.0,163.0
424.0,164.0
428.0,164.0
429.0,164.0
429.0,162.0
430.0,163.0
430.0,163.0
430.0,161.0
430.0,160.0
430.0,160.0
430.0,162.0
430.0,161.0
430.0,161.0
430.1363636363636,161.4090909090909
430.27272727272725,161.8181818181818
430.40909090909093,162.22727272727272
430.54545454545456,162.63636363636363
430.6818181818182,163.04545454545453
430.8181818181818,163.45454545454547
430.95454545454544,163.86363636363637
431.09090909090907,164.27272727272728
431.22727272727275,164.6818181818182
431.3636363636364,165.0909090909091
431.5,165.5
431.6363636363636,165.9090909090909
431.77272727272725,166.3181818181818
431.90909090909093,166.72727272727272
432.04545454545456,167.13636363636363
432.1818181818182,167.54545454545453
432.3181818181818,167.95454545454547
432.45454545454544,168.36363636363637
432.59090909090907,168.77272727272728
432.72727272727275,169.1818181818182
432.8636363636364,169.5909090909091
433.0,170.0
433.0,168.0
432.0,166.0
444.0,169.0
455.0,182.0
455.0,176.0
455.0,176.0
453.0,176.0
451.0,173.0
450.0,173.0
449.0,172.0
453.0,177.0
