x,y
262.0,885.0
268.0,877.0
269.0,865.0
272.0,847.0
281.0,842.0
277.0,841.0
270.0,839.0
277.0,855.0
275.0,862.0
276.0,869.0
274.0,877.0
269.0,883.0
265.0,888.0
256.0,890.0
250.0,897.0
250.0,902.0
245.0,907.0
248.0,897.0
247.0,892.0
245.0,889.0
243.0,886.0
244.0,880.0
244.0,880.0
245.0,880.0
245.0,878.0
246.0,880.0
245.0,881.0
245.0,880.0
245.0,880.0
245.0,880.0
243.0,886.0
244.0,881.0
243.0,887.0
244.0,887.0
245.0,888.0
244.0,887.0
244.0,888.0
245.0,881.0
244.0,880.0
244.0,880.0
244.0,882.0
245.0,887.0
245.0,880.0
246.0,879.0
246.0,879.0
246.0,880.0
246.0,879.0
246.0,878.0
246.0,876.0
249.0,876.0
246.0,877.0
247.0,875.0
248.0,876.0
248.0,875.0
246.0,876.0
247.0,875.0
248.0,872.0
249.0,873.0
248.0,873.0
247.0,874.0
248.0,874.0
247.0,874.0
248.0,875.0
248.0,875.0
248.0,875.0
248.0,876.0
248.0,876.0
248.0,876.0
248.0,876.0
248.0,876.0
248.0,876.0
248.0,876.0
248.0,875.0
248.0,874.0
248.0,876.0
248.0,875.0
248.0,874.0
248.0,874.0
246.0,875.0
247.0,875.0
247.0,874.0
247.0,874.0
247.0,874.0
246.0,874.0
245.0,874.0
245.0,876.0
245.0,876.0
247.0,874.0
245.0,876.0
246.0,874.0
247.0,874.0
247.0,872.0
249.0,862.0
253.0,847.0
257.0,851.0
257.0,850.0
257.0,851.0
253.0,848.0
257.0,852.0
253.0,847.0
