x,y
282.0,645.0
285.0,645.0
284.0,647.0
286.0,646.0
287.0,649.0
288.0,648.0
289.0,649.0
290.0,649.0
292.0,649.0
292.0,648.0
293.0,648.0
296.0,643.0
295.0,642.0
297.0,642.0
301.0,647.0
302.0,645.0
305.0,644.0
306.0,644.0
305.0,644.0
307.0,643.0
317.0,643.0
318.0,644.0
321.0,643.0
318.0,638.0
312.0,638.0
319.0,635.0
319.0,634.0
321.0,628.0
323.0,626.0
322.0,626.0
321.0,628.0
322.0,624.0
318.0,626.0
323.0,618.0
326.0,612.0
325.0,612.0
326.0,612.0
326.0,612.0
331.0,611.0
330.0,613.0
329.0,610.0
335.0,610.0
340.0,614.0
339.0,616.0
336.0,614.0
343.0,618.0
340.0,615.0
338.0,615.0
339.0,616.0
337.0,617.0
337.0,616.0
335.0,616.0
333.0,617.0
329.0,610.0
327.0,610.0
324.0,615.0
322.0,611.0
321.0,614.0
322.0,611.0
324.0,612.0
325.0,611.0
323.0,613.0
323.0,611.0
322.0,607.0
324.0,606.0
326.0,608.0
326.0,607.0
327.0,607.0
328.0,607.0
328.0,607.0
328.0,605.0
326.0,605.0
325.0,602.0
322.0,598.0
321.0,596.0
321.0,595.0
321.0,595.0
321.0,595.0
323.0,596.0
322.0,596.0
322.0,596.0
323.0,596.0
323.0,596.0
323.0,596.0
325.0,596.0
326.0,595.0
328.0,597.0
323.0,592.0
322.0,591.0
325.0,592.0
323.0,592.0
326.0,588.0
326.0,587.0
325.0,590.0
325.0,581.0
326.0,583.0
327.0,584.0
327.0,583.0
327.0,583.0
329.0,583.0
