x,y
356.0,568.0
352.0,572.0
351.0,573.0
351.0,573.0
348.0,576.0
345.0,577.0
346.0,580.0
344.0,584.0
345.0,589.0
345.0,588.0
346.0,587.0
346.0,587.0
345.0,587.0
344.0,588.0
344.0,588.0
345.0,590.0
342.0,592.0
345.0,594.0
339.0,596.0
347.0,599.0
345.0,602.0
347.0,601.0
347.0,602.0
347.0,601.0
348.0,601.0
348.0,602.0
349.0,603.0
348.0,603.0
348.0,605.0
346.0,607.0
352.0,613.0
354.25,616.0
356.5,619.0
358.75,622.0
361.0,625.0
365.0,633.0
359.0,633.0
357.8333333333333,632.3333333333334
356.6666666666667,631.6666666666666
355.5,631.0
354.3333333333333,630.3333333333334
353.1666666666667,629.6666666666666
352.0,629.0
351.0,629.0
351.0,629.0
351.0,630.0
352.0,630.0
352.0,629.0
351.0,630.0
352.0,629.0
351.0,628.0
352.0,629.0
353.0,629.0
352.0,629.0
352.0,629.0
351.0,628.0
352.0,629.0
352.0,629.0
352.0,628.0
352.0,629.0
351.0,630.0
351.0,630.0
351.0,630.0
350.0,629.0
350.0,630.0
350.0,631.0
351.0,632.0
351.0,634.0
352.0,634.0
351.0,633.0
351.0,635.0
351.0,636.0
351.0,636.0
351.0,637.0
351.0,637.0
351.0,638.0
351.0,638.0
347.0,638.0
347.0,639.0
347.0,639.0
346.0,638.0
347.0,639.0
346.0,639.0
349.0,638.0
349.0,638.0
349.0,638.0
349.0,638.0
348.0,639.0
349.0,639.0
350.0,640.0
349.0,640.0
350.0,640.0
349.0,640.0
350.0,641.0
349.0,640.0
347.0,638.0
349.0,638.0
349.0,637.0
349.0,637.0
349.0,638.0
