x,y
466.0,221.0
428.0,266.0
454.0,262.0
487.0,239.0
523.0,200.0
561.0,158.0
603.0,140.0
599.0,196.0
591.0,246.0
590.0,276.0
602.0,286.0
606.0,285.0
633.0,275.0
647.0,265.0
650.0,274.0
638.0,278.0
622.0,291.0
649.0,278.0
642.0,281.0
650.0,284.0
642.0,289.0
648.0,290.0
654.0,294.0
652.0,298.0
651.0,302.0
656.0,311.0
654.0,311.0
657.0,314.0
668.0,319.0
663.0,320.0
671.0,320.0
671.0,325.0
672.0,326.0
679.0,330.0
675.0,330.0
680.0,333.0
682.0,335.0
678.0,340.0
687.0,339.0
689.0,354.0
705.0,371.0
709.0,388.0
723.0,415.0
727.0,445.0
729.0,472.0
726.0,489.0
720.0,495.0
716.0,499.0
689.0,502.0
656.0,513.0
626.0,525.0
598.0,547.0
565.0,568.0
554.0,588.0
552.0,611.0
558.0,623.0
561.0,627.0
573.0,631.0
576.0,629.0
575.0,633.0
581.0,642.0
581.0,664.0
585.0,689.0
575.0,707.0
571.0,722.0
569.0,728.0
567.0,734.0
581.0,733.0
577.0,733.0
571.0,741.0
571.0,755.0
565.0,795.0
553.0,847.0
550.0,887.0
549.0,922.0
551.0,942.0
555.0,954.0
557.0,962.0
562.0,960.0
560.0,953.0
566.0,954.0
571.0,954.0
575.0,955.0
597.0,962.0
628.0,970.0
671.0,991.0
694.0,1004.0
692.0,1012.0
702.0,1018.0
700.0,1017.0
709.0,1023.0
738.0,1031.0
760.0,1039.0
771.0,1045.0
791.0,1050.0
804.0,1056.0
824.0,1060.0
869.0,1064.0
893.0,1062.0
913.0,1048.0
