x,y
837.0,312.0
837.0,312.0
837.0,312.0
837.0,312.0
836.0,312.0
837.0,312.0
837.0,312.0
837.0,312.0
836.0,313.0
836.0,313.0
837.0,313.0
836.0,313.0
836.0,314.0
836.0,314.0
835.0,315.0
836.0,315.0
836.0,316.0
836.0,317.0
836.0,317.0
836.0,316.0
836.0,315.0
836.0,314.0
836.0,314.0
836.0,315.0
836.0,315.0
836.0,315.0
837.0,315.0
837.0,315.0
838.0,314.0
837.0,316.0
837.0,315.0
837.0,315.0
838.0,316.0
837.0,316.0
837.0,317.0
838.0,317.0
838.0,318.0
837.0,317.0
837.0,316.0
838.0,317.0
839.0,317.0
838.0,317.0
841.0,321.0
841.0,320.0
842.0,321.0
841.0,320.0
843.0,321.0
843.0,321.0
843.0,321.0
843.0,322.0
842.0,321.0
839.0,320.0
840.0,321.0
840.0,320.0
842.0,320.0
844.0,322.0
844.0,322.0
843.0,321.0
842.0,322.0
844.0,322.0
845.0,322.0
845.0,322.0
845.0,322.0
846.0,322.0
847.0,322.0
848.0,323.0
848.0,323.0
848.0,325.0
848.0,324.0
848.0,324.0
848.0,324.0
848.0,324.0
849.0,324.0
850.0,325.0
850.0,326.0
851.0,328.0
851.0,328.0
850.0,328.0
850.0,327.0
850.0,325.0
849.0,325.0
850.0,325.0
851.0,326.0
850.0,326.0
851.0,325.0
851.0,326.0
851.0,325.0
851.0,324.0
851.0,323.0
851.0,323.0
851.0,323.0
852.0,323.0
853.0,323.0
854.0,322.0
855.0,323.0
855.0,322.0
855.0,323.0
854.0,323.0
854.0,323.0
854.0,323.0
