x,y
1381.0,515.0
1382.0,516.0
1382.0,516.0
1381.0,516.0
1381.0,517.0
1381.0,517.0
1381.0,516.0
1381.0,516.0
1381.0,516.0
1382.0,516.0
1382.0,516.0
1382.0,517.0
1382.0,517.0
1382.0,516.0
1382.0,515.0
1381.0,517.0
1381.0,517.0
1382.0,517.0
1381.0,517.0
1382.0,516.0
1382.0,516.0
1382.0,516.0
1382.0,516.0
1381.0,517.0
1382.0,517.0
1382.0,517.0
1382.0,517.0
1380.0,518.0
1380.0,517.0
1380.0,517.0
1380.0,517.0
1380.0,517.0
1380.0,517.0
1380.0,518.0
1380.0,518.0
1379.0,518.0
1379.0,517.0
1379.0,517.0
1378.0,518.0
1379.0,518.0
1378.0,518.0
1379.0,518.0
1379.0,518.0
1379.0,517.0
1379.0,518.0
1379.0,517.0
1379.0,517.0
1379.0,518.0
1379.0,518.0
1379.0,517.0
1379.0,517.0
1378.0,518.0
1378.0,518.0
1379.0,518.0
1379.0,518.0
1378.0,518.0
1378.0,518.0
1379.0,518.0
1380.0,519.0
1380.0,519.0
1380.0,519.0
1380.0,519.0
1380.0,520.0
1381.0,520.0
1380.0,520.0
1380.0,520.0
1380.0,519.0
1380.0,519.0
1380.0,520.0
1381.0,519.0
1381.0,520.0
1380.0,520.0
1380.0,520.0
1381.0,520.0
1380.0,520.0
1380.0,520.0
1380.0,519.0
1380.0,520.0
1379.0,520.0
1379.0,519.0
1379.0,520.0
1376.0,547.0
1373.0,550.0
1374.0,548.0
1375.0,549.0
1375.0,548.0
1375.0,548.0
1375.0,548.0
1374.0,548.0
1374.0,548.0
1376.0,546.0
1376.0,546.0
1374.0,548.0
1373.0,548.0
1374.0,548.0
1374.0,548.0
1374.0,548.0
1374.0,548.0
1374.0,546.0
1374.0,548.0
