x,y
223.0,591.0
224.0,591.0
222.0,592.0
223.0,591.0
223.0,591.0
223.0,591.0
223.0,591.0
221.0,591.0
221.0,591.0
221.0,591.0
221.0,591.0
223.0,591.0
222.0,591.0
222.0,591.0
222.0,591.0
222.0,591.0
221.0,591.0
223.0,591.0
222.0,591.0
221.0,591.0
220.0,590.0
222.0,589.0
221.0,590.0
221.0,589.0
221.0,589.0
221.0,589.0
221.0,590.0
221.0,590.0
223.0,589.0
223.0,590.0
223.0,590.0
224.0,592.0
221.0,592.0
223.0,591.0
223.0,590.0
223.0,591.0
223.0,590.0
223.0,591.0
222.0,590.0
222.0,588.0
222.0,588.0
223.0,588.0
223.0,588.0
223.0,588.0
223.0,589.0
223.0,589.0
223.0,589.0
223.0,588.0
223.0,588.0
223.0,588.0
223.0,588.0
223.0,588.0
223.0,588.0
223.0,588.0
223.0,588.0
223.0,587.0
223.0,587.0
224.0,587.0
223.0,588.0
223.0,589.0
220.0,591.0
221.0,590.0
220.0,590.0
220.0,590.0
220.0,589.0
220.0,588.0
221.0,588.0
221.0,589.0
220.0,589.0
221.0,589.0
220.0,589.0
220.0,591.0
219.0,591.0
220.0,592.0
220.0,591.0
220.0,590.0
220.0,590.0
220.0,589.0
220.0,590.0
220.0,590.0
221.0,590.0
221.0,590.0
221.0,590.0
221.0,590.0
221.0,589.0
221.0,589.0
220.0,589.0
220.0,588.0
220.0,589.0
220.0,588.0
220.0,589.0
220.0,590.0
219.0,589.0
220.0,590.0
218.0,589.0
219.0,589.0
219.0,590.0
219.0,590.0
218.0,590.0
217.0,587.0
