x,y
1500.0,745.0
1504.0,726.0
1518.0,701.0
1532.0,673.0
1541.0,646.0
1539.0,615.0
1529.0,588.0
1507.0,554.0
1479.0,521.0
1438.0,494.0
1395.0,479.0
1345.0,471.0
1288.0,472.0
1219.0,476.0
1164.0,487.0
1114.0,495.0
1075.0,509.0
1037.0,514.0
1005.0,505.0
986.0,505.0
964.0,503.0
946.0,504.0
925.0,502.0
902.0,497.0
875.0,491.0
843.0,485.0
811.0,479.0
797.0,473.0
782.0,468.0
775.0,464.0
775.0,463.0
777.0,462.0
781.0,464.0
782.0,468.0
781.0,472.0
779.0,473.0
775.0,470.0
771.0,465.0
764.0,460.0
767.0,456.0
765.0,455.0
763.0,458.0
761.0,459.0
761.0,455.0
760.0,450.0
762.0,446.0
759.0,443.0
753.0,442.0
740.0,430.0
731.0,427.0
727.0,424.0
717.0,428.0
715.0,419.0
713.0,411.0
707.0,409.0
697.0,394.0
693.0,390.0
694.0,387.0
697.0,387.0
695.0,379.0
699.0,382.0
700.0,376.0
699.0,374.0
704.0,367.0
705.0,367.0
700.0,370.0
702.0,363.0
701.0,366.0
702.0,366.0
704.0,363.0
705.0,363.0
703.0,364.0
703.0,363.0
703.0,361.0
704.0,366.0
703.0,360.0
704.0,365.0
703.0,360.0
705.0,364.0
705.0,364.0
704.0,363.0
704.0,363.0
704.0,361.0
706.0,361.0
707.0,365.0
709.0,361.0
710.0,361.0
711.0,360.0
709.0,363.0
711.0,360.0
711.0,364.0
714.0,363.0
716.0,363.0
717.0,363.0
712.0,365.0
717.0,363.0
717.0,362.0
718.0,362.0
720.0,362.0
722.0,364.0
