x,y
855.0,323.0
855.0,323.0
854.0,323.0
854.0,323.0
854.0,323.0
854.0,324.0
854.0,324.0
855.0,324.0
855.0,324.0
855.0,324.0
855.0,325.0
854.0,324.0
854.0,324.0
854.0,324.0
854.0,325.0
853.0,325.0
853.0,325.0
853.0,325.0
853.0,326.0
853.0,326.0
852.0,327.0
853.0,327.0
853.0,327.0
855.0,329.0
855.0,329.0
856.0,328.0
854.0,330.0
854.0,329.0
855.0,329.0
855.0,329.0
857.0,329.0
857.0,329.0
856.0,329.0
854.0,330.0
854.0,330.0
856.0,329.0
856.0,329.0
857.0,329.0
859.0,329.0
860.0,329.0
861.0,329.0
862.0,330.0
862.0,330.0
862.0,330.0
862.0,330.0
862.0,330.0
863.0,330.0
862.0,330.0
863.0,331.0
863.0,330.0
863.0,330.0
863.0,330.0
863.0,330.0
863.0,330.0
863.0,330.0
863.0,330.0
862.0,331.0
863.0,331.0
862.0,331.0
862.0,331.0
862.0,331.0
862.0,331.0
862.0,331.0
862.0,331.0
862.0,331.0
862.0,331.0
862.0,331.0
862.0,332.0
862.0,332.0
863.0,331.0
862.0,331.0
861.0,332.0
861.0,332.0
861.0,332.0
862.0,332.0
862.0,332.0
862.0,332.0
862.0,332.0
861.0,332.0
862.0,332.0
861.0,332.0
862.0,332.0
863.0,331.0
864.0,330.0
865.0,329.0
865.0,329.0
865.0,329.0
865.0,328.0
865.0,329.0
866.0,329.0
867.0,329.0
867.0,329.0
867.0,329.0
867.0,329.0
866.0,329.0
866.0,329.0
866.0,329.0
866.0,329.0
866.0,329.0
866.0,328.0
