x,y
1394.0,505.0
1393.0,505.0
1393.0,505.0
1393.0,505.0
1393.0,506.0
1393.0,506.0
1393.0,506.0
1393.0,505.0
1393.0,505.0
1395.0,506.0
1396.0,505.0
1395.0,505.0
1395.0,505.0
1398.0,508.0
1398.0,509.0
1396.0,508.0
1397.0,510.0
1394.0,508.0
1394.0,508.0
1394.0,509.0
1392.0,509.0
1393.0,509.0
1392.0,510.0
1393.0,510.0
1393.0,510.0
1393.0,511.0
1392.0,511.0
1393.0,511.0
1393.0,511.0
1392.0,511.0
1393.0,511.0
1393.0,511.0
1393.0,511.0
1393.0,511.0
1393.0,511.0
1393.0,511.0
1393.0,511.0
1393.0,511.0
1393.0,511.0
1393.0,510.0
1394.0,511.0
1393.0,510.0
1393.0,510.0
1394.0,510.0
1394.0,510.0
1394.0,510.0
1393.0,509.0
1392.0,509.0
1393.0,510.0
1393.0,510.0
1393.0,510.0
1393.0,511.0
1393.0,511.0
1393.0,511.0
1393.0,511.0
1393.0,511.0
1393.0,511.0
1393.0,511.0
1393.0,511.0
1393.0,511.0
1393.0,512.0
1393.0,512.0
1391.0,510.0
1392.0,512.0
1392.0,512.0
1392.0,512.0
1392.0,512.0
1392.0,512.0
1391.0,512.0
1392.0,511.0
1391.0,511.0
1391.0,511.0
1391.0,512.0
1390.0,512.0
1390.0,513.0
1390.0,513.0
1389.0,513.0
1389.0,514.0
1389.0,514.0
1388.0,514.0
1387.0,515.0
1388.0,515.0
1388.0,515.0
1388.0,515.0
1388.0,515.0
1388.0,515.0
1388.0,515.0
1387.0,515.0
1388.0,515.0
1388.0,515.0
1388.0,515.0
1387.0,516.0
1387.0,516.0
1388.0,515.0
1388.0,515.0
1387.0,515.0
1388.0,515.0
1388.0,515.0
1388.0,515.0
1388.0,515.0
