x,y
963.0,255.0
964.0,256.0
968.0,243.0
978.0,220.0
983.0,202.0
965.0,191.0
957.0,197.0
936.0,199.0
910.0,216.0
871.0,247.0
851.0,285.0
846.0,347.0
832.0,388.0
813.0,418.0
791.0,447.0
764.0,457.0
742.0,469.0
722.0,473.0
703.0,477.0
690.0,478.0
688.0,490.0
697.0,505.0
692.0,523.0
685.0,530.0
675.0,544.0
659.0,543.0
636.0,551.0
632.0,562.0
623.0,572.0
614.0,583.0
603.0,591.0
589.0,586.0
584.0,584.0
580.0,586.0
578.0,586.0
581.0,590.0
569.0,592.0
566.0,602.0
568.0,604.0
566.0,603.0
567.0,604.0
567.0,608.0
567.0,607.0
566.0,607.0
566.0,609.0
566.0,611.0
565.0,610.0
565.0,610.0
565.0,610.0
565.0,610.0
565.0,610.0
565.0,610.0
565.0,610.0
564.0,609.0
564.0,611.0
563.0,607.0
562.0,607.0
562.0,608.0
562.0,609.0
563.0,610.0
563.0,610.0
563.0,609.0
563.0,607.0
562.0,610.0
562.0,607.0
562.0,610.0
562.0,610.0
562.0,611.0
562.0,610.0
562.0,610.0
562.0,608.0
562.0,610.0
562.0,611.0
560.0,610.0
559.0,610.0
559.0,611.0
556.0,612.0
557.0,612.0
556.0,612.0
556.0,613.0
555.0,612.0
555.0,613.0
555.0,614.0
555.0,613.0
555.0,614.0
556.0,614.0
557.0,612.0
557.0,613.0
557.0,613.0
556.0,613.0
554.0,613.0
553.0,615.0
552.0,615.0
553.0,613.0
553.0,615.0
552.0,613.0
553.0,614.0
553.0,614.0
551.0,613.0
552.0,612.0
