x,y
856.0,304.0
856.0,307.0
858.0,307.0
859.0,308.0
859.0,308.0
859.0,308.0
861.0,307.0
859.0,308.0
860.0,309.0
859.0,308.0
860.0,307.0
859.0,308.0
860.0,307.0
859.0,306.0
860.0,306.0
860.0,306.0
860.0,306.0
860.0,305.0
860.0,304.0
860.0,300.0
858.0,300.0
860.0,302.0
861.0,304.0
863.0,306.0
863.0,307.0
860.0,308.0
862.0,310.0
864.0,310.0
865.0,311.0
865.0,311.0
867.0,311.0
867.0,312.0
868.0,311.0
869.0,311.0
868.0,311.0
870.0,311.0
869.0,311.0
869.0,310.0
869.0,310.0
869.0,311.0
869.0,311.0
869.0,311.0
869.0,310.0
870.0,310.0
870.0,310.0
870.0,310.0
869.0,311.0
869.0,311.0
870.0,310.0
870.0,310.0
870.0,310.0
870.0,310.0
871.0,309.0
871.0,309.0
871.0,308.0
872.0,308.0
871.0,308.0
871.0,308.0
871.0,308.0
871.0,307.0
872.0,308.0
872.0,309.0
872.0,312.0
873.0,314.0
872.0,317.0
872.0,317.0
872.0,318.0
875.0,325.0
874.0,319.0
875.0,319.0
875.0,320.0
877.0,322.0
876.0,322.0
876.0,322.0
876.0,322.0
876.0,322.0
876.0,322.0
876.0,323.0
876.0,323.0
875.0,322.0
877.0,323.0
877.0,324.0
875.0,323.0
875.0,324.0
878.0,327.0
876.0,328.0
877.0,327.0
876.0,328.0
876.0,325.0
875.0,324.0
875.0,326.0
876.0,330.0
873.0,326.0
874.0,327.0
872.0,327.0
871.0,327.0
874.0,329.0
872.0,330.0
869.0,329.0
870.0,330.0
