x,y
740.0,971.0
740.0,970.0
740.0,970.0
739.0,970.0
739.0,970.0
740.0,970.0
738.0,970.0
738.0,970.0
738.0,968.0
738.0,968.0
738.0,968.0
737.0,969.0
738.0,967.0
738.0,967.0
737.0,967.0
737.0,967.0
737.0,966.0
737.0,967.0
737.0,967.0
737.0,966.0
738.0,966.0
737.0,966.0
738.0,967.0
737.0,967.0
737.0,967.0
737.0,966.0
737.0,967.0
738.0,965.0
736.0,961.0
736.0,960.0
737.0,960.0
737.0,960.0
737.0,959.0
736.0,960.0
737.0,959.0
737.0,960.0
737.0,960.0
737.0,960.0
737.0,960.0
737.0,960.0
737.0,960.0
737.0,961.0
737.0,960.0
738.0,960.0
740.0,958.0
742.0,958.0
742.0,957.0
739.0,959.0
739.0,960.0
739.0,960.0
740.0,959.0
741.0,958.0
741.0,958.0
742.0,958.0
744.0,958.0
744.0,958.0
744.0,959.0
745.0,959.0
745.0,957.0
745.0,957.0
746.0,957.0
746.0,957.0
747.0,957.0
747.0,958.0
748.0,958.0
748.0,958.0
748.0,958.0
748.0,958.0
748.0,958.0
749.0,958.0
747.0,959.0
747.0,957.0
749.0,957.0
749.0,957.0
749.0,957.0
749.0,958.0
749.0,957.0
748.0,956.0
750.0,958.0
750.0,959.0
750.0,959.0
750.0,960.0
749.0,960.0
750.0,959.0
750.0,960.0
750.0,960.0
751.0,960.0
750.0,959.0
751.0,958.0
751.0,959.0
751.0,959.0
751.0,960.0
751.0,959.0
759.0,962.0
759.0,962.0
758.0,962.0
759.0,964.0
756.0,964.0
758.0,963.0
751.0,964.0
