x,y
1044.0,927.0
1045.0,922.0
1040.0,915.0
1043.0,912.0
1039.0,909.0
1038.0,906.0
1037.0,907.0
1036.0,905.0
1035.0,903.0
1034.0,905.0
1036.0,896.0
1038.0,893.0
1039.0,894.0
1033.0,900.0
1032.0,900.0
1031.0,898.0
1030.0,896.0
1031.0,896.0
1030.0,894.0
1029.0,894.0
1030.0,894.0
1030.0,894.0
1030.0,893.0
1031.0,894.0
1031.0,893.0
1030.0,893.0
1032.0,893.0
1027.0,890.0
1032.0,887.0
1034.0,887.0
1034.0,886.0
1032.0,887.0
1035.0,886.0
1034.0,886.0
1031.0,885.0
1035.0,883.0
1035.0,883.0
1035.0,884.0
1035.0,884.0
1036.0,883.0
1035.0,881.0
1034.0,881.0
1034.0,879.0
1034.0,879.0
1034.0,879.0
1034.0,878.0
1035.0,878.0
1033.0,876.0
1033.0,875.0
1030.0,876.0
1029.0,879.0
1029.0,879.0
1026.0,879.0
1023.0,878.0
1022.0,878.0
1024.0,879.0
1021.0,878.0
1019.0,878.0
1018.0,878.0
1018.0,878.0
1017.0,878.0
1018.0,878.0
1017.0,878.0
1017.0,879.0
1010.0,881.0
1008.0,881.0
1008.0,883.0
1008.0,885.0
1008.0,885.0
1007.0,887.0
1007.0,889.0
1006.0,888.0
1006.0,891.0
1005.0,890.0
1006.0,889.0
1006.0,889.0
1006.0,889.0
1004.0,888.0
1006.0,887.0
1006.0,886.0
1005.0,887.0
1005.0,888.0
1005.0,887.0
1005.0,887.0
1004.0,887.0
1004.0,886.0
1005.0,886.0
1005.0,886.0
1005.0,886.0
1004.0,886.0
1004.0,886.0
1005.0,886.0
1004.0,886.0
1004.0,886.0
1005.0,886.0
1004.0,886.0
1004.0,886.0
1004.0,886.0
1004.0,886.0
1003.0,886.0
