x,y
335.0,743.0
332.0,743.0
325.0,755.0
329.0,746.0
320.0,749.0
307.0,748.0
306.0,748.0
285.0,756.0
289.0,764.0
289.0,765.0
292.0,765.0
292.0,760.0
288.0,762.0
281.0,770.0
284.0,771.0
285.0,772.0
284.0,772.0
283.0,771.0
284.0,768.0
286.0,770.0
290.0,770.0
292.0,772.0
298.0,774.0
298.0,773.0
298.0,772.0
298.0,774.0
297.0,774.0
297.0,773.0
296.0,772.0
298.0,772.0
299.0,774.0
300.0,773.0
300.0,774.0
301.0,772.0
297.0,772.0
302.0,773.0
302.0,773.0
300.0,779.0
287.0,781.0
261.0,793.0
231.0,808.0
197.0,834.0
138.0,863.0
71.0,895.0
10.0,935.0
