x,y
1109.0,335.0
1105.0,332.0
1109.0,330.0
1105.0,330.0
1105.0,327.0
1102.0,326.0
1100.0,326.0
1099.0,327.0
1098.0,326.0
1097.0,326.0
1098.0,326.0
1098.0,326.0
1098.0,326.0
1098.0,326.0
1099.0,326.0
1098.0,326.0
1097.0,326.0
1097.0,323.0
1096.0,324.0
1092.0,325.0
1091.0,326.0
1090.0,326.0
1090.0,330.0
1089.0,329.0
1089.0,330.0
1089.0,330.0
1088.0,329.0
1088.0,329.0
1088.0,328.0
1086.0,330.0
1086.0,330.0
1086.0,330.0
1086.0,331.0
1086.0,331.0
1086.0,330.0
1086.0,331.0
1085.0,330.0
1086.0,331.0
1087.0,329.0
1088.0,329.0
1088.0,327.0
1080.0,327.0
1075.0,331.0
1062.0,333.0
1036.0,331.0
1032.0,334.0
1020.0,350.0
1005.0,354.0
996.0,372.0
981.0,406.0
975.0,445.0
972.0,497.0
960.0,553.0
946.0,602.0
924.0,644.0
897.0,692.0
873.0,726.0
860.0,752.0
845.0,767.0
828.0,786.0
818.0,820.0
798.0,835.0
783.0,840.0
760.0,841.0
743.0,832.0
718.0,827.0
691.0,839.0
675.0,841.0
664.0,835.0
656.0,837.0
650.0,829.0
638.0,830.0
634.0,818.0
625.0,808.0
628.0,795.0
629.0,785.0
627.0,782.0
620.0,785.0
623.0,785.0
624.0,783.0
623.0,786.0
626.0,786.0
624.0,786.0
624.0,785.0
626.0,784.0
626.0,784.0
626.0,784.0
626.0,784.0
625.0,783.0
625.0,783.0
625.0,782.0
624.0,782.0
623.0,781.0
622.0,781.0
622.0,779.0
620.0,779.0
619.0,779.0
619.0,779.0
618.0,777.0
619.0,777.0
