x,y
1574.0,822.0
1575.0,824.0
1576.0,824.0
1576.0,824.0
1577.0,824.0
1576.0,824.0
1574.0,826.0
1571.0,826.0
1571.0,826.0
1572.0,824.0
1573.0,824.0
1576.0,822.0
1576.0,824.0
1576.0,825.0
1576.0,826.0
1575.0,827.0
1575.0,826.0
1576.0,824.0
1577.0,824.0
1578.0,824.0
1578.0,826.0
1576.0,826.0
1576.0,826.0
1576.0,826.0
1578.0,824.0
1578.0,826.0
1578.0,824.0
1576.0,824.0
1576.0,826.0
1575.0,826.0
1574.0,826.0
1574.0,826.0
1572.0,824.0
1567.0,822.0
1566.0,820.0
1570.0,815.0
1580.0,812.0
1579.857142857143,813.4285714285714
1579.7142857142858,814.8571428571429
1579.5714285714287,816.2857142857143
1579.4285714285713,817.7142857142857
1579.2857142857142,819.1428571428571
1579.142857142857,820.5714285714286
1579.0,822.0
1578.8,821.6
1578.6,821.2
1578.4,820.8
1578.2,820.4
1578.0,820.0
1574.0,822.0
1574.0,824.0
1578.0,823.0
1580.0,824.0
1585.0,822.0
1586.0,822.0
1590.0,822.0
1585.0,819.5
1580.0,817.0
1579.0,817.0
1579.0,814.0
1582.0,817.0
1585.5,818.5
1589.0,820.0
1586.6666666666667,820.6666666666666
1584.3333333333333,821.3333333333334
1582.0,822.0
1582.0,821.0
1581.0,822.0
1580.0,823.0
1580.0,822.0
1580.0,823.0
1582.25,822.25
1584.5,821.5
1586.75,820.75
1589.0,820.0
1588.0,820.0
1585.3333333333333,820.3333333333334
1582.6666666666667,820.6666666666666
1580.0,821.0
1582.6666666666667,820.0
1585.3333333333333,819.0
1588.0,818.0
1589.0,819.0
1585.3333333333333,820.6666666666666
1581.6666666666667,822.3333333333334
1578.0,824.0
1580.0,824.0
1580.0,824.4
1580.0,824.8
1580.0,825.2
1580.0,825.6
1580.0,826.0
1578.0,825.0
1578.0,824.9333333333333
1578.0,824.8666666666667
1578.0,824.8
1578.0,824.7333333333333
1578.0,824.6666666666666
1578.0,824.6
1578.0,824.5333333333333
