x,y
713.0,318.0
715.0,335.0
712.0,352.0
727.0,369.0
732.0,399.0
737.0,415.0
724.0,421.0
716.0,425.0
710.0,429.0
701.0,435.0
696.0,445.0
698.0,452.0
704.0,460.0
703.0,465.0
702.0,468.0
690.0,473.0
690.0,471.0
684.0,475.0
678.0,472.0
672.0,472.0
664.0,468.0
665.0,474.0
658.0,481.0
650.0,483.0
648.0,487.0
649.0,492.0
650.0,499.0
652.0,501.0
648.0,500.0
647.0,500.0
654.0,504.0
654.0,505.0
653.0,504.0
653.0,504.0
653.0,504.0
653.0,504.0
652.0,504.0
652.0,504.0
651.0,504.0
651.0,500.0
659.0,504.0
660.0,505.0
658.0,506.0
659.0,507.0
652.0,511.0
649.0,511.0
642.0,520.0
642.0,526.0
657.0,513.0
641.0,500.0
633.0,502.0
630.0,520.0
623.0,522.0
605.0,529.0
599.0,529.0
588.0,523.0
577.0,516.0
567.0,506.0
555.0,490.0
539.0,488.0
512.0,478.0
496.0,474.0
472.0,453.0
452.0,440.0
440.0,429.0
424.0,403.0
405.0,387.0
374.0,360.0
355.0,338.0
331.0,319.0
315.0,309.0
309.0,297.0
311.0,306.0
305.0,311.0
292.0,308.0
281.0,305.0
267.0,301.0
258.0,301.0
240.0,299.0
221.0,300.0
198.0,305.0
165.0,298.0
127.0,289.0
101.0,283.0
79.0,279.0
54.0,263.0
31.0,248.0
14.0,228.0
8.0,207.0
