x,y
1115.0,963.0
1174.0,898.0
1170.0,897.0
1172.0,898.0
1177.0,900.0
1180.0,896.0
1171.0,889.0
1170.0,881.0
1165.0,869.0
1156.0,856.0
1146.0,840.0
1133.0,828.0
1121.0,810.0
1121.0,809.0
1125.0,812.0
1125.0,812.0
1126.0,812.0
1125.0,813.0
1126.0,812.0
1126.0,811.0
1127.0,811.0
1127.0,811.0
1127.0,811.0
1126.0,810.0
1125.0,810.0
1125.0,810.0
1124.0,809.0
1126.0,808.0
1125.0,808.0
1125.0,807.0
1122.5,809.0
1120.0,811.0
1124.0,806.0
1122.0,806.0
1122.0,806.0
1122.0,806.0
1112.0,926.0
1079.0,988.0
1052.0,983.0
1067.0,975.0
1099.0,977.0
1122.0,806.0
1121.0,808.5
1120.0,811.0
1119.0,812.0
1119.0,811.0
1119.0,810.0
1119.0,810.0
1120.0,811.0
1118.0,811.0
1119.5,808.5
1121.0,806.0
1118.0,811.0
1118.0,812.0
1118.0,812.0
1118.0,812.0
1118.0,813.0
1117.0,812.0
1117.5,812.0
1118.0,812.0
1119.0,812.0
1120.0,812.0
1123.5454545454545,821.0
1127.090909090909,830.0
1130.6363636363637,839.0
1134.1818181818182,848.0
1137.7272727272727,857.0
1141.2727272727273,866.0
1144.8181818181818,875.0
1148.3636363636363,884.0
1151.909090909091,893.0
1155.4545454545455,902.0
1159.0,911.0
1159.0,911.0
1159.0,912.0
1159.0,911.0
1146.5,913.5
1134.0,916.0
1121.5,918.5
1109.0,921.0
1107.0,922.6666666666666
1105.0,924.3333333333334
1103.0,926.0
1101.0,927.6666666666666
1099.0,929.3333333333334
1097.0,931.0
1098.0,931.0
1099.0,816.0
1098.0,814.0
1100.0,812.0
1099.0,812.0
1100.0,813.0
1102.0,814.0
1102.0,814.0
1102.0,815.0
1101.0,815.0
1102.0,816.0
1102.0,815.0
1103.0,817.0
1104.0,818.0
