x,y
355.0,556.0
353.0,556.0
354.0,555.0
353.0,555.0
354.0,555.0
355.0,556.0
352.0,556.0
359.0,579.0
357.0,579.0
357.0,579.0
351.0,579.0
352.0,577.0
353.0,576.0
351.0,575.0
353.0,574.0
351.0,576.0
343.0,570.0
332.0,570.0
316.0,573.0
300.0,571.0
281.0,569.0
266.0,552.0
251.0,541.0
241.0,532.0
229.0,526.0
219.0,520.0
213.0,521.0
207.0,524.0
198.0,532.0
188.0,548.0
171.0,570.0
169.0,608.0
158.0,635.0
144.0,639.0
133.0,623.0
119.0,612.0
109.0,609.0
84.0,601.0
66.0,610.0
46.0,608.0
22.0,618.0
12.0,608.0
