x,y
1878.0,865.0
1822.0,867.0
1773.0,857.0
1731.0,841.0
1691.0,828.0
1653.0,823.0
1628.0,807.0
1607.0,807.0
1609.0,796.0
1613.0,798.0
1609.0,804.0
1609.0,809.0
1600.0,807.0
1597.0,813.0
1595.0,820.0
1599.0,812.0
1596.0,814.0
1604.0,809.0
1605.0,818.0
1600.0,809.0
1600.0,807.0
1602.0,809.0
1600.0,813.0
1599.0,814.0
1599.0,813.0
1600.0,813.0
1600.0,813.0
1600.0,814.0
1599.0,813.0
1600.0,814.0
1591.0,809.0
1596.0,813.0
1594.0,814.0
1592.0,813.0
1591.0,814.0
1590.0,814.0
1590.0,815.0
1589.0,815.0
1588.0,815.0
1588.0,815.0
1587.0,815.0
1587.0,815.0
1584.0,812.0
1584.0,813.0
1583.0,813.0
1581.0,813.0
1580.0,813.0
1581.0,813.0
1580.0,812.0
1580.0,812.0
1579.0,812.0
1577.0,812.0
1586.0,810.0
1578.0,814.0
1580.0,818.0
1577.0,814.0
1574.0,818.0
1574.0,818.0
1576.0,811.0
1574.0,812.0
1573.0,813.0
1572.0,814.0
1572.0,814.0
1571.0,815.0
1572.0,813.0
1570.0,816.0
1570.0,815.0
1571.0,813.0
1569.0,813.0
1569.0,815.0
1569.0,814.0
1569.0,815.0
1569.0,814.0
1568.0,813.0
1568.0,814.0
1568.0,811.0
1568.0,811.0
1567.0,814.0
1565.0,816.0
1564.0,816.0
1564.0,817.0
1562.0,817.0
1562.0,818.0
1562.0,818.0
1562.0,818.0
1562.0,818.0
1562.0,818.0
1562.0,817.0
1562.0,818.0
1562.0,818.0
1561.0,818.0
1561.0,818.0
1562.0,818.0
1562.0,818.0
1561.0,820.0
1561.0,820.0
1561.0,820.0
1561.0,820.0
1561.0,821.0
1561.0,820.0
