x,y
1556.987341772152,848.0126582278481
1556.6582278481012,848.3417721518987
1556.3291139240507,848.6708860759494
1556.0,849.0
1556.0434782608695,849.0869565217391
1556.0869565217392,849.1739130434783
1556.1304347826087,849.2608695652174
1556.1739130434783,849.3478260869565
1556.2173913043478,849.4347826086956
1556.2608695652175,849.5217391304348
1556.304347826087,849.6086956521739
1556.3478260869565,849.695652173913
1556.391304347826,849.7826086956521
1556.4347826086957,849.8695652173913
1556.4782608695652,849.9565217391304
1556.5217391304348,850.0434782608696
1556.5652173913043,850.1304347826087
1556.608695652174,850.2173913043479
1556.6521739130435,850.304347826087
1556.695652173913,850.3913043478261
1556.7391304347825,850.4782608695652
1556.7826086956522,850.5652173913044
1556.8260869565217,850.6521739130435
1556.8695652173913,850.7391304347826
1556.9130434782608,850.8260869565217
1556.9565217391305,850.9130434782609
1557.0,851.0
1556.75,851.0
1556.5,851.0
1556.25,851.0
1556.0,851.0
1556.0,851.0
1556.0,851.0
1557.0,851.0
1556.0,851.0
1557.0,850.0
1556.0,850.0
1557.0,850.0
1557.0,851.0
1556.0,850.0
1556.0,852.0
1557.0,852.0
1557.0,850.0
1557.0,852.0
1557.0,851.0
1556.0,852.0
1556.3333333333333,852.0
1556.6666666666667,852.0
1557.0,852.0
1557.0,851.0
1557.0,851.0
1557.0,851.0
1556.0,852.0
1556.0,853.0
1556.0,852.0
1557.0,853.0
1557.0,853.0
1557.0,852.0
1556.0,852.0
1538.6,855.0
1521.2,858.0
1503.8,861.0
1486.4,864.0
1469.0,867.0
1469.0,867.0
1486.6,864.2
1504.2,861.4
1521.8,858.6
1539.4,855.8
1557.0,853.0
1557.0,853.0
