x,y
1543.0,744.0
1542.0,744.0
1537.0,738.0
1536.0,739.0
1536.0,740.0
1536.0,740.0
1537.0,739.0
1537.0,738.0
1538.0,739.0
1538.0,739.0
1539.0,740.0
1538.0,739.0
1538.0,739.0
1539.0,740.0
1539.0,739.0
1545.0,745.0
1544.0,744.0
1539.0,739.0
1538.0,738.0
1538.0,738.0
1538.0,738.0
1538.0,738.0
1539.0,738.0
1544.0,744.0
1539.0,738.0
1544.0,744.0
1538.0,737.0
1545.0,744.0
1540.0,737.0
1542.0,739.3333333333334
1544.0,741.6666666666666
1546.0,744.0
1546.0,744.0
1546.0,744.0
1546.0,743.0
1545.0,738.0
1545.1,738.0
1545.2,738.0
1545.3,738.0
1545.4,738.0
1545.5,738.0
1545.6,738.0
1545.7,738.0
1545.8,738.0
1545.9,738.0
1546.0,738.0
1546.0,738.0
1546.0,738.0
1546.0,738.0
1546.0,737.5
1546.0,737.0
1546.5,737.5
1547.0,738.0
1554.0,737.0
1554.0,738.0
1554.0,738.0
1554.0,738.0
1555.0,738.0
1555.5,739.0
1556.0,740.0
1556.0,740.0
1556.0,740.0
1556.0,740.0
1556.0,738.0
1556.0,738.0
1556.0,738.0
1556.0,737.0
1557.0,738.0
1557.0,739.0
1556.6666666666667,739.3333333333334
1556.3333333333333,739.6666666666666
1556.0,740.0
1557.0,740.0
1557.0,740.0
1556.857142857143,740.1428571428571
1556.7142857142858,740.2857142857143
1556.5714285714287,740.4285714285714
1556.4285714285713,740.5714285714286
1556.2857142857142,740.7142857142857
1556.142857142857,740.8571428571429
1556.0,741.0
1556.0,740.0
1556.0,740.0
1556.0,740.0
1556.0,740.0
1556.0,741.0
1557.0,740.0
1558.0,742.0
1558.0,742.0
1558.0,741.5
1558.0,741.0
1558.0,742.0
1558.0,741.0
1559.0,741.0
1558.0,742.0
1558.0,742.0
1558.0,742.0
1558.0,742.0
1558.0,742.0
1558.0,742.0
