x,y
1530.0,778.0
1528.0,780.0
1540.0,749.0
1527.0,781.0
1540.0,749.0
1540.0,749.0
1540.0,748.0
1540.0,749.0
1539.0,749.0
1540.0,748.0
1540.0,748.0
1540.0,748.0
1540.0,748.0
1540.0,749.0
1542.0,748.0
1542.0,747.0
1542.0,746.0
1540.0,747.0
1539.0,746.0
1538.0,746.0
1538.0,746.0
1532.0,745.0
1532.0,745.0
1533.0,743.0
1532.0,740.0
1532.0,740.0
1536.0,740.0
1536.0,740.0
1536.0,741.0
1536.0,742.0
1536.0,743.0
1535.0,743.0
1536.0,743.0
1536.0,742.0
1536.0,743.0
1536.0,742.0
1536.0,743.0
1536.0,743.0
1536.0,743.0
1536.0,743.0
1536.0,743.0
1536.0,743.0
1538.0,744.0
1536.0,743.0
1536.0,744.0
1532.0,741.0
1532.0,741.0
1532.0,741.0
1536.0,742.0
1537.0,742.0
1538.0,742.0
1535.0,742.0
1537.0,743.0
1536.0,743.0
1538.0,743.0
1540.0,743.0
1540.0,743.0
1540.0,742.0
1541.0,742.0
1541.0,743.0
1542.0,744.0
1544.0,744.0
1544.0,744.0
1545.0,744.0
1545.0,744.0
1544.0,744.0
1543.0,744.0
1537.0,740.0
1537.0,740.0
1544.0,744.0
1538.0,740.0
1538.0,740.0
1537.0,740.0
1537.3333333333333,739.8333333333334
1537.6666666666667,739.6666666666666
1538.0,739.5
1538.3333333333333,739.3333333333334
1538.6666666666667,739.1666666666666
1539.0,739.0
1538.0,739.0
1544.0,744.0
1537.0,739.0
1544.0,744.0
1544.0,744.0
1544.0,744.0
1544.0,744.0
1544.0,744.0
1544.0,744.0
1544.0,744.0
1537.0,739.0
1544.0,745.0
1537.0,739.0
1544.0,744.0
1537.0,739.0
1544.0,744.0
1537.0,740.0
1544.0,745.0
1544.0,745.0
1543.0,744.0
1542.0,744.0
