x,y
228.0,528.0
229.0,526.0
230.0,525.0
229.0,524.0
232.0,521.0
231.0,525.0
231.0,524.0
231.0,525.0
231.0,525.0
230.0,524.0
224.0,519.0
222.0,511.0
226.0,515.0
233.0,516.0
235.0,520.0
235.0,518.0
235.0,518.0
234.0,516.0
230.0,515.0
227.0,519.0
223.0,519.0
223.0,515.0
234.0,513.0
239.0,511.0
235.0,510.0
236.0,509.0
230.0,512.0
228.0,510.0
217.0,512.0
206.0,515.0
202.0,523.0
205.0,530.0
203.0,539.0
199.0,544.0
200.0,549.0
201.0,548.0
204.0,543.0
189.0,528.0
192.0,527.0
185.0,526.0
196.0,522.0
189.0,526.0
196.0,526.0
207.0,515.0
210.0,518.0
219.0,508.0
237.0,505.0
257.0,511.0
271.0,530.0
283.0,533.0
298.0,534.0
303.0,527.0
306.0,525.0
309.0,512.0
318.0,516.0
318.0,515.0
325.0,510.0
326.0,503.0
339.0,511.0
348.0,506.0
355.0,498.0
360.0,494.0
358.0,481.0
345.0,468.0
346.0,464.0
346.0,463.0
354.0,462.0
358.0,458.0
363.0,450.0
369.0,442.0
368.0,433.0
373.0,423.0
369.0,417.0
376.0,403.0
372.0,396.0
366.0,386.0
369.0,379.0
375.0,382.0
381.0,379.0
403.0,378.0
417.0,385.0
426.0,387.0
449.0,384.0
467.0,383.0
475.0,373.0
480.0,365.0
498.0,359.0
513.0,357.0
505.0,358.0
504.0,355.0
513.0,359.0
515.0,353.0
526.0,358.0
530.0,353.0
530.0,355.0
525.0,352.0
531.0,350.0
525.0,357.0
525.0,354.0
517.0,352.0
