x,y
425.0,792.0
429.0,788.0
430.0,788.0
429.0,788.0
430.0,788.0
429.0,788.0
429.0,788.0
429.0,788.0
429.0,788.0
429.0,788.0
429.0,786.0
428.0,784.0
427.0,784.0
430.0,783.0
431.0,783.0
430.0,783.0
430.0,783.0
431.0,784.0
430.0,783.0
428.0,783.0
428.0,783.0
427.0,783.0
431.0,786.0
429.0,783.0
429.0,783.0
430.0,784.0
430.0,784.0
430.0,784.0
430.0,783.0
430.0,783.0
430.0,783.0
431.0,783.0
431.0,783.0
431.0,784.0
431.0,784.0
431.0,784.0
430.0,788.0
430.0,788.0
431.0,785.0
431.0,786.0
431.0,785.0
431.0,783.0
431.0,783.0
431.0,783.0
430.0,783.0
431.0,782.0
431.0,783.0
431.0,783.0
431.0,783.0
431.0,783.0
430.0,784.0
431.0,784.0
431.0,784.0
431.0,784.0
427.0,786.0
430.0,784.0
430.0,784.0
428.0,787.0
430.0,785.0
430.0,785.0
428.0,788.0
427.0,787.0
427.0,787.0
430.0,784.0
430.0,784.0
431.0,784.0
431.0,784.0
431.0,784.0
431.0,784.0
427.0,785.0
427.0,786.0
431.0,783.0
427.0,785.0
426.0,785.0
426.0,786.0
430.0,783.0
426.0,786.0
428.0,785.0
427.0,785.0
428.0,785.0
430.0,783.0
428.0,780.0
428.0,780.0
426.0,780.0
426.0,780.0
427.0,779.0
428.0,779.0
425.0,780.0
425.0,780.0
426.0,779.0
427.0,779.0
425.0,780.0
424.0,780.0
424.0,780.0
424.0,781.0
424.0,781.0
424.0,780.0
424.0,780.0
424.0,780.0
425.0,779.0
