x,y
342.0,664.0
342.0,664.0
342.0,664.0
341.0,664.0
340.0,664.0
339.0,664.0
338.0,664.0
337.0,666.0
336.0,666.0
335.0,665.0
333.0,666.0
335.0,667.0
333.0,666.0
333.0,666.0
334.0,668.0
334.0,667.0
334.0,668.0
334.0,668.0
334.0,668.0
334.0,667.0
335.0,667.0
335.0,668.0
335.0,667.0
334.0,668.0
334.0,667.0
334.0,667.0
334.0,668.0
334.0,668.0
334.0,668.0
334.0,668.0
334.0,668.0
334.0,668.0
334.0,668.0
333.0,668.0
334.0,669.0
334.0,669.0
334.0,668.0
334.0,668.0
335.0,668.0
334.0,668.0
335.0,668.0
334.0,667.0
333.0,668.0
333.0,667.0
332.0,669.0
331.0,667.0
329.0,669.0
332.0,667.0
331.0,662.0
322.0,660.0
302.0,662.0
294.0,652.0
285.0,648.0
280.0,639.0
268.0,626.0
268.0,606.0
272.0,592.0
277.0,587.0
285.0,592.0
289.0,596.0
290.0,597.0
286.0,597.0
280.0,588.0
272.0,585.0
272.0,583.0
267.0,581.0
261.0,581.0
252.0,582.0
251.0,582.0
251.0,583.0
252.0,580.0
261.0,578.0
262.0,577.0
263.0,577.0
264.0,577.0
264.0,577.0
265.0,576.0
264.0,577.0
262.0,578.0
259.0,580.0
260.0,580.0
262.0,580.0
263.0,580.0
265.0,579.0
265.0,579.0
265.0,579.0
265.0,579.0
261.0,580.0
266.0,578.0
265.0,579.0
265.0,580.0
262.0,582.0
263.0,582.0
266.0,580.0
266.0,580.0
265.0,581.0
264.0,581.0
265.0,580.0
265.0,579.0
266.0,579.0
