x,y
1872.0,474.0
1832.0,500.0
1791.0,531.0
1746.0,554.0
1695.0,588.0
1645.0,586.0
1606.0,564.0
1567.0,536.0
1537.0,520.0
1533.0,529.0
1545.0,555.0
1543.0,588.0
1542.0,595.0
1534.0,607.0
1537.0,614.0
1530.0,609.0
1519.0,599.0
1513.0,590.0
1501.0,585.0
1502.0,584.0
1505.0,587.0
1502.0,584.0
1501.0,584.0
1501.0,585.0
1497.0,582.0
1495.0,582.0
1494.0,582.0
1494.0,581.0
1493.0,582.0
1493.0,583.0
1493.0,585.0
1493.0,586.0
1492.0,585.0
1492.0,586.0
1492.0,586.0
1492.0,587.0
1492.0,595.0
1491.0,595.0
1491.0,589.0
1490.0,591.0
1490.0,589.0
1490.0,588.0
1490.0,587.0
1490.0,587.0
1490.0,584.0
1491.0,583.0
1494.0,585.0
1500.0,586.0
1500.0,584.0
1499.0,581.0
1497.0,582.0
1496.0,581.0
1495.0,582.0
1495.0,582.0
1494.0,583.0
1492.0,583.0
1492.0,583.0
1492.0,584.0
1492.0,582.0
1490.0,581.0
1490.0,583.0
1490.0,584.0
1489.0,583.0
1489.0,580.0
1489.0,581.0
1488.0,581.0
1485.0,583.0
1484.0,585.0
1484.0,582.0
1484.0,582.0
1482.0,585.0
1482.0,585.0
1482.0,585.0
1481.0,585.0
1482.0,583.0
1481.0,584.0
1479.0,586.0
1482.0,583.0
1481.0,583.0
1482.0,583.0
1479.0,586.0
1479.0,586.0
1479.0,586.0
1479.0,586.0
1482.0,583.0
1483.0,583.0
1479.0,587.0
1479.0,586.0
1479.0,587.0
1478.0,587.0
1479.0,587.0
1479.0,587.0
1479.0,588.0
1480.0,588.0
1479.0,588.0
1485.0,582.0
1484.0,583.0
1480.0,589.0
1480.0,588.0
1479.0,587.0
