x,y
1260.0,55.0
1232.0,81.0
1204.0,113.0
1181.0,136.0
1156.0,150.0
1138.0,159.0
1120.0,166.0
1096.0,164.0
1068.0,163.0
1040.0,154.0
1007.0,148.0
985.0,141.0
962.0,146.0
942.0,160.0
937.0,171.0
932.0,180.0
936.0,197.0
946.0,204.0
954.0,207.0
963.0,212.0
967.0,216.0
965.0,219.0
968.0,224.0
958.0,220.0
958.0,220.0
958.0,220.0
957.0,218.0
957.0,221.0
958.0,222.0
957.0,221.0
961.0,231.0
958.0,220.0
938.0,209.0
962.0,234.0
958.0,238.0
960.0,239.0
962.0,241.0
963.0,244.0
968.0,250.0
967.0,250.0
966.0,250.0
967.0,251.0
961.0,246.0
957.0,236.0
965.0,245.0
975.0,252.0
988.0,248.0
995.0,273.0
998.0,279.0
1009.0,300.0
1007.0,320.0
1005.0,342.0
1000.0,355.0
992.0,367.0
993.0,386.0
996.0,395.0
1001.0,399.0
1001.0,394.0
1014.0,385.0
1023.0,385.0
1031.0,384.0
1036.0,383.0
1039.0,385.0
1041.0,373.0
1033.0,377.0
1037.0,375.0
1036.0,379.0
1053.0,389.0
1072.0,395.0
1096.0,395.0
1110.0,411.0
1135.0,415.0
1150.0,432.0
1163.0,449.0
1187.0,467.0
1193.0,486.0
1197.0,508.0
1191.0,532.0
1187.0,563.0
1199.0,584.0
1217.0,609.0
1240.0,631.0
1246.0,660.0
1249.0,684.0
1252.0,701.0
1238.0,736.0
1229.0,756.0
1212.0,763.0
1196.0,770.0
1185.0,777.0
1181.0,788.0
1173.0,797.0
1171.0,804.0
1155.0,817.0
1131.0,839.0
1102.0,863.0
1104.0,867.0
1102.0,872.0
1104.0,882.0
1109.0,887.0
