x,y
1841.0,707.0
1806.0,716.0
1776.0,719.0
1750.0,720.0
1722.0,728.0
1701.0,713.0
1687.0,702.0
1688.0,689.0
1700.0,680.0
1692.0,671.0
1692.0,672.0
1695.0,681.0
1689.0,684.0
1688.0,674.0
1692.0,675.0
1690.0,674.0
1689.0,670.0
1694.0,676.0
1692.0,671.0
1693.0,677.0
1694.0,674.0
1699.0,668.0
1699.0,668.0
1699.0,666.0
1698.0,669.0
1698.0,668.0
1696.0,669.0
1698.0,668.0
1699.0,668.0
1699.0,664.0
1699.0,659.0
1702.0,658.0
1705.0,654.0
1704.0,653.0
1703.0,654.0
1705.0,653.0
1705.0,652.0
1706.0,652.0
1704.0,652.0
1707.0,652.0
1706.0,652.0
1708.0,652.0
1707.0,652.0
1703.0,651.0
1704.0,650.0
1703.0,650.0
1709.0,646.0
1710.0,644.0
1711.0,641.0
1711.0,640.0
1711.0,639.0
1711.0,640.0
1711.0,639.0
1711.0,638.0
1712.0,642.0
1712.0,642.0
1713.0,640.0
1713.0,640.0
1713.0,638.0
1710.0,635.0
1709.0,635.0
1708.0,634.0
1708.0,634.0
1711.0,634.0
1709.0,637.0
1709.0,636.0
1707.0,635.0
1707.0,636.0
1707.0,635.0
1706.0,636.0
1706.0,634.0
1702.0,634.0
1702.0,636.0
1701.0,635.0
1701.0,634.0
1700.0,632.0
1698.0,632.0
1699.0,632.0
1699.0,632.0
1698.0,632.0
1699.0,632.0
1699.0,631.0
1699.0,630.0
1698.0,630.0
1699.0,630.0
1699.0,631.0
1697.0,631.0
1692.0,635.0
1688.0,637.0
1688.0,637.0
1689.0,637.0
1690.0,636.0
1689.0,636.0
1687.0,637.0
1688.0,637.0
1688.0,637.0
1690.0,637.0
1690.0,638.0
1688.0,639.0
1691.0,640.0
