x,y
675.0,658.0
675.6875,654.6875
676.375,651.375
677.0625,648.0625
677.75,644.75
678.4375,641.4375
679.125,638.125
679.8125,634.8125
680.5,631.5
681.1875,628.1875
681.875,624.875
682.5625,621.5625
683.25,618.25
683.9375,614.9375
684.625,611.625
685.3125,608.3125
686.0,605.0
686.6875,601.6875
687.375,598.375
688.0625,595.0625
688.75,591.75
689.4375,588.4375
690.125,585.125
690.8125,581.8125
691.5,578.5
692.1875,575.1875
692.875,571.875
693.5625,568.5625
694.25,565.25
694.9375,561.9375
695.625,558.625
696.3125,555.3125
697.0,552.0
697.0,552.0
697.0,552.0
697.0,552.0
697.0,552.0
697.0,551.0
