x,y
1889.0,845.0
1889.0,845.0
1890.0,845.0
1890.0,845.0
1892.0,846.0
1895.0,846.0
1894.0,847.0
1896.0,845.0
1897.0,845.0
1897.0,845.0
1897.0,844.0
1897.0,844.0
1898.0,844.0
1898.0,844.0
1898.0,844.0
1898.0,844.0
1898.0,844.0
1898.0,844.0
1899.0,842.0
1899.0,844.0
1899.0,844.0
1899.0,844.0
1899.0,845.0
1899.0,845.0
1899.0,845.0
1899.0,845.0
1899.0,845.0
1899.0,845.0
1899.0,844.0
1899.0,844.0
1900.0,844.0
1900.0,845.0
1901.0,845.0
1900.0,845.0
1901.0,844.0
1901.0,845.0
1901.0,844.0
1901.0,845.0
1900.0,845.0
1900.0,845.0
1900.0,844.0
1900.0,844.0
1900.0,844.0
1900.0,844.0
1901.0,843.0
1901.0,843.0
1901.0,843.0
1901.0,843.0
1901.0,843.0
1901.0,843.0
1901.0,843.0
1900.0,843.0
1901.0,843.0
1901.0,843.0
1900.0,843.0
1900.0,843.0
1900.0,843.0
1900.0,843.0
1900.0,843.0
1901.0,844.0
1902.0,845.0
1902.0,846.0
1901.0,847.0
1902.0,847.0
1902.0,847.0
1902.0,847.0
1903.0,845.0
1902.0,844.0
1903.0,844.0
1902.0,845.0
1903.0,845.0
1903.0,845.0
1903.0,846.0
1903.0,847.0
1904.0,848.0
1904.0,847.0
1904.0,846.0
1904.0,846.0
1904.0,846.0
1904.0,846.0
1904.0,846.0
1904.0,846.0
1904.0,846.0
1904.0,846.0
1904.0,846.0
1904.0,847.0
1904.0,847.0
1904.0,847.0
1904.0,847.0
1904.0,847.0
1904.0,847.0
1904.0,847.0
1905.0,847.0
1904.0,847.0
1904.0,846.0
1904.0,847.0
1904.0,847.0
1905.0,847.0
1905.0,848.0
1904.0,849.0
