x,y
1054.0,141.0
1062.0,134.0
1077.0,128.0
1096.0,119.0
1116.0,110.0
1132.0,104.0
1155.0,107.0
1176.0,101.0
1205.0,100.0
1229.0,102.0
1255.0,98.0
1283.0,110.0
1308.0,120.0
1335.0,142.0
1372.0,155.0
1407.0,168.0
1453.0,175.0
1494.0,181.0
1534.0,199.0
1562.0,226.0
1574.0,267.0
1576.0,307.0
1570.0,353.0
1566.0,397.0
1566.0,435.0
1575.0,472.0
1589.0,508.0
1608.0,555.0
1617.0,586.0
1631.0,626.0
1639.0,654.0
1648.0,663.0
1653.0,664.0
1662.0,665.0
1675.0,676.0
1695.0,695.0
1732.0,708.0
1759.0,732.0
1812.0,767.0
1857.0,802.0
1897.0,855.0
