x,y
520.0,298.0
519.0,297.0
515.0,302.0
516.0,302.0
516.0,300.0
516.0,300.0
515.0,302.0
504.0,302.0
483.0,307.0
480.0,313.0
490.0,319.0
477.0,324.0
480.0,342.0
485.0,364.0
483.0,380.0
476.0,397.0
473.0,415.0
477.0,426.0
472.0,452.0
476.0,462.0
462.0,469.0
469.0,496.0
464.0,503.0
455.0,514.0
450.0,529.0
447.0,538.0
460.0,548.0
456.0,552.0
459.0,553.0
460.0,553.0
459.0,553.0
457.0,557.0
453.0,563.0
451.0,563.0
449.0,565.0
441.0,566.0
429.0,568.0
424.0,564.0
415.0,575.0
414.0,571.0
419.0,575.0
419.0,582.0
418.0,592.0
420.0,611.0
419.0,620.0
418.0,618.0
416.0,611.0
405.0,605.0
409.0,607.0
413.0,610.0
414.0,608.0
413.0,610.0
415.0,609.0
417.0,609.0
416.0,612.0
416.0,610.0
415.0,611.0
418.0,610.0
416.0,611.0
417.0,611.0
417.0,611.0
418.0,612.0
420.0,614.0
420.0,611.0
423.0,616.0
424.0,618.0
425.0,617.0
427.0,617.0
428.0,622.0
430.0,622.0
432.0,621.0
432.0,624.0
432.0,626.0
432.0,624.0
434.0,623.0
432.0,626.0
435.0,625.0
434.0,624.0
433.0,626.0
436.0,627.0
434.0,626.0
437.0,626.0
435.0,638.0
433.0,633.0
433.0,632.0
440.0,628.0
439.0,632.0
436.0,630.0
433.0,638.0
428.0,644.0
427.0,641.0
426.0,633.0
420.0,618.0
409.0,600.0
404.0,580.0
408.0,563.0
405.0,531.0
407.0,494.0
421.0,461.0
434.0,425.0
