x,y
14.0,418.0
12.0,402.0
12.0,390.0
15.0,376.0
15.0,363.0
16.0,359.0
24.0,355.0
30.0,352.0
38.0,355.0
49.0,368.0
52.0,398.0
40.0,425.0
35.0,440.0
36.0,450.0
33.0,460.0
37.0,462.0
20.0,463.0
12.0,472.0
13.0,486.0
8.0,496.0
2.0,524.0
1.0,553.0
6.0,586.0
11.0,619.0
10.0,657.0
6.0,698.0
7.0,744.0
21.0,791.0
26.0,827.0
73.0,839.0
123.0,845.0
169.0,851.0
219.0,855.0
271.0,869.0
329.0,890.0
391.0,910.0
449.0,933.0
511.0,953.0
567.0,965.0
617.0,974.0
676.0,991.0
733.0,999.0
781.0,1021.0
833.0,1030.0
874.0,1029.0
902.0,1021.0
919.0,1007.0
929.0,993.0
929.0,971.0
926.0,955.0
929.0,942.0
935.0,938.0
940.0,940.0
946.0,942.0
950.0,945.0
946.0,939.0
954.0,933.0
955.0,932.0
950.0,927.0
951.0,913.0
952.0,912.0
954.0,908.0
953.0,909.0
952.0,908.0
954.0,907.0
951.0,908.0
949.0,908.0
953.0,907.0
952.0,907.0
951.0,905.0
951.0,910.0
957.0,909.0
957.0,910.0
950.0,911.0
948.0,910.0
950.0,909.0
951.0,908.0
952.0,908.0
951.0,908.0
952.0,908.0
952.0,908.0
951.0,908.0
951.0,909.0
952.0,908.0
952.0,908.0
952.0,908.0
952.0,908.0
954.0,907.0
955.0,907.0
954.0,907.0
953.0,907.0
953.0,907.0
953.0,907.0
954.0,906.0
953.0,907.0
955.0,905.0
955.0,904.0
955.0,904.0
955.0,904.0
956.0,903.0
