x,y
1775.0,1012.0
1775.0,1012.0
1774.0,1012.0
1774.0,1013.0
1775.0,1014.0
1775.0,1016.0
1774.0,1015.0
1774.0,1015.0
1774.0,1015.0
1774.0,1015.0
1774.0,1015.0
1774.0,1015.0
1775.0,1016.0
1774.0,1014.0
1774.0,1015.0
1773.0,1014.0
1774.0,1016.0
1773.0,1016.0
1774.0,1016.0
1773.0,1016.0
1773.0,1016.0
1773.0,1016.0
1774.0,1016.0
1773.0,1016.0
1773.0,1016.0
1773.0,1015.0
1773.0,1017.0
1773.0,1015.0
1773.0,1015.0
1773.0,1015.0
1773.0,1018.0
1774.0,1018.0
1774.0,1019.0
1774.0,1019.0
1774.0,1019.0
1774.0,1020.0
1775.0,1020.0
1775.0,1020.0
1775.0,1020.0
1775.0,1020.0
1776.0,1020.0
1776.0,1020.0
1776.0,1020.0
1776.0,1020.0
1776.0,1020.0
1776.0,1020.0
1776.0,1021.0
1776.0,1021.0
1776.0,1021.0
1776.0,1021.0
1776.0,1021.0
1777.0,1021.0
1777.0,1021.0
1777.0,1021.0
1777.0,1021.0
1777.0,1021.0
1777.0,1021.0
1777.0,1021.0
1778.0,1021.0
1777.0,1021.0
1777.0,1021.0
1778.0,1021.0
1778.0,1022.0
1778.0,1022.0
1778.0,1023.0
1778.0,1023.0
1779.0,1023.0
1779.0,1023.0
1779.0,1023.0
1780.0,1023.0
1780.0,1022.0
1780.0,1022.0
1780.0,1023.0
1780.0,1022.0
1781.0,1022.0
1782.0,1021.0
1783.0,1021.0
1785.0,1019.0
1785.0,1019.0
1786.0,1018.0
1788.0,1014.0
1789.0,1017.0
1791.0,1016.0
1791.0,1014.0
1792.0,1015.0
1793.0,1015.0
1793.0,1015.0
1793.0,1015.0
1793.0,1015.0
1794.0,1015.0
1794.0,1014.0
1794.0,1014.0
1793.0,1013.0
1793.0,1013.0
1793.0,1013.0
1793.0,1012.0
1793.0,1012.0
1793.0,1012.0
1793.0,1012.0
1793.0,1013.0
