x,y
393.0,202.0
401.0,203.0
408.0,228.0
417.0,180.0
406.0,195.0
424.0,200.0
420.0,212.0
423.5,211.0
427.0,210.0
421.0,202.0
427.0,206.0
431.0,210.0
428.0,206.0
432.0,210.0
432.0,211.0
433.0,209.0
433.0,211.0
434.0,210.0
435.0,210.0
434.0,211.0
436.0,211.0
435.0,211.0
436.0,211.0
436.0,211.0
436.0,211.0
434.0,210.0
434.0,210.0
436.0,210.0
434.0,209.0
436.0,209.0
435.0,209.0
435.0,209.0
435.0,209.0
434.0,209.0
436.0,208.0
436.0,208.0
436.0,208.0
437.0,209.0
428.0,182.0
433.0,205.0
433.0,205.0
433.0,205.0
432.5,205.0
432.0,205.0
433.0,205.0
432.0,206.0
428.0,184.0
432.0,206.0
432.0,206.0
432.0,205.0
432.0,205.0
432.0,205.0
432.0,205.0
432.0,206.0
432.0,205.0
432.0,205.0
432.0,205.0
432.0,206.0
431.6666666666667,206.0
431.3333333333333,206.0
431.0,206.0
428.4,201.0
425.8,196.0
423.2,191.0
420.6,186.0
418.0,181.0
420.0,181.0
422.0,180.0
422.0,178.0
423.0,176.0
426.0,172.0
430.0,170.0
432.0,169.0
435.0,167.0
438.0,165.0
443.0,164.0
444.57142857142856,164.28571428571428
446.14285714285717,164.57142857142858
447.7142857142857,164.85714285714286
449.2857142857143,165.14285714285714
450.85714285714283,165.42857142857142
452.42857142857144,165.71428571428572
454.0,166.0
465.0,162.0
466.0,177.0
481.0,168.0
506.0,160.0
541.0,145.0
562.0,134.0
589.0,113.0
609.0,81.0
623.0,52.0
638.0,32.0
663.0,23.0
687.0,17.0
715.0,8.0
