x,y
1794.0,1013.0
1794.0,1013.0
1794.0,1013.0
1794.0,1013.0
1794.0,1013.0
1794.0,1013.0
1795.0,1013.0
1794.0,1013.0
1794.0,1013.0
1794.0,1013.0
1794.0,1012.0
1794.0,1013.0
1793.0,1012.0
1793.0,1012.0
1793.0,1012.0
1793.0,1012.0
1793.0,1012.0
1793.0,1013.0
1795.0,1014.0
1795.0,1014.0
1795.0,1014.0
1797.0,1016.0
1797.0,1017.0
1793.0,1018.0
1794.0,1018.0
1795.0,1020.0
1796.0,1018.0
1798.0,1016.0
1801.0,1018.0
1802.0,1018.0
1804.0,1019.0
1813.0,1016.0
1823.0,1028.0
1840.0,1025.0
1836.0,1020.0
1841.0,1019.0
1841.0,1013.0
1842.0,1013.0
1849.0,1001.0
1855.0,984.0
1864.0,962.0
1866.0,953.0
1864.0,943.0
1872.0,924.0
1858.0,935.0
1854.0,926.0
1853.0,920.0
1842.0,917.0
1842.0,913.0
1837.0,913.0
1837.0,912.0
1834.0,913.0
1845.0,913.0
1846.0,912.0
1848.0,915.0
1856.0,917.0
1865.0,920.0
1872.0,923.0
1869.0,919.0
1869.0,919.0
1874.0,922.0
1875.0,915.0
1880.0,915.0
1890.0,921.0
1901.0,931.0
1909.0,937.0
1915.0,945.0
1918.0,944.0
1917.625,939.25
1917.25,934.5
1916.875,929.75
1916.5,925.0
1916.125,920.25
1915.75,915.5
1915.375,910.75
1915.0,906.0
1907.0,903.0
1896.0,885.0
1896.0,865.0
1886.0,849.0
1879.0,843.0
1876.0,843.0
1883.0,847.0
1870.0,852.0
1876.0,856.0
1873.0,873.0
1873.0,879.0
1876.0,876.0
1876.0,862.0
1873.0,852.0
1868.0,847.0
1867.0,833.0
1861.0,825.0
1853.0,813.0
1844.0,807.0
1849.0,807.0
1855.0,815.0
1855.0,824.0
1852.0,835.0
1855.0,835.0
