x,y
294.2083333333333,483.3125
290.75,484.125
287.29166666666663,484.9375
283.8333333333333,485.75
280.375,486.5625
276.91666666666663,487.375
273.4583333333333,488.1875
270.0,489.0
268.0,499.0
270.0,499.0
272.0,497.0
273.0,497.0
278.0,494.0
278.0,495.0
277.0,496.0
269.0,497.0
269.0,497.0
269.0,497.0
269.0,497.0
269.0,497.0
269.0,497.0
270.0,497.0
270.0,497.0
271.0,497.0
272.0,497.0
275.0,500.0
275.0,497.0
275.0,497.0
278.0,498.0
278.0,496.0
278.0,496.0
278.0,496.0
278.0,495.0
277.0,495.0
277.0,495.0
277.0,495.0
277.0,495.0
277.0,495.0
277.0,496.0
278.0,495.0
277.0,495.0
277.0,496.0
277.0,496.0
276.0,496.0
277.0,495.0
277.0,495.0
277.0,495.0
277.0,495.0
277.0,495.0
285.0,489.0
285.0,489.0
284.0,490.0
282.0,492.0
282.0,491.0
283.0,490.0
282.0,490.0
283.0,490.0
283.0,490.0
283.0,490.0
283.0,490.0
283.0,490.0
283.0,490.0
283.0,490.0
283.0,490.0
282.0,489.0
281.0,489.0
283.0,488.0
282.0,489.0
284.0,489.0
283.0,489.0
283.0,489.0
283.0,489.0
284.0,488.0
282.0,487.0
282.0,487.0
282.0,487.0
282.0,488.0
283.0,488.0
282.0,487.0
282.0,488.0
283.0,486.0
283.0,488.0
283.0,487.0
283.0,488.0
282.0,488.0
282.0,488.0
282.0,488.0
282.0,488.0
282.0,488.0
282.0,488.0
282.0,488.0
282.0,487.0
282.0,488.0
282.0,488.0
282.0,488.0
282.0,488.0
280.0,487.0
280.0,487.0
280.0,486.0
280.0,486.0
