x,y
1231.0,918.0
1231.0,903.0
1235.0,884.0
1237.0,869.0
1233.0,865.0
1230.0,860.0
1227.0,857.0
1234.0,864.0
1245.0,872.0
1260.0,883.0
1276.0,916.0
1300.0,934.0
1311.0,950.0
1325.0,955.0
1338.0,949.0
1343.0,944.0
1341.0,936.0
1352.0,944.0
1360.0,948.0
1361.0,947.0
1362.0,947.0
1365.0,948.0
1363.0,949.0
1360.0,947.0
1356.0,942.0
1360.0,935.0
1358.0,933.0
1364.0,931.0
1362.0,925.0
1368.6,922.8
1375.2,920.6
1381.8,918.4
1388.4,916.2
1395.0,914.0
1413.0,916.0
1441.0,929.0
1456.0,929.0
1479.0,907.0
1487.0,872.0
1510.0,828.0
1522.0,794.0
1526.0,759.0
1521.0,745.0
1541.0,741.0
1567.0,735.0
1592.0,719.0
1619.0,689.0
1647.0,667.0
1668.0,632.0
1669.0,591.0
1677.0,538.0
1662.0,473.0
1662.0,399.0
1667.0,318.0
1651.0,218.0
1637.0,116.0
1626.0,13.0
