x,y
1330.0,946.0
1348.0,887.0
1362.0,847.0
1365.0,815.0
1362.0,798.0
1358.0,791.0
1360.0,778.0
1358.0,769.0
1350.0,776.0
1339.0,772.0
1329.0,780.0
1324.0,779.0
1320.0,780.0
1312.0,780.0
1302.0,776.0
1300.0,775.0
1297.0,774.0
1300.0,774.0
1301.0,771.0
1299.0,771.0
1300.0,771.0
1300.0,771.0
1302.0,771.0
1301.0,772.0
1300.0,771.0
1301.0,772.0
1302.0,771.0
1303.0,771.0
1303.0,770.0
1303.0,770.0
1303.0,771.0
1303.0,770.0
1299.0,772.0
1299.0,773.0
1298.0,772.0
1300.0,770.0
1300.0,768.0
1301.0,766.0
1299.0,763.0
1303.0,763.0
1304.0,758.0
1306.0,761.0
1300.0,759.0
1303.0,762.0
1302.0,761.0
1301.0,758.0
1302.0,758.0
1302.0,758.0
1302.0,757.0
1302.0,757.0
1300.0,752.0
1301.0,756.0
1303.0,756.0
1303.0,757.0
1303.0,758.0
1304.0,759.0
1303.0,759.0
1303.0,758.0
1303.0,758.0
1302.0,749.0
1302.0,749.0
1302.0,749.0
1301.0,749.0
1302.0,749.0
1302.0,749.0
1301.0,750.0
1304.0,758.0
1311.0,774.0
1311.0,776.0
1311.0,776.0
1311.0,775.0
1311.0,775.0
1311.0,776.0
1308.0,778.0
1309.0,777.0
1308.0,778.0
1308.0,778.0
1308.0,777.0
1308.0,777.0
1308.0,777.0
1308.0,776.0
1308.0,777.0
1308.0,777.0
1308.0,777.0
1297.0,749.0
1297.0,750.0
1297.0,751.0
1298.0,747.0
1298.0,747.0
1294.0,746.0
1293.0,745.0
1293.0,746.0
1293.0,744.0
1293.0,745.0
1292.0,744.0
1291.0,743.0
1292.0,744.0
1291.0,746.0
1292.0,745.0
1291.0,746.0
