x,y
818.0,539.0
818.0,539.0
818.0,539.0
818.0,539.0
818.0,540.0
818.0,540.0
818.0,540.0
819.0,540.0
819.0,541.0
819.0,541.0
820.0,540.0
820.0,539.0
820.0,537.0
820.0,537.0
820.0,537.0
820.0,537.0
820.0,537.0
820.0,537.0
820.0,537.0
820.0,536.0
820.0,536.0
820.0,536.0
820.0,535.0
820.0,535.0
821.0,534.0
821.0,533.0
820.0,532.0
823.0,529.0
823.0,529.0
825.0,529.0
825.0,528.0
825.0,528.0
824.0,529.0
825.0,528.0
825.0,529.0
822.0,529.0
825.0,528.0
825.0,529.0
826.0,529.0
825.0,529.0
825.0,530.0
826.0,529.0
826.0,529.0
826.0,529.0
824.0,529.0
825.0,527.0
824.0,528.0
826.0,528.0
823.0,528.0
826.0,528.0
823.0,527.0
823.0,527.0
823.0,527.0
823.0,528.0
822.0,527.0
822.0,526.0
818.0,526.0
816.0,527.0
816.0,527.0
814.0,526.0
814.0,526.0
815.0,525.0
816.0,522.0
814.0,522.0
813.0,521.0
814.0,520.0
812.0,521.0
812.0,521.0
812.0,521.0
812.0,521.0
812.0,521.0
813.0,519.0
812.0,520.0
812.0,521.0
813.0,521.0
813.0,521.0
815.0,520.0
814.0,520.0
813.0,521.0
812.0,521.0
811.0,519.0
810.0,522.0
810.0,522.0
810.0,520.0
810.0,522.0
811.0,522.0
812.0,514.0
815.0,513.0
816.0,515.0
817.0,514.0
819.0,513.0
820.0,511.0
816.0,511.0
809.0,505.0
789.0,491.0
766.0,483.0
752.0,474.0
735.0,473.0
720.0,460.0
712.0,440.0
