x,y
1034.0,507.0
1030.0,504.0
1020.0,500.0
1001.0,501.0
997.0,494.0
987.0,495.0
978.0,505.0
981.0,502.0
965.0,511.0
965.0,515.0
955.0,516.0
934.0,520.0
914.0,523.0
895.0,529.0
887.0,530.0
879.0,527.0
875.0,527.0
872.0,527.0
872.0,522.0
866.0,522.0
870.0,522.0
867.0,522.0
865.0,519.0
869.0,516.0
865.0,515.0
860.0,508.0
858.0,504.0
858.0,502.0
846.0,497.0
818.0,492.0
811.0,497.0
815.0,502.0
810.0,500.0
815.0,498.0
817.0,495.0
816.0,495.0
817.0,496.0
813.0,502.0
816.0,497.0
811.0,503.0
813.0,504.0
817.0,497.0
817.0,497.0
818.0,496.0
819.0,497.0
819.0,497.0
820.0,498.0
811.0,499.0
815.0,502.0
814.0,500.0
816.0,499.0
815.0,500.0
819.0,501.0
818.0,502.0
815.0,502.0
814.0,505.0
815.0,506.0
814.0,507.0
815.0,506.0
815.0,505.0
814.0,507.0
814.0,507.0
814.0,507.0
814.0,507.0
814.0,507.0
812.0,506.0
814.0,507.0
812.0,507.0
813.0,507.0
812.0,507.0
813.0,509.0
812.0,511.0
812.0,511.0
813.0,510.0
812.0,512.0
812.0,512.0
812.0,512.0
812.0,512.0
813.0,511.0
813.0,510.0
813.0,510.0
813.0,510.0
814.0,509.0
814.0,510.0
813.0,510.0
813.0,512.0
811.0,514.0
812.0,513.0
812.0,515.0
812.0,513.0
812.0,514.0
812.0,514.0
811.0,514.0
812.0,513.0
812.0,513.0
811.0,515.0
811.0,515.0
810.0,515.0
811.0,515.0
810.0,516.0
