x,y
562.0,914.0
562.0,914.0
562.0,915.0
562.0,915.0
562.0,916.0
561.0,914.0
562.0,914.0
562.0,915.0
562.0,916.0
563.0,916.0
563.0,915.0
562.0,916.0
563.0,917.0
563.0,916.0
564.0,916.0
564.0,917.0
564.0,916.0
563.0,916.0
563.0,916.0
564.0,916.0
563.0,916.0
564.0,916.0
563.0,916.0
563.0,915.0
564.0,916.0
564.0,917.0
564.0,917.0
564.0,917.0
564.0,917.0
564.0,917.0
564.0,917.0
564.0,917.0
564.0,917.0
564.0,917.0
564.0,918.0
564.0,918.0
564.0,918.0
564.0,918.0
564.0,918.0
564.0,918.0
563.0,917.0
560.0,918.0
558.0,919.0
557.0,919.0
558.0,917.0
557.0,918.0
557.0,918.0
558.0,917.0
558.0,918.0
557.0,918.0
557.0,918.0
558.0,918.0
557.0,918.0
557.0,918.0
558.0,918.0
558.0,917.0
559.0,917.0
558.0,918.0
558.0,918.0
559.0,918.0
559.0,919.0
559.0,918.0
558.0,918.0
559.0,918.0
559.0,918.0
559.0,918.0
560.0,918.0
559.0,918.0
558.0,919.0
558.0,918.0
560.0,920.0
558.0,920.0
560.0,921.0
558.0,921.0
566.0,928.0
539.0,905.0
546.0,905.0
567.0,897.0
589.0,898.0
623.0,894.0
655.0,890.0
681.0,882.0
713.0,883.0
735.0,873.0
761.0,868.0
793.0,865.0
814.0,856.0
848.0,846.0
863.0,830.0
886.0,817.0
891.0,800.0
894.0,789.0
903.0,772.0
911.0,764.0
920.0,760.0
931.0,758.0
935.0,757.0
946.0,764.0
954.0,776.0
965.0,770.0
