x,y
1672.0,434.0
1672.0,435.0
1671.0,434.0
1672.0,435.0
1672.0,435.0
1671.0,435.0
1671.0,435.0
1672.0,436.0
1671.0,437.0
1671.0,437.0
1671.0,436.0
1672.0,436.0
1672.0,435.0
1672.0,433.0
1670.0,433.0
1670.0,433.0
1672.0,432.0
1670.0,433.0
1670.0,431.0
1670.0,432.0
1670.0,433.0
1670.0,433.0
1670.0,433.0
1669.0,431.0
1668.0,432.0
1669.0,431.0
1670.0,430.0
1669.0,431.0
1669.0,430.0
1669.0,430.0
1670.0,430.0
1670.0,430.0
1670.0,430.0
1670.0,431.0
1670.0,431.0
1670.0,431.0
1669.0,431.0
1670.0,430.0
1668.0,429.0
1668.0,428.0
1672.0,428.0
1671.0,427.0
1672.0,427.0
1671.0,428.0
1670.0,428.0
1670.0,428.0
1671.0,428.0
1671.0,428.0
1671.0,428.0
1671.0,427.0
1672.0,427.0
1673.0,426.0
1673.0,425.0
1672.0,426.0
1671.0,425.0
1671.0,425.0
1671.0,426.0
1671.0,425.0
1670.0,425.0
1671.0,424.0
1670.0,424.0
1670.0,426.0
1670.0,425.0
1670.0,425.0
1669.0,427.0
1669.0,427.0
1669.0,427.0
1669.0,428.0
1669.0,427.0
1669.0,427.0
1669.0,429.0
1668.0,425.0
1666.0,428.0
1665.0,430.0
1666.0,429.0
1670.0,429.0
1669.0,427.0
1670.0,427.0
1670.0,428.0
1670.0,428.0
1670.0,429.0
1671.0,427.0
1673.0,429.0
1670.0,431.0
1663.0,431.0
1654.0,429.0
1647.0,429.0
1641.0,422.0
1644.0,421.0
1634.0,417.0
1635.0,404.0
1647.0,400.0
1659.0,391.0
1659.0,382.0
1656.0,373.0
1656.0,350.0
1642.0,344.0
1625.0,319.0
1604.0,306.0
1597.0,279.0
