x,y
1783.0,917.0
1783.0,916.0
1783.0,916.0
1783.0,914.0
1784.0,914.0
1783.0,914.0
1783.0,913.0
1783.0,913.0
1783.0,914.0
1783.0,914.0
1783.0,914.0
1783.0,913.0
1783.0,913.0
1783.0,913.0
1783.0,913.0
1783.0,913.0
1784.0,912.0
1784.0,912.0
1784.0,909.0
1784.0,909.0
1784.0,909.0
1784.0,909.0
1785.0,910.0
1785.0,909.0
1783.0,910.0
1785.0,909.0
1786.0,909.0
1786.0,909.0
1786.0,909.0
1786.0,908.0
1786.0,908.0
1787.0,908.0
1788.0,910.0
1788.0,913.0
1792.0,914.0
1792.0,913.0
1791.0,914.0
1791.0,914.0
1791.0,914.0
1791.0,913.0
1790.0,914.0
1790.0,914.0
1789.0,914.0
1789.0,914.0
1789.0,914.0
1789.0,914.0
1788.0,913.0
1789.0,913.0
1787.0,910.0
1788.0,911.0
1788.0,913.0
1788.0,913.0
1787.0,910.0
1787.0,913.0
1787.0,913.0
1787.0,913.0
1786.0,910.0
1786.0,909.0
1786.0,909.0
1787.0,910.0
1786.0,909.0
1787.0,909.0
1789.0,911.0
1790.0,911.0
1788.0,911.0
1789.0,911.0
1788.0,911.0
1788.0,911.0
1789.0,912.0
1789.0,912.0
1789.0,912.0
1789.0,912.0
1790.0,911.0
1789.0,911.0
1789.0,911.0
1789.0,911.0
1790.0,911.0
1790.0,911.0
1788.0,909.0
1788.0,911.0
1788.0,909.0
1788.0,908.0
1791.0,911.0
1791.0,911.0
1792.0,911.0
1790.0,911.0
1793.0,911.0
1794.0,911.0
1794.0,913.0
1795.0,913.0
1795.0,913.0
1795.0,913.0
1795.0,913.0
1795.0,914.0
1794.0,914.0
1794.0,914.0
1794.0,914.0
1794.0,914.0
1794.0,914.0
1794.0,913.0
