x,y
642.0,144.0
681.0,200.0
715.0,235.0
744.0,265.0
778.0,284.0
811.0,297.0
835.0,298.0
845.0,294.0
846.0,293.0
844.0,288.0
836.0,281.0
836.0,277.0
833.0,284.0
829.0,278.0
827.0,289.0
828.0,291.0
824.0,295.0
812.0,303.0
804.0,304.0
796.0,305.0
807.0,304.0
819.0,302.0
832.0,300.0
840.0,303.0
835.0,314.0
829.0,349.0
835.0,381.0
845.0,407.0
883.0,459.0
904.0,488.0
918.0,500.0
926.0,501.0
933.0,498.0
931.0,497.0
917.0,494.0
916.0,497.0
914.0,499.0
912.0,503.0
914.0,502.0
920.0,505.0
912.0,510.0
913.0,512.0
912.0,514.0
907.0,510.0
906.0,509.0
903.0,509.0
905.0,512.0
911.0,517.0
910.0,517.0
911.0,517.0
912.0,516.0
913.0,516.0
912.0,517.0
912.0,517.0
912.0,516.0
912.0,517.0
912.0,516.0
912.0,515.0
908.0,513.0
907.0,509.0
907.0,513.0
908.0,513.0
914.0,512.0
914.0,514.0
914.0,516.0
914.0,516.0
915.0,515.0
912.0,515.0
912.0,514.0
911.0,516.0
911.0,516.0
910.0,516.0
911.0,516.0
911.0,516.0
910.0,517.0
910.0,517.0
906.0,517.0
909.0,517.0
902.0,516.0
902.0,517.0
898.0,519.0
900.0,525.0
902.0,529.0
901.0,528.0
902.0,527.0
899.0,527.0
900.0,527.0
899.0,531.0
895.0,532.0
897.0,533.0
893.0,534.0
894.0,532.0
893.0,533.0
894.0,532.0
893.0,534.0
897.0,534.0
893.0,532.0
893.0,533.0
893.0,534.0
893.0,533.0
