x,y
552.0,592.0
555.0,594.0
554.0,594.0
554.0,600.0
557.0,604.0
554.0,603.0
554.0,603.0
555.0,603.0
555.0,603.0
555.0,603.0
554.0,603.0
555.0,604.0
556.0,604.0
554.0,603.0
554.0,602.0
553.0,603.0
554.0,602.0
556.0,603.0
555.0,604.0
555.0,604.0
557.0,606.0
559.0,609.0
559.0,609.0
561.0,608.0
563.0,609.0
565.0,611.0
561.0,611.0
560.0,611.0
561.0,611.0
561.0,611.0
566.0,612.0
561.0,611.0
561.0,611.0
560.0,611.0
567.0,613.0
567.0,615.0
563.0,615.0
567.0,615.0
562.0,615.0
561.0,615.0
567.0,615.0
561.0,615.0
567.0,615.0
567.0,615.0
566.0,616.0
561.0,622.0
567.0,627.0
561.0,625.0
566.0,629.0
561.0,627.0
562.0,627.0
563.0,627.0
563.0,627.0
565.0,628.0
565.0,628.0
567.0,628.0
567.0,627.0
566.0,627.0
566.0,627.0
566.0,627.0
566.0,627.0
566.0,627.0
566.0,627.0
566.0,628.0
567.0,629.0
566.0,629.0
564.0,630.0
562.0,630.0
561.0,630.0
561.0,630.0
557.0,635.0
554.0,636.0
556.0,635.0
555.0,636.0
555.0,636.0
554.0,637.0
557.0,636.0
555.0,638.0
558.0,641.0
555.0,636.0
556.0,641.0
556.0,640.0
555.0,640.0
556.0,641.0
555.0,641.0
554.0,642.0
554.0,643.0
552.0,644.0
551.0,643.0
549.0,642.0
547.0,640.0
547.0,640.0
546.0,640.0
547.0,640.0
546.0,640.0
547.0,640.0
546.0,639.0
546.0,639.0
546.0,639.0
546.0,639.0
