x,y
612.0,582.0
612.0,583.0
611.0,583.0
611.0,582.0
611.0,582.0
612.0,582.0
610.0,582.0
610.0,583.0
610.0,582.0
610.0,581.0
613.0,579.0
611.0,581.0
611.0,581.0
611.0,580.0
612.0,580.0
612.0,580.0
611.0,579.0
611.0,580.0
611.0,581.0
611.0,580.0
610.0,579.0
611.0,579.0
611.0,578.0
611.0,578.0
610.0,577.0
610.0,577.0
610.0,578.0
610.0,578.0
610.0,577.0
611.0,577.0
611.0,578.0
611.0,578.0
611.0,579.0
610.0,579.0
610.0,579.0
610.0,579.0
610.0,579.0
609.0,578.0
609.0,577.0
609.0,575.0
608.0,576.0
609.0,575.0
609.0,575.0
609.0,576.0
609.0,577.0
610.0,578.0
609.0,578.0
610.0,578.0
608.0,578.0
610.0,578.0
608.0,577.0
608.0,577.0
608.0,577.0
609.0,577.0
611.0,577.0
611.0,577.0
611.0,577.0
610.0,577.0
609.0,576.0
608.0,576.0
609.0,577.0
609.0,577.0
608.0,575.0
607.0,573.0
608.0,577.0
609.0,578.0
610.0,578.0
609.0,578.0
609.0,580.0
610.0,580.0
611.0,581.0
612.0,581.0
610.0,581.0
610.0,580.0
610.0,581.0
610.0,580.0
612.0,581.0
612.0,580.0
611.0,580.0
609.0,578.0
608.0,578.0
607.0,576.0
608.0,576.0
607.0,575.0
599.0,576.0
601.0,574.0
600.0,583.0
589.0,575.0
578.0,572.0
571.0,568.0
561.0,557.0
565.0,556.0
565.0,557.0
564.0,555.0
561.0,565.0
556.0,565.0
560.0,579.0
560.0,578.0
551.0,586.0
553.0,592.0
