x,y
565.6666666666666,553.1666666666666
565.8333333333334,553.0833333333334
566.0,553.0
565.0,554.0
564.8333333333334,553.3333333333334
564.6666666666666,552.6666666666666
564.5,552.0
564.3333333333334,551.3333333333334
564.1666666666666,550.6666666666666
564.0,550.0
568.0,551.0
568.0,551.0
565.0,550.0
565.0,551.3333333333334
565.0,552.6666666666666
565.0,554.0
566.0,554.0
565.0,553.0
565.0,554.0
565.0,554.0
565.0,554.0
565.0,554.0
565.0,554.0
565.0,554.0
565.0,554.0
565.0,554.0
565.0,554.0
565.0,554.0
565.0,554.0
565.0,554.0
565.0,554.0
565.0,554.0
565.0,554.0
565.0,554.0
565.0,554.0
565.0,554.0
565.0,554.0
565.0,554.0
565.0,554.0
565.0,554.0
565.0,554.0
565.0,554.0
565.0,554.0
565.0,554.0
565.0,554.0
565.0,554.0
565.0,554.0
565.0,554.0
565.0,554.0
565.0,554.0
565.0,554.0
565.0,554.0
565.0,554.0
565.0,554.0
565.0,554.0
565.0,554.0
565.0,554.0
565.0,554.0
565.0,554.0
565.0,554.0
565.0,554.0
565.0,554.0
565.0,554.0
565.0,554.0
565.0,554.0
565.0,553.0
565.0,554.0
590.0,566.0
587.6666666666666,567.0
585.3333333333334,568.0
583.0,569.0
582.0,570.0
583.0,569.0
584.0,569.0
587.0,567.0
590.0,565.0
593.0,560.0
594.0,558.0
609.0,541.0
608.0,544.0
563.0,555.0
562.0,558.0
561.0,561.0
560.0,564.0
560.0,565.0
578.0,570.0
568.0,686.0
568.0,658.0
561.0,551.0
560.6666666666666,558.0
560.3333333333334,565.0
560.0,572.0
562.5,561.0
565.0,550.0
564.0,551.0
563.5,553.0
563.0,555.0
563.0,557.0
587.0,568.0
587.0,568.0
