x,y
389.0,631.0
391.0,633.0
392.0,632.0
392.0,632.0
391.0,631.0
392.0,632.0
391.0,632.0
392.0,631.0
391.0,631.0
391.0,631.0
390.0,631.0
391.0,630.0
391.0,631.0
391.0,631.0
391.0,630.0
389.0,632.0
390.0,633.0
390.0,633.0
389.0,633.0
389.0,634.5
389.0,636.0
390.0,634.0
390.0,634.0
390.0,634.0
391.0,633.0
391.0,633.0
390.0,633.0
390.0,633.0
390.0,633.0
390.0,633.0
390.0,634.0
390.0,635.0
390.0,635.0
390.0,636.0
389.0,637.0
390.0,637.0
390.0,637.0
389.0,637.0
390.0,637.0
389.0,636.0
390.0,636.0
390.0,636.0
390.0,636.0
390.0,637.0
390.0,636.0
390.0,637.0
391.0,636.0
391.0,636.0
391.0,637.0
391.0,636.0
392.0,636.0
392.0,637.0
392.0,636.0
392.0,636.0
392.0,636.0
392.0,636.0
391.0,635.0
392.0,635.0
392.0,635.0
392.0,635.0
392.0,635.0
391.0,635.0
391.0,635.0
392.0,635.0
391.0,635.0
391.0,635.0
391.0,635.0
391.0,635.0
391.0,635.0
391.0,636.0
391.0,636.0
391.0,637.0
390.0,637.0
390.0,638.0
389.0,638.0
391.0,638.0
391.0,637.0
392.0,637.0
393.0,637.0
393.0,638.0
392.0,638.0
393.0,639.0
393.0,639.0
393.0,639.0
393.0,639.0
393.0,640.0
394.0,640.0
393.0,640.0
394.0,640.0
394.0,639.0
394.0,639.0
394.0,639.0
395.0,639.0
395.0,639.0
395.0,639.0
394.0,638.0
394.0,637.0
394.0,637.0
393.0,638.0
393.0,639.0
