x,y
449.0,428.0
452.0,427.0
455.0,427.0
460.0,426.0
463.0,427.0
471.0,442.0
479.25,444.0
487.5,446.0
495.75,448.0
504.0,450.0
505.0,450.0
504.0,450.0
503.0,450.0
502.0,450.0
501.0,451.0
476.0,460.0
467.0,448.0
458.0,428.0
456.0,427.0
454.0,428.0
455.0,429.0
457.0,430.0
459.0,430.0
461.0,430.0
463.0,429.0
467.0,428.0
471.0,443.0
470.0,436.0
468.0,437.0
463.0,430.0
459.0,431.0
455.0,432.0
451.0,432.0
449.0,432.0
447.0,431.0
447.0,430.0
448.0,428.0
449.0,428.0
451.0,426.0
451.0,402.0
453.0,380.0
458.0,353.0
460.0,346.0
464.0,339.0
461.0,349.0
463.0,347.0
461.0,350.0
463.0,339.0
453.0,365.0
448.0,405.0
450.0,428.0
451.0,415.0
452.0,402.0
451.0,404.0
450.0,405.0
448.0,404.0
447.0,406.0
445.0,405.0
444.0,405.0
446.0,406.0
447.0,407.0
450.0,405.0
454.0,404.0
457.0,405.0
461.0,404.0
463.0,405.0
462.0,407.0
460.0,410.0
457.0,410.0
452.0,411.0
449.0,408.0
448.0,451.0
509.0,512.0
584.0,555.0
592.0,545.0
593.0,545.0
522.0,530.0
447.0,426.0
461.0,345.0
466.0,341.5
471.0,338.0
472.0,337.0
471.0,337.0
451.0,410.0
448.0,432.0
446.0,406.0
451.0,362.0
448.5,394.5
446.0,427.0
446.0,425.0
446.0,427.0
447.0,429.0
447.0,430.0
448.0,433.0
449.0,436.0
482.0,416.0
481.0,415.0
448.0,433.0
448.0,431.0
448.0,428.0
