x,y
443.0,431.0
443.0,431.0
444.0,430.0
444.0,430.0
444.0,430.0
444.0,417.0
444.0,404.0
443.0,404.0
443.0,404.0
443.0,404.0
443.0,403.0
443.0,403.0
443.0,403.0
443.0,403.0
443.0,404.0
443.0,404.0
442.0,404.0
443.0,404.0
443.0,404.0
442.0,404.0
443.0,403.0
455.0,342.0
467.0,312.0
467.0,312.0
465.5,314.3333333333333
464.0,316.6666666666667
462.5,319.0
461.0,321.3333333333333
459.5,323.6666666666667
458.0,326.0
467.0,311.0
467.0,310.0
467.0,309.0
467.0,310.0
467.0,309.0
467.0,311.0
467.0,311.1875
467.0,311.375
467.0,311.5625
467.0,311.75
467.0,311.9375
467.0,312.125
467.0,312.3125
467.0,312.5
467.0,312.6875
467.0,312.875
467.0,313.0625
467.0,313.25
467.0,313.4375
467.0,313.625
467.0,313.8125
467.0,314.0
467.0,313.5
467.0,313.0
467.2,312.6
467.4,312.2
467.6,311.8
467.8,311.4
468.0,311.0
464.0,317.0
478.0,295.0
478.5,294.5
479.0,294.0
480.0,294.0
478.0,294.0
476.4,296.6
474.8,299.2
473.2,301.8
471.6,304.4
470.0,307.0
468.4,309.6
466.8,312.2
465.2,314.8
463.6,317.4
462.0,320.0
461.0,321.0
