x,y
1780.0,528.0
1758.0,519.0
1724.0,518.0
1715.0,518.0
1702.0,535.0
1699.0,549.0
1694.0,562.0
1675.0,587.0
1666.0,597.0
1655.0,602.0
1644.0,614.0
1641.0,616.0
1639.0,617.0
1640.0,617.0
1639.0,616.0
1636.0,616.0
1635.6666666666667,617.3333333333334
1635.3333333333333,618.6666666666666
1635.0,620.0
1635.0,630.0
1630.0,644.0
1631.0,641.0
1627.0,635.0
1618.0,630.0
1617.0,629.0
1621.0,641.0
1633.0,644.0
1642.0,649.0
1647.0,649.0
1645.0,649.0
1635.0,651.0
1626.0,650.0
1622.0,653.0
1630.0,645.0
1636.0,660.0
1649.0,663.0
1657.0,653.0
1660.0,642.0
1661.0,643.0
1663.0,637.0
1663.0,629.0
1659.0,630.0
1658.0,618.0
1655.0,610.0
1652.0,603.0
1653.2962962962963,600.5185185185185
1654.5925925925926,598.0370370370371
1655.888888888889,595.5555555555555
1657.1851851851852,593.074074074074
1658.4814814814815,590.5925925925926
1659.7777777777778,588.1111111111111
1661.0740740740741,585.6296296296297
1662.3703703703704,583.1481481481482
1663.6666666666667,580.6666666666666
1664.962962962963,578.1851851851852
1666.2592592592594,575.7037037037037
1667.5555555555557,573.2222222222222
1668.851851851852,570.7407407407408
1670.148148148148,568.2592592592592
1671.4444444444443,565.7777777777778
1672.7407407407406,563.2962962962963
1674.037037037037,560.8148148148148
1675.3333333333333,558.3333333333334
1676.6296296296296,555.8518518518518
1677.9259259259259,553.3703703703703
1679.2222222222222,550.8888888888889
1680.5185185185185,548.4074074074074
1681.8148148148148,545.925925925926
1683.111111111111,543.4444444444445
1684.4074074074074,540.9629629629629
1685.7037037037037,538.4814814814815
1687.0,536.0
1686.6666666666667,536.0
1686.3333333333333,536.0
1686.0,536.0
1686.0,536.0
1686.5,535.5
1687.0,535.0
1686.0,536.0
1686.0,536.0
1686.0,536.0
1686.0,536.0
1685.0,535.0
1683.076923076923,540.0
1681.1538461538462,545.0
1679.2307692307693,550.0
1677.3076923076924,555.0
1675.3846153846155,560.0
1673.4615384615386,565.0
1671.5384615384614,570.0
1669.6153846153845,575.0
1667.6923076923076,580.0
1665.7692307692307,585.0
1663.8461538461538,590.0
1661.923076923077,595.0
1660.0,600.0
1660.0,626.0
1652.0,656.0
1652.0,658.0
1650.0,656.0
