x,y
447.0,427.0
447.0,427.0
448.0,426.0
448.0,428.0
448.0,430.0
449.0,432.0
449.0,436.0
458.0,460.0
482.0,479.0
504.0,499.0
531.0,539.0
580.0,569.0
540.5,529.5
501.0,490.0
499.0,487.0
449.0,449.0
448.0,449.0
454.0,467.0
448.0,447.0
448.0,448.0
448.0,448.0
449.0,450.0
449.0,452.0
450.0,453.0
447.0,431.0
447.0,406.0
452.0,372.0
464.0,325.0
466.0,316.0
465.0,317.0
454.0,355.0
445.0,441.0
496.0,491.0
553.0,558.0
549.4444444444445,555.0
545.8888888888889,552.0
542.3333333333334,549.0
538.7777777777778,546.0
535.2222222222222,543.0
531.6666666666666,540.0
528.1111111111111,537.0
524.5555555555555,534.0
521.0,531.0
521.0,531.0
521.0,532.0
521.0,532.0
521.0,531.0
508.0,507.0
445.0,430.0
449.0,371.0
456.0,342.0
465.0,318.0
481.0,292.0
465.0,319.0
450.0,363.0
444.0,403.0
444.0,430.0
444.0,431.0
444.0,431.0
444.0,430.0
444.0,429.0
444.0,430.0
445.0,428.0
445.0,428.0
444.0,429.0
445.0,429.0
444.0,431.0
443.0,431.0
443.0,431.0
443.0,431.0
443.0,431.0
443.0,431.0
444.0,431.0
444.0,431.0
444.0,430.0
444.0,430.0
444.0,430.0
444.0,430.0
444.0,431.0
443.0,431.0
443.0,432.0
443.0,431.0
443.0,431.0
443.0,432.0
443.0,432.0
443.0,431.0
443.0,431.0
443.0,431.0
443.0,430.0
443.0,430.0
443.0,430.0
443.0,429.0
443.0,430.0
443.0,431.0
443.0,430.0
443.0,430.0
443.0,430.0
443.0,431.0
443.0,430.0
444.0,431.0
