x,y
710.0,558.0
710.0,558.0
709.0,559.0
709.0,559.0
709.0,559.0
709.0,559.0
711.0,559.0
709.0,559.0
710.0,558.0
710.0,557.0
706.0,558.0
706.0,556.0
707.0,555.0
706.0,555.0
706.0,553.0
704.0,552.0
704.0,553.0
703.0,553.0
702.0,554.0
701.0,554.0
702.0,554.0
701.0,554.0
700.0,554.0
701.0,554.0
701.0,554.0
702.0,554.0
702.0,554.0
704.0,554.0
705.0,554.0
705.0,555.0
706.0,554.0
709.0,551.0
710.0,545.0
709.0,536.0
708.0,526.0
706.0,524.0
713.0,531.0
724.0,546.0
748.0,581.0
763.0,615.0
776.0,653.0
769.0,696.0
742.0,738.0
702.0,778.0
656.0,813.0
626.0,847.0
612.0,865.0
609.0,875.0
622.0,871.0
655.0,865.0
678.0,866.0
692.0,858.0
699.0,837.0
709.0,832.0
716.0,831.0
712.0,836.0
719.0,845.0
719.0,843.0
719.0,841.0
720.0,839.0
720.0,843.0
718.0,844.0
722.0,841.0
717.0,844.0
718.0,844.0
722.0,837.0
720.0,843.0
719.0,844.0
721.0,842.0
724.0,840.0
721.0,843.0
719.0,843.0
721.0,842.0
722.0,841.0
720.0,843.0
723.0,840.0
722.0,842.0
722.0,844.0
723.0,843.0
723.0,843.0
722.0,844.0
722.0,844.0
722.0,844.0
722.0,844.0
721.0,845.0
722.0,844.0
723.0,844.0
722.0,845.0
723.0,846.0
725.0,845.0
726.0,846.0
726.0,848.0
725.0,848.0
726.0,847.0
723.0,850.0
724.0,849.0
724.0,850.0
726.0,850.0
726.0,850.0
725.0,850.0
