x,y
1235.0,755.0
1235.0,755.0
1235.0,755.0
1235.0,755.0
1235.0,755.0
1235.0,754.0
1235.0,754.0
1235.0,754.0
1235.0,755.0
1235.0,754.0
1235.0,755.0
1235.0,755.0
1236.0,755.0
1237.0,756.0
1237.0,757.0
1237.0,753.0
1237.0,751.0
1238.0,752.0
1245.0,753.0
1254.0,751.0
1266.0,742.0
1277.0,741.0
1287.0,749.0
1293.0,757.0
1305.0,760.0
1319.0,768.0
1337.0,778.0
1358.0,790.0
1380.0,776.0
1401.0,765.0
1423.0,764.0
1458.0,753.0
1489.0,752.0
1529.0,759.0
1556.0,767.0
1577.0,767.0
1596.0,774.0
1604.0,757.0
1622.0,741.0
1631.0,733.0
1626.0,742.0
1631.0,749.0
1630.0,757.0
1634.0,760.0
1638.0,766.0
1635.0,760.0
1641.0,759.0
1645.0,761.0
1648.0,763.0
1647.0,769.0
1655.0,779.0
1655.0,786.0
1657.0,784.0
1658.0,783.0
1661.0,787.0
1660.0,784.0
1659.0,787.0
1659.0,787.0
1659.0,788.0
1658.0,787.0
1658.0,787.0
1656.0,788.0
1656.0,788.0
1658.0,788.0
1657.0,788.0
1657.0,788.0
1657.0,788.0
1657.0,789.0
1657.0,789.0
1657.0,789.0
1658.0,788.0
1657.0,788.0
1658.0,789.0
1658.0,788.0
1658.0,788.0
1658.0,788.0
1659.0,788.0
1658.0,788.0
1658.0,790.0
1658.0,790.0
1658.0,789.0
1658.0,790.0
1658.0,790.0
1657.0,790.0
1657.0,790.0
1657.0,790.0
1657.0,790.0
1656.0,790.0
1657.0,790.0
1657.0,790.0
1658.0,790.0
1659.0,791.0
1659.0,792.0
1658.0,793.0
1660.0,792.0
1664.0,794.0
1665.0,794.0
1666.0,795.0
1666.0,794.0
1665.0,796.0
