x,y
1215.0,187.0
1215.0,187.0
1215.0,188.0
1215.0,188.0
1215.0,187.0
1214.0,186.0
1213.0,184.0
1203.0,170.0
1192.0,148.0
1182.0,139.0
1172.0,117.0
1167.0,101.0
1166.0,93.0
1170.0,92.0
1166.0,94.0
1158.0,97.0
1149.0,116.0
1136.0,124.0
1126.0,133.0
1100.0,142.0
1082.0,146.0
1048.0,141.0
1005.0,131.0
958.0,115.0
913.0,96.0
873.0,81.0
837.0,56.0
815.0,48.0
793.0,56.0
783.0,74.0
775.0,85.0
770.0,93.0
772.0,103.0
766.0,113.0
769.0,112.0
770.0,114.0
780.0,119.0
779.0,123.0
775.0,124.0
775.0,127.0
782.0,127.0
780.0,125.0
780.0,126.0
781.0,126.0
784.0,134.0
785.0,135.0
786.0,136.0
780.0,166.0
780.0,165.0
781.0,166.0
780.0,167.0
780.0,167.0
780.0,168.0
780.0,168.0
780.0,169.0
783.0,169.0
783.0,169.0
783.0,169.0
783.0,169.0
779.0,169.0
780.0,170.0
780.0,170.0
780.0,170.0
782.0,170.0
780.0,170.0
780.0,171.0
780.0,171.0
780.0,170.0
780.0,170.0
781.0,170.0
780.0,169.0
781.0,169.0
780.0,169.0
780.0,169.0
780.0,169.0
780.0,170.0
780.0,169.0
781.0,170.0
781.0,171.0
782.0,170.0
782.0,171.0
782.0,171.0
782.0,171.0
782.0,172.0
783.0,172.0
783.0,172.0
783.0,172.0
783.0,172.0
783.0,172.0
783.0,172.0
783.0,172.0
782.0,172.0
783.0,173.0
784.0,173.0
784.0,173.0
784.0,173.0
784.0,172.0
784.0,172.0
784.0,172.0
784.0,172.0
