x,y
392.0,971.0
392.0,971.0
391.0,971.0
391.0,971.0
391.0,971.0
391.0,971.0
391.0,971.0
391.0,971.0
392.0,971.0
392.0,970.0
391.0,971.0
391.0,971.0
393.0,968.0
394.0,968.0
395.0,966.0
395.0,965.0
395.0,965.0
395.0,965.0
395.0,965.0
395.0,965.0
395.0,965.0
395.0,965.0
395.0,965.0
395.0,965.0
395.0,965.0
395.0,965.0
395.0,965.0
395.0,965.0
395.04545454545456,964.8181818181819
395.09090909090907,964.6363636363636
395.1363636363636,964.4545454545455
395.1818181818182,964.2727272727273
395.22727272727275,964.0909090909091
395.27272727272725,963.9090909090909
395.3181818181818,963.7272727272727
395.3636363636364,963.5454545454545
395.40909090909093,963.3636363636364
395.45454545454544,963.1818181818181
395.5,963.0
395.54545454545456,962.8181818181819
395.59090909090907,962.6363636363636
395.6363636363636,962.4545454545455
395.6818181818182,962.2727272727273
395.72727272727275,962.0909090909091
395.77272727272725,961.9090909090909
395.8181818181818,961.7272727272727
395.8636363636364,961.5454545454545
395.90909090909093,961.3636363636364
395.95454545454544,961.1818181818181
396.0,961.0
396.0,960.5
396.0,960.0
396.0,959.5
396.0,959.0
396.0,958.5
396.0,958.0
396.0,957.0
396.0,958.0
396.0,957.0
397.0,958.0
397.0,957.0
398.0,956.0
397.0,957.0
396.0,957.0
396.0,957.0
396.0,957.0
398.0,956.0
399.0,957.0
398.0,956.0
398.0,956.0
397.0,956.0
397.0,955.0
397.0,955.0
396.0,955.0
396.0,955.0
396.0,955.0
396.0,955.0
397.0,955.0
398.0,954.0
401.0,953.0
400.0,952.0
399.0,952.0
398.0,952.0
398.0,951.0
398.0,951.0
398.0,951.0
398.0,952.0
399.0,952.0
398.0,951.0
398.0,952.0
398.0,951.0
398.0,952.0
398.0,950.0
397.0,950.0
397.0,949.0
397.0,949.0
398.0,949.0
398.0,949.0
398.0,949.0
398.0,949.0
