x,y
1066.0,802.0
1063.0,802.0
1062.0,803.0
1058.0,806.0
1055.0,804.0
1056.0,799.0
1058.0,803.0
1057.0,805.0
1054.0,807.0
1054.0,807.0
1054.0,807.0
1050.0,805.0
1028.0,811.0
1006.0,821.0
982.0,837.0
946.0,852.0
918.0,872.0
879.0,887.0
852.0,891.0
819.0,888.0
785.0,893.0
755.0,908.0
734.0,917.0
699.0,937.0
672.0,952.0
636.0,964.0
605.0,973.0
574.0,985.0
547.0,992.0
520.0,998.0
500.0,1005.0
481.0,1009.0
468.0,1017.0
461.0,1023.0
460.0,1031.0
459.0,1030.0
457.0,1024.0
453.0,1031.0
448.0,1032.0
430.0,1025.0
413.0,1023.0
396.0,1028.0
385.0,1038.0
377.0,1044.0
373.0,1050.0
373.0,1050.0
373.0,1051.0
374.0,1050.0
375.0,1050.0
375.0,1049.0
375.0,1048.0
374.0,1049.0
370.0,1039.0
371.0,1022.0
366.0,1013.0
357.0,1009.0
347.0,1009.0
345.0,1013.0
341.0,1020.0
340.0,1020.0
340.0,1021.0
344.0,1016.0
339.0,1018.0
318.0,1026.0
303.0,1033.0
285.0,1038.0
272.0,1048.0
282.0,1052.0
298.0,1058.0
301.0,1058.0
303.0,1058.0
304.0,1057.0
303.0,1055.0
305.0,1053.0
307.0,1052.0
307.0,1051.0
309.0,1050.0
311.0,1047.0
319.0,1045.0
340.0,1035.0
361.0,1038.0
379.0,1029.0
395.0,1014.0
394.0,1003.0
393.0,998.0
390.0,998.0
389.0,1001.0
389.0,1002.0
394.0,1000.0
397.0,996.0
409.0,992.0
422.0,996.0
433.0,1000.0
433.0,1007.0
431.0,1010.0
431.0,1007.0
430.0,1006.0
433.0,1004.0
430.0,997.0
426.0,994.0
