x,y
890.3137254901961,561.3137254901961
890.3333333333334,561.3333333333334
890.3529411764706,561.3529411764706
890.3725490196078,561.3725490196078
890.3921568627451,561.3921568627451
890.4117647058823,561.4117647058823
890.4313725490196,561.4313725490196
890.4509803921569,561.4509803921569
890.4705882352941,561.4705882352941
890.4901960784314,561.4901960784314
890.5098039215686,561.5098039215686
890.5294117647059,561.5294117647059
890.5490196078431,561.5490196078431
890.5686274509804,561.5686274509804
890.5882352941177,561.5882352941177
890.6078431372549,561.6078431372549
890.6274509803922,561.6274509803922
890.6470588235294,561.6470588235294
890.6666666666666,561.6666666666666
890.6862745098039,561.6862745098039
890.7058823529412,561.7058823529412
890.7254901960785,561.7254901960785
890.7450980392157,561.7450980392157
890.7647058823529,561.7647058823529
890.7843137254902,561.7843137254902
890.8039215686274,561.8039215686274
890.8235294117648,561.8235294117648
890.843137254902,561.843137254902
890.8627450980392,561.8627450980392
890.8823529411765,561.8823529411765
890.9019607843137,561.9019607843137
890.9215686274509,561.9215686274509
890.9411764705883,561.9411764705883
890.9607843137255,561.9607843137255
890.9803921568628,561.9803921568628
891.0,562.0
891.0392156862745,561.9607843137255
891.0784313725491,561.9215686274509
891.1176470588235,561.8823529411765
891.156862745098,561.843137254902
891.1960784313726,561.8039215686274
891.2352941176471,561.7647058823529
891.2745098039215,561.7254901960785
891.3137254901961,561.6862745098039
891.3529411764706,561.6470588235294
891.3921568627451,561.6078431372549
891.4313725490196,561.5686274509804
891.4705882352941,561.5294117647059
891.5098039215686,561.4901960784314
891.5490196078431,561.4509803921569
891.5882352941177,561.4117647058823
891.6274509803922,561.3725490196078
891.6666666666666,561.3333333333334
891.7058823529412,561.2941176470588
891.7450980392157,561.2549019607843
891.7843137254902,561.2156862745098
891.8235294117648,561.1764705882352
891.8627450980392,561.1372549019608
891.9019607843137,561.0980392156863
891.9411764705883,561.0588235294117
891.9803921568628,561.0196078431372
892.0196078431372,560.9803921568628
892.0588235294117,560.9411764705883
892.0980392156863,560.9019607843137
892.1372549019608,560.8627450980392
892.1764705882352,560.8235294117648
892.2156862745098,560.7843137254902
892.2549019607843,560.7450980392157
892.2941176470588,560.7058823529412
892.3333333333334,560.6666666666666
892.3725490196078,560.6274509803922
892.4117647058823,560.5882352941177
892.4509803921569,560.5490196078431
892.4901960784314,560.5098039215686
892.5294117647059,560.4705882352941
892.5686274509804,560.4313725490196
892.6078431372549,560.3921568627451
892.6470588235294,560.3529411764706
892.6862745098039,560.3137254901961
892.7254901960785,560.2745098039215
892.7647058823529,560.2352941176471
892.8039215686274,560.1960784313726
892.843137254902,560.156862745098
892.8823529411765,560.1176470588235
892.9215686274509,560.0784313725491
892.9607843137255,560.0392156862745
893.0,560.0
893.0,560.1111111111111
893.0,560.2222222222222
893.0,560.3333333333334
893.0,560.4444444444445
893.0,560.5555555555555
893.0,560.6666666666666
893.0,560.7777777777778
893.0,560.8888888888889
893.0,561.0
893.1666666666666,560.5
893.3333333333334,560.0
893.5,559.5
893.6666666666666,559.0
