x,y
864.0,318.0
860.0,305.0
845.0,304.0
834.0,306.0
829.0,308.0
821.0,313.0
812.0,314.0
793.0,317.0
789.0,326.0
788.0,333.0
788.0,344.0
793.0,361.0
819.0,380.0
834.0,400.0
862.0,422.0
879.0,441.0
892.0,455.0
896.0,468.0
902.0,482.0
890.0,491.0
889.0,498.0
887.0,502.0
886.0,510.0
892.0,513.0
894.0,516.0
895.5,531.0
897.0,546.0
896.0,545.0
898.0,545.0
896.0,545.0
896.0,545.0
896.0,545.0
896.0,545.0
896.0,544.0
896.0,543.0
896.0,544.0
896.0,544.0
897.0,545.0
898.0,545.0
897.0,544.0
898.0,541.0
898.0,542.0
898.0,540.0
897.0,541.0
898.0,540.0
898.0,540.0
897.0,539.0
897.0,542.0
897.0,541.0
897.0,541.0
897.0,542.0
895.0,538.0
895.0,538.0
896.0,540.0
896.0,538.0
895.0,540.0
894.0,540.0
895.0,539.0
894.0,539.0
896.0,537.0
896.0,538.0
896.0,538.0
896.0,538.0
896.0,538.0
894.0,540.0
894.0,540.0
893.0,541.0
893.0,541.0
892.0,541.0
892.0,541.0
893.0,540.0
891.0,543.0
892.0,542.0
892.0,542.0
891.0,543.0
890.0,543.0
890.0,542.0
891.0,542.0
890.0,542.0
890.0,542.0
890.0,542.0
890.0,541.0
890.0,541.0
891.0,541.0
891.0,542.0
890.0,542.0
890.0,542.0
890.0,541.0
890.0,541.0
891.0,541.0
891.0,541.0
891.0,541.0
890.0,541.0
890.0,541.0
890.0,541.0
890.0,541.0
890.0,541.0
890.0,541.0
890.0,541.0
890.0,541.0
