x,y
924.2,480.36
924.4,480.72
924.6,481.08
924.8,481.44
925.0,481.8
925.2,482.16
925.4,482.52
925.6,482.88
925.8,483.24
926.0,483.6
926.2,483.96
926.4,484.32
926.6,484.68
926.8,485.04
927.0,485.4
927.2,485.76
927.4,486.12
927.6,486.48
927.8,486.84
928.0,487.2
928.2,487.56
928.4,487.92
928.6,488.28
928.8,488.64
929.0,489.0
930.0,489.0
931.0,489.0
931.0,489.0
931.0,489.0
931.0,489.0
932.0,490.0
932.0,489.0
931.0,491.0
931.0217391304348,491.0217391304348
931.0434782608696,491.04347826086956
931.0652173913044,491.0652173913044
931.0869565217391,491.0869565217391
931.1086956521739,491.10869565217394
931.1304347826087,491.1304347826087
931.1521739130435,491.1521739130435
931.1739130434783,491.17391304347825
931.195652173913,491.19565217391306
931.2173913043479,491.2173913043478
931.2391304347826,491.2391304347826
931.2608695652174,491.2608695652174
931.2826086956521,491.2826086956522
931.304347826087,491.30434782608694
931.3260869565217,491.32608695652175
931.3478260869565,491.3478260869565
931.3695652173913,491.3695652173913
931.3913043478261,491.39130434782606
931.4130434782609,491.4130434782609
931.4347826086956,491.4347826086956
931.4565217391304,491.45652173913044
931.4782608695652,491.4782608695652
931.5,491.5
931.5217391304348,491.5217391304348
931.5434782608696,491.54347826086956
931.5652173913044,491.5652173913044
931.5869565217391,491.5869565217391
931.6086956521739,491.60869565217394
931.6304347826087,491.6304347826087
931.6521739130435,491.6521739130435
931.6739130434783,491.67391304347825
931.695652173913,491.69565217391306
931.7173913043479,491.7173913043478
931.7391304347826,491.7391304347826
931.7608695652174,491.7608695652174
931.7826086956521,491.7826086956522
931.804347826087,491.80434782608694
931.8260869565217,491.82608695652175
931.8478260869565,491.8478260869565
931.8695652173913,491.8695652173913
931.8913043478261,491.89130434782606
931.9130434782609,491.9130434782609
931.9347826086956,491.9347826086956
931.9565217391304,491.95652173913044
931.9782608695652,491.9782608695652
932.0,492.0
933.0,490.0
934.0,490.0
934.0,491.0
934.0,490.0
934.0,490.0
934.0,490.0
933.0,491.0
934.0,494.0
933.4444444444445,494.0
932.8888888888889,494.0
932.3333333333334,494.0
931.7777777777778,494.0
931.2222222222222,494.0
930.6666666666666,494.0
930.1111111111111,494.0
929.5555555555555,494.0
929.0,494.0
928.4444444444445,494.0
927.8888888888889,494.0
927.3333333333334,494.0
926.7777777777778,494.0
