x,y
455.0,1046.0
455.0,1046.0
455.25,1046.25
455.5,1046.5
455.75,1046.75
456.0,1047.0
456.0,1047.0
456.0,1048.0
456.0,1048.235294117647
456.0,1048.4705882352941
456.0,1048.7058823529412
456.0,1048.9411764705883
456.0,1049.1764705882354
456.0,1049.4117647058824
456.0,1049.6470588235295
456.0,1049.8823529411766
456.0,1050.1176470588234
456.0,1050.3529411764705
456.0,1050.5882352941176
456.0,1050.8235294117646
456.0,1051.0588235294117
456.0,1051.2941176470588
456.0,1051.5294117647059
456.0,1051.764705882353
456.0,1052.0
456.0,1051.857142857143
456.0,1051.7142857142858
456.0,1051.5714285714287
456.0,1051.4285714285713
456.0,1051.2857142857142
456.0,1051.142857142857
456.0,1051.0
455.3333333333333,1051.0
454.6666666666667,1051.0
454.0,1051.0
455.0,1052.0
455.0,1052.0
454.0,1052.0
454.0,1052.0
453.0,1052.0
453.0,1052.0
453.0,1052.0
453.0,1052.0
453.0,1051.0
454.0,1051.0
454.0,1051.0
454.0,1051.0
453.0,1051.0
453.0,1050.0
454.0,1051.0
453.0,1051.0
453.0,1050.0
453.0,1050.0
453.0,1051.0
452.0,1050.0
452.0,1050.0
451.0,1050.0
452.0,1050.0
451.0,1050.0
451.0,1050.0
451.0,1050.0
451.0,1051.0
451.0,1050.0
451.0,1050.0
451.0,1050.0
451.0,1050.0
451.0,1051.0
451.0,1051.0
451.0,1051.0
451.0,1051.0
450.0,1050.0
450.0,1050.0
450.0,1050.0
451.0,1050.0
451.0,1050.0
451.0,1049.0
450.0,1049.0
451.0,1048.0
451.0,1048.0
450.0,1048.0
450.0,1048.0
449.0,1048.0
450.0,1048.0
450.0,1048.0
450.0,1047.0
450.0,1047.0
451.0,1047.0
452.0,1046.0
451.0,1046.0
452.0,1046.0
451.0,1046.0
450.0,1046.0
449.0,1046.0
448.0,1045.0
448.0,1045.0
446.0,1044.0
446.0,1044.0
446.0,1044.0
446.0,1043.0
446.0,1044.0
