x,y
893.8333333333334,558.5
894.0,558.0
896.0,556.0
896.0,556.0
896.0,556.0
895.0,556.0
896.0,556.0
896.0,555.0
896.0,555.0
895.0,555.0
897.0,555.0
897.0,555.0
896.0,555.0
897.0,555.0
896.0,555.0
897.0,555.0
897.0,555.0
897.0,555.0
898.0,555.0
898.0,553.0
899.0,553.0
898.0,553.0
899.0,553.0
899.0,553.0
900.0,553.0
901.0,554.0
900.0,554.0
900.0,554.0
902.0,554.0
902.0,553.0
901.0,553.0
901.0,553.0
901.0,553.0
902.0,554.0
902.0,554.0
902.0,554.0
902.0,554.0
903.0,555.0
902.0,555.0
902.0,555.0
903.0,555.0
903.0,556.0
903.0,556.0
903.0,556.0
903.0,556.0
903.0,556.0
908.6,558.0
914.2,560.0
919.8,562.0
925.4,564.0
931.0,566.0
931.0,584.0
926.0,606.0
928.0,631.0
905.0,648.0
884.0,664.0
863.0,679.0
835.0,695.0
837.0,704.0
849.0,721.0
874.0,744.0
888.0,764.0
920.0,763.0
921.0,775.0
908.0,786.0
906.0,809.0
920.0,830.0
938.0,868.0
958.0,905.0
958.0,931.0
955.0,946.0
952.0,971.0
968.0,973.0
993.0,977.0
996.0,1013.0
1011.0,1024.0
1020.0,1037.0
1038.0,1031.0
1039.0,1014.0
1032.0,1001.0
1021.0,996.0
1017.0,996.0
1009.0,1010.0
1010.0,1030.0
1025.0,1053.0
1051.0,1061.0
1083.0,1064.0
1093.0,1056.0
1106.0,1057.0
1107.0,1063.0
1115.0,1056.0
1138.0,1074.0
1156.0,1073.5
1174.0,1073.0
1192.0,1072.5
1210.0,1072.0
1216.0,1072.0
1221.0,1063.0
1231.5,1068.0
1242.0,1073.0
