x,y
338.4347826086956,363.30434782608694
337.9130434782609,362.7391304347826
337.39130434782606,362.17391304347825
336.8695652173913,361.60869565217394
336.3478260869565,361.04347826086956
335.82608695652175,360.4782608695652
335.30434782608694,359.9130434782609
334.7826086956522,359.3478260869565
334.2608695652174,358.7826086956522
333.7391304347826,358.2173913043478
333.2173913043478,357.6521739130435
332.69565217391306,357.0869565217391
332.17391304347825,356.5217391304348
331.6521739130435,355.95652173913044
331.1304347826087,355.39130434782606
330.60869565217394,354.82608695652175
330.0869565217391,354.2608695652174
329.5652173913044,353.69565217391306
329.04347826086956,353.1304347826087
328.5217391304348,352.5652173913044
328.0,352.0
327.6666666666667,342.6666666666667
327.3333333333333,333.3333333333333
327.0,324.0
324.0,325.0
320.0,327.0
317.0,353.0
316.0,362.0
329.0,371.0
334.0,384.0
335.0,409.0
346.0,422.0
351.0,427.0
353.0,429.0
359.0,431.0
369.0,425.0
365.0,418.0
358.0,416.0
347.0,414.0
345.0,410.0
346.4,404.6
347.8,399.2
349.2,393.8
350.6,388.4
352.0,383.0
353.0,382.07547169811323
354.0,381.1509433962264
355.0,380.22641509433964
356.0,379.3018867924528
357.0,378.37735849056605
358.0,377.45283018867923
359.0,376.52830188679246
360.0,375.60377358490564
361.0,374.6792452830189
362.0,373.75471698113205
363.0,372.8301886792453
364.0,371.9056603773585
365.0,370.9811320754717
366.0,370.0566037735849
367.0,369.1320754716981
368.0,368.20754716981133
369.0,367.2830188679245
370.0,366.35849056603774
371.0,365.4339622641509
372.0,364.50943396226415
373.0,363.58490566037733
374.0,362.66037735849056
375.0,361.7358490566038
376.0,360.811320754717
377.0,359.8867924528302
378.0,358.9622641509434
379.0,358.0377358490566
380.0,357.1132075471698
381.0,356.188679245283
382.0,355.2641509433962
383.0,354.33962264150944
384.0,353.41509433962267
385.0,352.49056603773585
386.0,351.5660377358491
387.0,350.64150943396226
388.0,349.7169811320755
389.0,348.79245283018867
390.0,347.8679245283019
391.0,346.9433962264151
392.0,346.0188679245283
393.0,345.0943396226415
394.0,344.1698113207547
395.0,343.2452830188679
396.0,342.3207547169811
397.0,341.39622641509436
398.0,340.47169811320754
399.0,339.54716981132077
400.0,338.62264150943395
401.0,337.6981132075472
402.0,336.77358490566036
403.0,335.8490566037736
404.0,334.92452830188677
405.0,334.0
405.0,333.0
406.0,334.0
