x,y
934.6666666666666,493.0
934.75,493.0
934.8333333333334,493.0
934.9166666666666,493.0
935.0,493.0
936.0,492.0
936.0,494.0
936.0,494.0
936.0,494.0
937.0,494.0
937.0,494.0
937.0,494.0
936.0,497.0
936.0,496.94117647058823
936.0,496.88235294117646
936.0,496.8235294117647
936.0,496.7647058823529
936.0,496.70588235294116
936.0,496.6470588235294
936.0,496.5882352941176
936.0,496.52941176470586
936.0,496.47058823529414
936.0,496.4117647058824
936.0,496.3529411764706
936.0,496.29411764705884
936.0,496.2352941176471
936.0,496.1764705882353
936.0,496.11764705882354
936.0,496.05882352941177
936.0,496.0
937.0,496.0
937.0,495.0
937.0,495.0
936.0,495.0
937.0,495.0
937.0,497.0
937.0,499.0
941.5,510.0
946.0,521.0
946.0,521.0
945.625,520.0625
945.25,519.125
944.875,518.1875
944.5,517.25
944.125,516.3125
943.75,515.375
943.375,514.4375
943.0,513.5
942.625,512.5625
942.25,511.625
941.875,510.6875
941.5,509.75
941.125,508.8125
940.75,507.875
940.375,506.9375
940.0,506.0
939.625,505.0625
939.25,504.125
938.875,503.1875
938.5,502.25
938.125,501.3125
937.75,500.375
937.375,499.4375
937.0,498.5
936.625,497.5625
936.25,496.625
935.875,495.6875
935.5,494.75
935.125,493.8125
934.75,492.875
934.375,491.9375
934.0,491.0
935.0,495.0
935.0,495.0
935.0,492.0
935.0,492.0
935.0,495.0
935.0,495.0
935.0,492.0
935.0,492.0
934.0,491.0
934.5,491.5
935.0,492.0
934.5,491.5
934.0,491.0
935.0,494.0
937.0,497.0
935.0,494.0
