x,y
258.0,490.0
258.0,490.0
259.0,490.0
259.0,490.0
259.0,490.0
258.0,490.0
258.0,490.0
258.0,490.0
257.0,490.0
258.0,490.0
258.0,490.0
259.0,491.0
258.0,490.0
258.0,490.0
257.0,490.0
258.0,490.0
258.0,491.0
258.0,491.0
258.0,491.0
258.0,491.0
258.0,490.0
258.0,490.0
258.0,490.0
259.0,490.0
250.0,485.0
250.0,485.0
250.0,485.0
250.0,485.0
250.0,485.0
250.0,485.0
250.0,485.0
250.0,485.0
250.0,485.0
251.0,485.0
251.0,485.0
251.0,485.0
252.0,485.0
251.0,485.0
251.0,486.0
250.0,486.0
250.0,486.0
250.0,486.0
250.0,486.0
250.0,485.5
250.0,485.0
250.0,485.0
250.0,485.0
250.0,485.0
250.0,484.0
250.0,485.0
250.0,485.0
250.0,485.0
250.0,485.0
250.0,485.0
250.0,485.0
250.0,485.0
250.0,484.0
250.0,484.0
250.0,484.0
250.0,484.0
250.0,484.0
250.0,484.0
250.0,484.0
250.0,484.0
250.0,484.0
250.0,486.0
250.0,486.0
250.0,486.0
250.0,486.0
250.0,486.0
250.0,486.0
250.0,486.0
250.0,486.0
250.0,486.0
250.0,486.0
250.0,486.0
250.0,486.0
250.0,486.0
250.0,486.0
250.0,486.0
250.0,486.0
250.0,486.0
250.0,486.0
250.0,486.0
250.0,486.0
250.0,486.0
250.0,486.0
250.0,486.0
250.0,486.0
249.0,486.0
250.0,486.0
250.0,486.0
250.0,486.0
250.0,486.0
250.0,486.0
250.0,486.0
250.0,486.0
250.0,486.0
250.0,486.0
250.0,486.0
