x,y
244.0,882.0
244.0,881.0
247.75,884.25
251.5,887.5
255.25,890.75
259.0,894.0
257.77777777777777,892.5555555555555
256.55555555555554,891.1111111111111
255.33333333333334,889.6666666666666
254.11111111111111,888.2222222222222
252.88888888888889,886.7777777777778
251.66666666666666,885.3333333333334
250.44444444444446,883.8888888888889
249.22222222222223,882.4444444444445
248.0,881.0
248.23529411764707,880.9411764705883
248.47058823529412,880.8823529411765
248.7058823529412,880.8235294117648
248.94117647058823,880.7647058823529
249.1764705882353,880.7058823529412
249.41176470588235,880.6470588235294
249.64705882352942,880.5882352941177
249.88235294117646,880.5294117647059
250.11764705882354,880.4705882352941
250.35294117647058,880.4117647058823
250.58823529411765,880.3529411764706
250.8235294117647,880.2941176470588
251.05882352941177,880.2352941176471
251.2941176470588,880.1764705882352
251.52941176470588,880.1176470588235
251.76470588235293,880.0588235294117
252.0,880.0
251.0,879.0
249.0,879.0
150.0,876.0
37.0,874.0
37.5,874.0
38.0,874.0
37.0,873.0
37.0,874.0
111.0,893.0
123.0,889.0
134.0,887.0
128.0,939.5
122.0,992.0
109.0,1025.0
109.0,1028.0
108.0,1026.0
107.0,1024.0
113.0,1018.0
112.0,1018.0
177.0,1035.0
256.0,1060.0
323.0,1059.0
322.0,1060.0
322.0,1062.0
323.0,1059.0
255.0,1060.0
207.0,1068.0
209.0,1067.0
213.0,1072.0
208.0,1070.0
197.0,1061.0
197.0,1062.0
197.0,1063.0
215.0,1073.0
216.0,1073.0
107.0,1028.0
68.0,894.0
95.0,940.5
122.0,987.0
121.0,988.0
109.0,1007.0
109.0,1016.0
118.0,1005.0
117.0,1008.0
112.0,1014.0
110.0,1012.0
105.0,1021.0
105.0,1023.0
105.0,1020.0
106.0,1019.0
106.0,1019.0
106.0,1020.0
105.0,1032.0
104.0,1025.0
105.0,1020.0
108.0,1008.0
110.0,1005.0
105.0,1022.0
104.0,1023.0
104.0,1024.0
104.0,1030.0
107.0,1026.0
106.0,1024.0
107.0,1016.0
103.0,1039.0
108.0,1038.0
111.0,1038.0
109.0,1043.0
