x,y
319.0,1064.0
306.375,1064.25
293.75,1064.5
281.125,1064.75
268.5,1065.0
255.875,1065.25
243.25,1065.5
230.625,1065.75
218.0,1066.0
103.0,1019.0
101.47368421052632,1012.7894736842105
99.94736842105263,1006.578947368421
98.42105263157895,1000.3684210526316
96.89473684210526,994.1578947368421
95.36842105263158,987.9473684210526
93.84210526315789,981.7368421052631
92.3157894736842,975.5263157894736
90.78947368421052,969.3157894736842
89.26315789473684,963.1052631578948
87.73684210526315,956.8947368421053
86.21052631578948,950.6842105263158
84.68421052631578,944.4736842105264
83.15789473684211,938.2631578947369
81.63157894736842,932.0526315789474
80.10526315789474,925.8421052631579
78.57894736842105,919.6315789473684
77.05263157894737,913.421052631579
75.52631578947368,907.2105263157895
74.0,901.0
55.0,893.0
48.0,883.0
30.0,857.0
31.818181818181817,860.1818181818181
33.63636363636363,863.3636363636364
35.45454545454545,866.5454545454545
37.27272727272727,869.7272727272727
39.09090909090909,872.9090909090909
40.90909090909091,876.0909090909091
42.72727272727273,879.2727272727273
44.54545454545455,882.4545454545455
46.36363636363636,885.6363636363636
48.18181818181818,888.8181818181819
50.0,892.0
50.0,892.0
51.57142857142857,892.5714285714286
53.142857142857146,893.1428571428571
54.714285714285715,893.7142857142857
56.285714285714285,894.2857142857143
57.857142857142854,894.8571428571429
59.42857142857143,895.4285714285714
61.0,896.0
62.75,896.25
64.5,896.5
66.25,896.75
68.0,897.0
56.0,884.0
38.0,831.0
36.75,840.0
35.5,849.0
34.25,858.0
33.0,867.0
36.5,868.5
40.0,870.0
40.0,873.0
41.0,885.0
57.0,888.0
57.0,887.0
42.0,885.0
111.0,898.0
78.0,903.0
59.0,895.0
82.0,787.0
83.5,785.5
85.0,784.0
78.0,778.0
91.0,781.0
43.0,768.0
40.0,762.0
41.0,764.0
41.0,761.0
44.0,752.0
23.0,746.0
26.0,745.0
109.0,774.0
247.0,843.0
208.66666666666666,857.3333333333334
170.33333333333331,871.6666666666666
132.0,886.0
134.0,885.0
134.0,885.0
121.33333333333333,890.6666666666666
108.66666666666667,896.3333333333334
96.0,902.0
107.0,999.0
107.0909090909091,1003.0
107.18181818181819,1007.0
107.27272727272727,1011.0
107.36363636363636,1015.0
107.45454545454545,1019.0
107.54545454545455,1023.0
