x,y
392.0,165.0
392.0,166.0
392.0,166.0
392.0,166.0
392.0,165.0
392.0,166.0
392.0,165.0
392.0,165.0
392.0,165.0
392.0,166.0
392.0,166.0
392.0,166.0
393.0,166.0
392.0,166.0
392.0,166.0
392.0,166.0
392.0,166.0
393.0,166.0
392.0,166.0
393.0,165.0
393.0,165.0
393.0,165.0
393.0,165.0
393.0,165.0
392.0,165.0
392.0,165.0
392.0,165.0
392.0,165.0
393.0,166.0
393.0,165.0
393.0,166.0
392.0,166.0
393.0,166.0
393.0,167.0
393.0,167.0
393.0,168.0
393.0,168.0
393.0,168.0
393.0,168.0
393.0,169.0
393.0,170.0
393.0,170.0
393.0,170.0
393.0,170.0
393.0,170.0
392.0,169.0
392.0,170.0
393.0,170.0
393.0,171.0
394.0,171.0
394.0,169.0
395.0,171.0
395.0,170.0
395.0,169.0
394.0,169.0
395.0,170.0
395.0,170.0
395.0,170.0
394.0,169.0
394.0,169.0
395.0,170.0
394.0,170.0
395.0,170.0
394.0,170.0
395.0,170.0
394.0,169.0
394.0,169.0
394.0,169.0
394.0,169.0
394.0,169.0
394.0,169.0
395.0,169.0
397.0,169.0
396.0,170.0
396.0,170.0
396.0,169.0
396.0,170.0
396.0,169.0
396.0,169.0
396.0,169.0
396.0,169.0
396.0,169.0
396.0,169.0
396.0,170.0
396.0,169.0
396.0,169.0
396.0,169.0
396.0,169.0
396.0,169.0
396.0,169.0
396.0,169.0
396.0,169.0
396.0,169.0
396.0,169.0
396.0,169.0
397.0,169.0
396.0,170.0
396.0,170.0
397.0,170.0
397.0,170.0
