x,y
391.0,143.0
391.0,143.0
391.0,143.0
391.0,143.0
391.0,143.0
391.0,143.0
391.0,144.0
391.0,144.0
391.0,143.0
380.0,127.0
380.0,127.0
380.0,127.0
380.0,127.0
380.0,127.0
380.0,127.0
380.0,127.0
380.0,127.0
380.0,127.0
379.0,127.0
380.0,127.0
380.0,127.0
380.0,127.0
380.0,128.0
380.0,128.0
380.0,128.0
380.0,128.0
380.0,127.0
380.0,128.0
380.0,128.0
379.0,128.0
379.0,128.0
379.0,128.0
380.0,129.0
379.0,129.0
380.0,129.0
379.0,129.0
379.0,129.0
379.0,129.0
379.0,129.0
379.0,129.0
379.0,129.0
379.0,129.0
379.0,130.0
379.0,130.0
379.0,129.0
379.0,129.0
379.0,129.0
379.0,129.0
379.0,129.0
379.0,129.0
378.0,130.0
379.0,129.0
380.0,129.0
380.0,128.0
380.0,128.0
380.0,128.0
380.0,128.0
380.0,128.0
380.0,128.0
380.0,127.0
380.0,127.0
380.0,127.0
381.0,128.0
381.0,128.0
381.0,128.0
381.0,128.0
381.0,128.0
380.0,128.0
380.0,128.0
381.0,128.0
380.0,128.0
380.0,128.0
380.0,128.0
380.0,129.0
380.0,129.0
380.0,128.0
380.0,129.0
380.0,129.0
380.0,128.0
380.0,129.0
380.0,128.0
380.0,129.0
380.0,128.0
380.0,128.0
380.0,128.0
380.0,128.0
380.0,128.0
380.0,127.0
380.0,127.0
380.0,127.0
381.0,128.0
380.0,127.0
381.0,128.0
381.0,127.0
381.0,127.0
381.0,126.0
381.0,127.0
380.0,129.0
380.0,129.0
380.0,129.0
