x,y
960.0,621.0
956.0,618.0
960.0,620.0
955.0,617.0
960.0,621.0
960.0,620.0
955.0,622.0
959.0,620.0
959.0,621.0
953.0,619.0
952.0,619.0
953.0,619.0
958.0,620.0
959.0,621.0
959.0,621.0
959.0,620.0
958.0,620.0
958.0,621.0
958.0,621.0
959.0,620.0
959.0,621.0
959.0,620.0
959.0,621.0
959.0,621.0
959.0,621.0
958.0,621.0
954.0,619.0
960.0,622.0
960.0,623.0
956.0,620.0
956.0,621.0
956.0,621.0
960.0,623.0
957.0,621.0
956.0,621.0
957.0,621.0
957.0,620.0
956.0,621.0
956.0,621.0
957.0,621.0
960.0,623.0
957.0,619.0
956.0,620.0
957.0,620.0
957.0,619.0
958.0,619.0
957.0,619.0
958.0,620.0
957.0,620.0
956.0,620.0
957.0,620.0
961.0,623.0
958.0,620.0
957.0,619.0
961.0,622.0
961.0,622.0
957.0,620.0
958.0,621.0
957.0,620.0
958.0,621.0
957.0,620.0
957.0,621.0
958.0,621.0
957.0,621.0
961.0,623.0
956.0,621.0
957.0,621.0
958.0,622.0
957.0,622.0
958.0,623.0
959.0,621.0
960.0,622.0
960.0,622.0
961.0,621.0
960.0,620.0
959.0,620.0
958.0,625.0
945.0,624.0
935.0,621.0
944.0,615.0
977.0,612.0
979.0,612.0
924.5,684.0
870.0,756.0
858.0,763.0
851.0,762.0
846.0,766.0
842.0,774.0
840.0,785.0
827.0,799.0
808.5,799.0
790.0,799.0
762.0,822.0
745.0,829.0
743.0,837.0
756.0,839.0
773.0,838.5
790.0,838.0
795.0,856.0
798.0,874.0
