x,y
986.0,779.0
986.0,779.0
986.0,779.0
986.0,779.0
985.0,779.0
986.0,780.0
987.0,780.0
987.0,780.0
987.0,780.0
986.0,780.0
986.0,780.0
987.0,780.0
987.0,781.0
987.0,781.0
988.0,781.0
988.0,781.0
990.0,784.0
991.0,785.0
991.0,785.0
989.0,784.0
990.0,782.0
991.0,785.0
991.0,785.0
991.0,785.0
992.0,786.0
993.0,786.0
993.0,786.0
993.0,786.0
993.0,785.0
993.0,785.0
993.0,785.0
994.0,786.0
994.0,786.0
995.0,786.0
995.0,786.0
997.0,786.0
997.0,785.0
998.0,785.0
998.0,785.0
998.0,785.0
997.0,785.0
998.0,785.0
998.0,786.0
999.0,786.0
999.0,785.0
998.0,785.0
998.0,786.0
998.0,786.0
999.0,785.0
999.0,786.0
1000.0,786.0
1000.0,786.0
999.0,784.0
999.0,785.0
999.0,784.0
1000.0,784.0
1000.0,784.0
999.0,785.0
999.0,785.0
999.0,785.0
998.0,784.0
998.0,784.0
998.0,784.0
998.0,784.0
998.0,784.0
998.0,784.0
998.0,784.0
998.0,783.0
998.0,783.0
998.0,783.0
998.0,783.0
998.0,783.0
998.0,783.0
998.0,783.0
998.0,783.0
998.0,783.0
999.0,783.0
999.0,783.0
999.0,783.0
998.0,783.0
998.0,783.0
998.0,783.0
999.0,783.0
998.0,783.0
998.0,783.0
998.0,783.0
998.0,783.0
998.0,783.0
999.0,783.0
999.0,783.0
999.0,783.0
999.0,783.0
998.0,783.0
998.0,783.0
998.0,783.0
999.0,783.0
998.0,783.0
998.0,783.0
998.0,783.0
998.0,783.0
