x,y
1698.0102040816328,597.9591836734694
1697.5510204081634,597.795918367347
1697.091836734694,597.6326530612245
1696.6326530612246,597.469387755102
1696.1734693877552,597.3061224489796
1695.7142857142858,597.1428571428571
1695.2551020408164,596.9795918367347
1694.795918367347,596.8163265306123
1694.3367346938776,596.6530612244898
1693.8775510204082,596.4897959183673
1693.4183673469388,596.3265306122449
1692.9591836734694,596.1632653061224
1692.5,596.0
1692.0408163265306,595.8367346938776
1691.5816326530612,595.6734693877551
1691.1224489795918,595.5102040816327
1690.6632653061224,595.3469387755102
1690.204081632653,595.1836734693877
1689.7448979591836,595.0204081632653
1689.2857142857142,594.8571428571429
1688.8265306122448,594.6938775510204
1688.3673469387754,594.530612244898
1687.908163265306,594.3673469387755
1687.4489795918366,594.204081632653
1686.9897959183672,594.0408163265306
1686.530612244898,593.8775510204082
1686.0714285714287,593.7142857142857
1685.6122448979593,593.5510204081633
1685.1530612244899,593.3877551020408
1684.6938775510205,593.2244897959183
1684.234693877551,593.0612244897959
1683.7755102040817,592.8979591836735
1683.3163265306123,592.734693877551
1682.857142857143,592.5714285714286
1682.3979591836735,592.4081632653061
1681.938775510204,592.2448979591836
1681.4795918367347,592.0816326530612
1681.0204081632653,591.9183673469388
1680.561224489796,591.7551020408164
1680.1020408163265,591.5918367346939
1679.642857142857,591.4285714285714
1679.1836734693877,591.265306122449
1678.7244897959183,591.1020408163265
1678.265306122449,590.9387755102041
1677.8061224489795,590.7755102040817
1677.3469387755101,590.6122448979592
1676.8877551020407,590.4489795918367
1676.4285714285713,590.2857142857143
1675.969387755102,590.1224489795918
1675.5102040816328,589.9591836734694
1675.0510204081634,589.795918367347
1674.591836734694,589.6326530612245
1674.1326530612246,589.469387755102
1673.6734693877552,589.3061224489796
1673.2142857142858,589.1428571428571
1672.7551020408164,588.9795918367347
1672.295918367347,588.8163265306123
1671.8367346938776,588.6530612244898
1671.3775510204082,588.4897959183673
1670.9183673469388,588.3265306122449
1670.4591836734694,588.1632653061224
1670.0,588.0
1669.9,587.9
1669.8,587.8
1669.7,587.7
1669.6,587.6
1669.5,587.5
1669.4,587.4
1669.3,587.3
1669.2,587.2
1669.1,587.1
1669.0,587.0
1661.0,633.0
1661.0,633.5
1661.0,634.0
1662.8,623.8
1664.6,613.6
1666.4,603.4
1668.2,593.2
1670.0,583.0
1668.6964285714287,581.1964285714286
1667.392857142857,579.3928571428571
1666.0892857142858,577.5892857142857
1664.7857142857142,575.7857142857143
1663.482142857143,573.9821428571429
1662.1785714285713,572.1785714285714
1660.875,570.375
1659.5714285714287,568.5714285714286
1658.267857142857,566.7678571428571
1656.9642857142858,564.9642857142857
1655.6607142857142,563.1607142857143
1654.357142857143,561.3571428571429
1653.0535714285713,559.5535714285714
1651.75,557.75
1650.4464285714287,555.9464285714286
1649.142857142857,554.1428571428571
1647.8392857142858,552.3392857142857
1646.5357142857142,550.5357142857143
1645.232142857143,548.7321428571429
1643.9285714285713,546.9285714285714
