x,y
1083.8181818181818,601.7272727272727
1083.909090909091,601.6969696969697
1084.0,601.6666666666666
1084.090909090909,601.6363636363636
1084.1818181818182,601.6060606060606
1084.2727272727273,601.5757575757576
1084.3636363636363,601.5454545454545
1084.4545454545455,601.5151515151515
1084.5454545454545,601.4848484848485
1084.6363636363637,601.4545454545455
1084.7272727272727,601.4242424242424
1084.8181818181818,601.3939393939394
1084.909090909091,601.3636363636364
1085.0,601.3333333333334
1085.090909090909,601.3030303030303
1085.1818181818182,601.2727272727273
1085.2727272727273,601.2424242424242
1085.3636363636363,601.2121212121212
1085.4545454545455,601.1818181818181
1085.5454545454545,601.1515151515151
1085.6363636363637,601.1212121212121
1085.7272727272727,601.0909090909091
1085.8181818181818,601.060606060606
1085.909090909091,601.030303030303
1086.0,601.0
1086.090909090909,600.969696969697
1086.1818181818182,600.939393939394
1086.2727272727273,600.9090909090909
1086.3636363636363,600.8787878787879
1086.4545454545455,600.8484848484849
1086.5454545454545,600.8181818181819
1086.6363636363637,600.7878787878788
1086.7272727272727,600.7575757575758
1086.8181818181818,600.7272727272727
1086.909090909091,600.6969696969697
1087.0,600.6666666666666
1087.090909090909,600.6363636363636
1087.1818181818182,600.6060606060606
1087.2727272727273,600.5757575757576
1087.3636363636363,600.5454545454545
1087.4545454545455,600.5151515151515
1087.5454545454545,600.4848484848485
1087.6363636363637,600.4545454545455
1087.7272727272727,600.4242424242424
1087.8181818181818,600.3939393939394
1087.909090909091,600.3636363636364
1088.0,600.3333333333334
1088.090909090909,600.3030303030303
1088.1818181818182,600.2727272727273
1088.2727272727273,600.2424242424242
1088.3636363636363,600.2121212121212
1088.4545454545455,600.1818181818181
1088.5454545454545,600.1515151515151
1088.6363636363637,600.1212121212121
1088.7272727272727,600.0909090909091
1088.8181818181818,600.060606060606
1088.909090909091,600.030303030303
1089.0,600.0
1085.0,602.0
1085.1875,602.0625
1085.375,602.125
1085.5625,602.1875
1085.75,602.25
1085.9375,602.3125
1086.125,602.375
1086.3125,602.4375
1086.5,602.5
1086.6875,602.5625
1086.875,602.625
1087.0625,602.6875
1087.25,602.75
1087.4375,602.8125
1087.625,602.875
1087.8125,602.9375
1088.0,603.0
1089.0,603.0
1089.0,603.0
1089.0,603.0
1090.0,604.0
1089.0,604.0
1090.0,603.0
1092.0,603.0
1091.0,605.0
1092.0,604.0
1091.0,604.0
1092.0,604.0
1103.0,595.0
1095.0,605.0
1093.0,605.0
1093.0,606.0
1094.0,606.0
1093.0,606.0
1093.0,606.0
1092.0,603.0
1092.0,605.0
1092.0,605.0
1092.0,605.0
1092.0,605.0
1092.0,606.0
1092.0,605.0
