x,y
1105.0,606.0
1105.0,606.0
1105.0,606.0
1105.0,607.0
1105.0,607.0
1105.0,607.0
1105.0,607.0
1103.0,607.0
1103.0,607.0
1103.0,607.0
1103.0,607.0
1103.0,607.0
1104.0,607.0
1103.0,607.0
1103.0,607.0
1103.0,607.0
1103.0,607.0
1103.0,607.0
1103.0,607.0
1103.0,607.0
1103.0,607.0
1104.0,606.0
1103.0,606.0
1103.0,606.0
1103.0,606.0
1103.0,606.0
1104.0,606.0
1104.0,606.0
1104.0,606.0
1104.0,606.0
1104.0,606.0
1103.0,606.0
1103.0,606.0
1103.0,606.0
1103.0,606.0
1103.0,606.0
1103.0,606.0
1103.0,606.0
1103.0,606.0
1103.0,606.0
1103.0,606.0
1103.0,606.0
1103.0,606.0
1103.0,606.0
1103.0,606.0
1103.0,606.0
1103.0,606.0
1103.0,606.0
1103.0,606.0
1103.0,607.0
1103.0,606.0
1103.0,607.0
1103.0,607.0
1103.0,606.0
1103.0,606.0
1103.0,606.0
1103.0,606.0
1103.0,606.0
1103.0,606.0
1103.0,606.0
1103.0,606.0
1103.0,606.0
1103.0,606.0
1103.0,606.0
1103.0,606.0
1103.0,606.0
1103.0,606.0
1103.0,606.0
1103.0,606.0
1103.0,606.0
1103.0,606.0
1103.0,606.0
1103.0,606.125
1103.0,606.25
1103.0,606.375
1103.0,606.5
1103.0,606.625
1103.0,606.75
1103.0,606.875
1103.0,607.0
1103.047619047619,606.9047619047619
1103.095238095238,606.8095238095239
1103.142857142857,606.7142857142857
1103.1904761904761,606.6190476190476
1103.2380952380952,606.5238095238095
1103.2857142857142,606.4285714285714
1103.3333333333333,606.3333333333334
1103.3809523809523,606.2380952380952
1103.4285714285713,606.1428571428571
1103.4761904761904,606.047619047619
1103.5238095238096,605.952380952381
1103.5714285714287,605.8571428571429
1103.6190476190477,605.7619047619048
1103.6666666666667,605.6666666666666
1103.7142857142858,605.5714285714286
1103.7619047619048,605.4761904761905
1103.8095238095239,605.3809523809524
1103.857142857143,605.2857142857143
1103.904761904762,605.1904761904761
1103.952380952381,605.0952380952381
