x,y
780.0,362.0
763.0,366.0
748.0,363.0
740.0,362.0
734.0,367.0
736.0,372.0
736.0,375.0
735.0,379.0
731.0,381.0
731.0,400.0
738.0,429.0
755.0,454.0
757.0,485.0
757.0,495.0
764.0,501.0
762.0,495.0
759.0,493.0
760.0,499.0
761.0,504.0
766.0,497.0
761.0,496.0
765.0,504.0
765.0,524.0
760.0,563.0
761.0,623.0
747.0,696.0
738.0,778.0
731.0,850.0
727.0,906.0
699.0,952.0
663.0,980.0
625.0,1000.0
593.0,1016.0
577.0,1027.0
572.0,1036.0
567.0,1045.0
571.0,1040.0
572.0,1039.0
577.0,1044.0
577.0,1044.0
575.0,1038.0
576.0,1039.0
574.0,1049.0
575.0,1044.0
567.0,1054.0
553.0,1058.0
531.0,1042.5
509.0,1027.0
493.0,1006.0
482.0,982.0
475.0,969.0
478.0,971.0
479.0,968.0
482.0,967.0
480.0,966.0
490.0,981.0
499.0,1005.0
501.0,1030.0
484.0,1077.0
483.73333333333335,1075.8666666666666
483.46666666666664,1074.7333333333333
483.2,1073.6
482.93333333333334,1072.4666666666667
482.6666666666667,1071.3333333333333
482.4,1070.2
482.1333333333333,1069.0666666666666
481.8666666666667,1067.9333333333334
481.6,1066.8
481.3333333333333,1065.6666666666667
481.06666666666666,1064.5333333333333
480.8,1063.4
480.53333333333336,1062.2666666666667
480.26666666666665,1061.1333333333334
480.0,1060.0
491.0,1030.0
500.0,1016.0
504.0,1014.0
497.0,1018.0
497.0,1020.0
495.0,1024.0
493.0,1025.0
495.0,1024.0
493.0,1028.0
490.0,1032.0
487.0,1031.0
475.0,1045.0
458.0,1055.0
456.0,1064.0
449.0,1073.0
459.0,1072.0
459.0,1074.0
458.0,1073.0
460.0,1072.0
459.0,1070.0
464.0,1053.0
477.0,1044.0
482.0,1034.0
483.0,1034.0
485.0,1028.0
486.0,1034.0
