x,y
739.0,590.0
746.0,593.0
744.0,594.0
743.0,596.0
742.0,598.0
742.0,596.0
742.0,596.0
739.0,602.0
740.0,597.0
740.0,598.0
735.0,604.0
731.0,603.0
722.0,597.0
696.0,597.0
660.0,604.0
625.0,621.0
600.0,637.0
577.0,628.0
552.0,609.0
527.0,592.0
501.0,573.0
489.0,576.0
481.0,579.0
480.0,580.0
475.0,574.0
481.0,581.0
483.0,581.0
483.0,579.0
486.0,581.0
490.0,585.0
494.0,587.0
494.0,590.0
495.0,588.0
497.0,591.0
496.0,590.0
493.0,589.0
496.0,593.0
501.0,607.0
502.0,625.0
500.0,652.0
491.0,659.0
488.0,659.0
487.0,664.0
490.0,663.0
493.0,667.0
516.0,691.0
530.0,713.0
543.0,734.0
543.0,745.0
556.0,761.0
562.0,763.0
563.0,773.0
566.0,768.0
563.0,775.0
564.0,775.0
564.0,767.0
566.0,771.0
586.0,824.0
605.0,903.0
594.0,941.0
568.0,954.0
559.0,963.0
553.0,967.0
553.0,967.0
555.0,966.0
550.0,959.0
560.0,961.0
563.0,959.0
561.0,951.0
570.0,953.0
574.0,953.0
568.0,952.0
577.0,938.0
591.0,910.0
609.0,893.0
619.0,861.0
614.0,843.0
603.0,828.0
585.0,816.0
569.0,818.0
566.0,819.0
553.0,812.0
534.0,805.0
510.0,794.0
497.0,758.0
490.0,738.0
492.0,710.0
490.0,688.0
478.0,659.0
462.0,642.0
451.0,623.0
443.0,615.0
438.0,603.0
437.0,601.0
435.0,601.0
437.0,602.0
436.0,600.0
439.0,595.0
443.0,576.0
450.0,564.0
