x,y
1251.0,1009.0
1251.0,1009.0
1252.0,1009.0
1252.0,1009.0
1252.0,1009.0
1251.0,1009.0
1251.0,1009.0
1252.0,1009.0
1252.0,1009.0
1251.0,1010.0
1250.0,1009.0
1250.0,1009.0
1250.0,1010.0
1251.0,1009.0
1252.0,1010.0
1252.0,1011.0
1252.0,1011.0
1253.0,1010.0
1252.0,1010.0
1253.0,1010.0
1254.0,1011.0
1255.0,1010.0
1255.0,1010.0
1255.0,1011.0
1253.0,1011.0
1253.0,1010.0
1254.0,1011.0
1253.0,1011.0
1254.0,1011.0
1254.0,1011.0
1253.0,1010.0
1253.0,1010.0
1253.0,1010.0
1253.0,1011.0
1254.0,1011.0
1255.3333333333333,1011.3333333333334
1256.6666666666667,1011.6666666666666
1258.0,1012.0
1260.5,1023.0
1263.0,1034.0
1261.0,1037.0
1258.0,1037.0
1244.0,1034.0
1228.0,1026.0
1211.0,1020.0
1190.0,1023.0
1163.0,1004.0
1159.0,993.3333333333334
1155.0,982.6666666666666
1151.0,972.0
1155.0,960.0
1156.0,955.0
1162.0,949.0
1170.0,942.0
1183.0,946.0
1190.0,943.0
1188.0,944.0
1178.0,943.0
1188.0,926.0
1183.0,918.0
1183.0,906.0
1179.0,895.0
1178.0,893.0
1180.0,891.0
1178.0,891.0
1177.0,882.0
1169.0,873.0
1166.0,872.0
1163.0,867.0
1161.0,866.0
1161.0,865.0
1161.0,864.0
1160.0,861.0
1158.0,860.0
1158.0,859.0
1158.0,858.0
1157.0,856.0
1157.0,864.0
1149.0,874.0
1141.0,887.0
1151.0,885.0
1159.0,886.0
1183.0,866.0
1205.0,855.0
1221.0,854.0
1249.0,859.0
1274.0,860.0
1294.0,862.0
1325.0,883.0
1360.0,899.0
1394.0,907.0
1431.0,917.0
1478.0,929.0
1519.0,937.0
1560.0,955.0
1609.0,966.0
1667.0,975.0
1746.0,964.0
