x,y
1249.0,1017.0
1249.0,1018.0
1248.0,1018.0
1248.0,1018.0
1248.0,1018.0
1247.0,1018.0
1247.0,1018.0
1247.0,1019.0
1247.0,1018.0
1248.0,1019.0
1248.0,1019.0
1249.0,1019.0
1249.0,1019.0
1249.0,1019.0
1249.0,1019.0
1249.0,1019.0
1250.0,1019.0
1250.0,1019.0
1249.0,1019.0
1249.0,1019.0
1249.0,1019.0
1250.0,1019.0
1249.0,1020.0
1249.0,1020.0
1250.0,1020.0
1250.0,1021.0
1250.0,1021.0
1250.0,1021.0
1251.0,1021.0
1250.0,1019.0
1250.0,1020.0
1250.0,1020.0
1250.0,1021.0
1250.0,1020.0
1250.0,1021.0
1249.0,1021.0
1249.0,1021.0
1250.0,1021.0
1250.0,1022.0
1250.0,1021.0
1250.0,1021.0
1250.0,1021.0
1250.0,1022.0
1251.0,1020.0
1251.0,1020.0
1251.0,1021.0
1250.0,1022.0
1251.0,1021.0
1251.0,1021.0
1251.0,1021.0
1250.0,1021.0
1252.0,1021.0
1252.0,1021.0
1252.0,1021.0
1252.0,1021.0
1252.0,1022.0
1253.0,1022.0
1253.0,1022.0
1252.0,1023.0
1252.0,1023.0
1252.0,1023.0
1252.0,1023.0
1252.0,1023.0
1252.0,1023.0
1252.0,1022.0
1252.0,1022.0
1252.0,1022.0
1253.0,1022.0
1253.0,1022.0
1252.0,1022.0
1252.0,1022.0
1253.0,1023.0
1253.0,1023.0
1253.0,1022.0
1252.0,1024.0
1253.0,1022.0
1254.0,1023.0
1254.0,1023.0
1253.0,1022.0
1254.0,1022.0
1255.0,1022.0
1256.0,1022.0
1256.0,1022.0
1256.0,1022.0
1255.0,1021.0
1256.0,1022.0
1256.0,1022.0
1257.0,1021.0
1257.0,1021.0
1257.0,1021.0
1259.0,1020.0
1260.0,1019.0
1260.0,1019.0
1260.0,1019.0
1260.0,1018.0
1260.0,1018.0
1259.0,1018.0
1260.0,1018.0
1260.0,1018.0
1260.0,1018.0
