x,y
1362.0,396.0
1332.0,432.0
1305.0,476.0
1286.0,511.0
1276.0,554.0
1240.0,567.0
1217.0,586.0
1207.0,611.0
1193.0,631.0
1192.0,641.0
1197.0,650.0
1201.0,654.0
1207.0,669.0
1202.0,671.0
1204.0,674.0
1194.0,675.0
1184.0,677.0
1179.0,674.0
1186.0,681.0
1190.0,699.0
1189.0,704.0
1185.0,701.0
1188.0,712.0
1192.0,730.0
1194.0,756.0
1203.0,776.0
1214.0,807.0
1209.0,819.0
1199.0,845.0
1195.0,875.0
1197.0,909.0
1206.0,949.0
1209.0,981.0
1206.0,997.0
1193.0,1006.0
1178.6666666666667,1003.0
1164.3333333333333,1000.0
1150.0,997.0
1131.0,995.0
1112.0,993.0
1100.0,992.0
1097.0,984.0
1100.0,990.0
1092.0,993.0
1084.0,990.0
1085.0,1001.0
1083.5,1011.0
1082.0,1021.0
1084.0,1020.0
1087.0,1030.0
1096.0,1049.0
1103.0,1050.0
1106.0,1039.0
1106.0,1030.0
1109.0,1015.0
1116.0,996.0
1123.0,977.0
1129.0,968.0
1136.0,949.0
1147.0,929.0
1154.0,908.0
1161.0,890.0
1170.0,870.0
1175.0,857.0
1178.0,834.0
1180.0,810.0
1179.0,789.0
1175.0,776.0
1171.0,765.0
1171.0,755.0
1174.0,748.0
1193.0,725.0
1212.0,702.0
1222.0,665.0
1225.0,650.0
1219.0,635.0
1211.0,624.0
1202.0,626.0
1204.0,634.0
1197.0,640.0
1195.0,649.0
1197.0,659.0
1200.0,667.0
1200.0,673.0
1190.0,684.0
1186.0,692.0
1191.0,691.0
1206.0,677.0
1217.0,642.0
1232.0,605.0
1244.0,578.0
1248.0,560.0
1262.5,530.0
1277.0,500.0
1290.0,465.0
1310.0,430.0
1332.0,391.0
1358.0,350.0
