x,y
860.0,758.0
860.0,758.0
860.0,758.0
860.0,758.0
860.0,758.0
860.0,758.0
860.0,758.0
860.0,758.0
860.0,758.0
860.0,758.0
860.0,758.0
860.0,758.0
860.0,758.0
860.0,758.0
860.0,758.0
859.0,758.0
859.0,758.0
859.0,758.0
858.0,758.0
858.0,758.0
857.0,758.0
857.0,758.0
857.0,758.0
857.0,758.0
858.0,758.0
858.0,758.0
857.0,758.0
857.0,759.0
857.0,759.0
857.0,759.0
858.0,760.0
858.0,760.0
858.0,760.0
858.0,760.0
858.0,759.0
857.0,759.0
858.0,759.0
858.0,759.0
858.0,759.0
858.0,759.0
859.0,759.0
859.0,759.0
858.0,758.0
858.0,758.0
858.0,758.0
858.0,758.0
858.0,758.0
857.0,758.0
857.0,758.0
858.0,758.0
858.0,758.0
857.0,758.0
858.0,759.0
857.0,758.0
856.0,760.0
843.0,765.0
825.0,775.0
805.0,781.0
789.0,787.0
782.0,788.0
779.0,786.0
780.0,793.0
779.0,795.0
796.0,794.0
807.0,800.0
814.0,804.0
828.0,811.0
833.0,814.0
836.0,814.0
839.0,813.0
840.0,815.0
849.0,815.0
862.0,817.0
871.0,821.0
875.0,821.0
879.0,819.0
877.0,820.0
879.0,822.0
881.0,818.0
880.0,822.0
877.0,823.0
876.0,824.0
877.0,820.0
879.0,823.0
880.0,821.0
877.0,823.0
873.0,826.0
873.0,825.0
877.0,822.0
878.0,824.0
876.0,826.0
870.0,828.0
876.0,822.0
878.0,824.0
876.0,825.0
873.0,827.0
870.0,828.0
878.0,826.0
879.0,826.0
875.0,827.0
