x,y
874.0,762.0
874.0,762.0
874.0,762.0
874.0,762.0
874.0,762.0
874.0,762.0
874.0,761.0
874.0,762.0
875.0,762.0
875.0,762.0
875.0,762.0
875.0,762.0
875.0,761.0
874.0,760.0
874.0,761.0
874.0,760.0
874.0,760.0
874.0,760.0
874.0,760.0
874.0,761.0
874.0,761.0
875.0,761.0
874.0,760.0
874.0,760.0
874.0,760.0
874.0,760.0
874.0,760.0
874.0,760.0
874.0,760.0
874.0,760.0
874.0,760.0
874.0,761.0
875.0,761.0
875.0,761.0
875.0,760.0
875.0,760.0
875.0,761.0
875.0,761.0
873.0,760.0
874.0,760.0
873.0,759.0
873.0,759.0
875.0,759.0
873.0,759.0
875.0,759.0
874.0,760.0
874.0,760.0
873.0,759.0
875.0,759.0
872.0,760.0
875.0,758.0
875.0,759.0
872.0,760.0
872.0,760.0
873.0,761.0
873.0,761.0
873.0,761.0
873.0,761.0
873.0,761.0
873.0,761.0
873.0,766.0
873.0,765.0
873.0,766.0
872.0,767.0
872.0,767.0
872.125,766.5
872.25,766.0
872.375,765.5
872.5,765.0
872.625,764.5
872.75,764.0
872.875,763.5
873.0,763.0
873.125,762.5
873.25,762.0
873.375,761.5
873.5,761.0
873.625,760.5
873.75,760.0
873.875,759.5
874.0,759.0
874.125,758.5
874.25,758.0
874.375,757.5
874.5,757.0
874.625,756.5
874.75,756.0
874.875,755.5
875.0,755.0
875.0,755.0
875.0,755.0
875.0,755.0
875.0,755.0
875.0,755.0
875.0,755.0
875.0,755.0
875.0,755.0
875.0,755.0
875.0,755.0
875.0,755.0
