x,y
850.829268292683,786.0975609756098
851.0487804878048,785.829268292683
851.2682926829268,785.560975609756
851.4878048780488,785.2926829268292
851.7073170731708,785.0243902439024
851.9268292682926,784.7560975609756
852.1463414634146,784.4878048780488
852.3658536585366,784.219512195122
852.5853658536586,783.9512195121952
852.8048780487804,783.6829268292682
853.0243902439024,783.4146341463414
853.2439024390244,783.1463414634146
853.4634146341464,782.8780487804878
853.6829268292682,782.609756097561
853.9024390243902,782.3414634146342
854.1219512195122,782.0731707317074
854.3414634146342,781.8048780487804
854.560975609756,781.5365853658536
854.780487804878,781.2682926829268
855.0,781.0
855.0,781.0
855.1666666666666,780.8333333333334
855.3333333333334,780.6666666666666
855.5,780.5
855.6666666666666,780.3333333333334
855.8333333333334,780.1666666666666
856.0,780.0
856.2857142857143,780.1428571428571
856.5714285714286,780.2857142857143
856.8571428571429,780.4285714285714
857.1428571428571,780.5714285714286
857.4285714285714,780.7142857142857
857.7142857142857,780.8571428571429
858.0,781.0
857.5,781.0
857.0,781.0
857.3333333333334,781.0
857.6666666666666,781.0
858.0,781.0
859.0,780.0
859.0,779.0
859.0,779.0
859.0,779.0
859.0,779.0
861.0,779.0
860.0,779.0
861.0,778.0
861.0,778.0
861.0,778.5
861.0,779.0
861.0,779.5
861.0,780.0
861.0,780.0
861.0,780.0
861.25,779.75
861.5,779.5
861.75,779.25
862.0,779.0
863.0,778.0
863.0,778.0
863.0,778.0
864.0,779.0
864.0,778.5
864.0,778.0
863.0,778.0
863.0,778.0
863.0,777.0
863.0,776.0
863.0,776.0
863.0,776.0
863.0,776.0
863.0,775.0
864.0,775.0
864.0,774.0
864.0,774.0
864.0,774.0
865.0,773.0
864.0,773.0
864.0,772.0
863.0,772.0
862.0,772.0
862.0,772.0
862.0,771.0
862.0,771.0
862.0,771.0
862.0,772.0
862.0,772.0
862.0,771.0
862.0,771.0
863.0,771.0
863.0,771.0
863.0,771.0
863.0,771.0
863.0,771.0
863.0,771.0
863.0,769.0
864.0,769.0
864.0,769.0
865.0,769.0
865.0,769.0
