x,y
1116.0,738.0
1115.0,739.0
1114.0,739.0
1114.0,739.0
1114.0,738.0
1115.0,737.0
1114.0,736.0
1115.0,736.0
1116.0,736.0
1116.0,736.0
1116.0,736.0
1115.0,735.0
1114.0,735.0
1114.0,736.0
1114.0,736.0
1114.0,736.0
1113.0,736.0
1113.0,736.0
1113.0,736.0
1113.0,736.0
1112.0,736.0
1112.0,736.0
1111.0,736.0
1111.0,735.0
1111.0,735.0
1112.0,737.0
1111.0,736.0
1112.0,737.0
1111.0,736.0
1111.0,736.0
1111.0,737.0
1111.0,737.0
1111.0,736.0
1111.0,736.0
1111.0,736.0
1111.0,736.0
1111.0,737.0
1111.0,737.0
1111.0,737.0
1111.0,737.0
1110.0,736.0
1110.0,736.0
1110.0,736.0
1109.0,736.0
1110.0,736.0
1109.0,736.0
1109.5,736.0
1110.0,736.0
1109.0,736.0
1109.3333333333333,736.3333333333334
1109.6666666666667,736.6666666666666
1110.0,737.0
1109.0,736.0
1109.0,738.0
1109.0,738.0
1109.0,738.0
1109.0,738.0
1109.0,738.0
1109.0,738.0
1109.0,738.0
1108.0,737.0
1107.0,735.0
1107.0,735.0
1107.0,735.0
1107.0,735.0
1107.0,735.0
1108.0,737.0
1108.0,737.0
1108.0,737.0
1108.0,737.0
1108.0,737.0
1108.0,736.0
1109.0,737.0
1108.0,735.0
1108.0,735.0
1110.0,736.0
1109.0,736.0
1109.0,734.0
1109.0,736.0
1109.0,736.0
1109.0,736.0
1109.0,737.0
1109.0,737.0
1109.0,736.0
1108.0,736.0
1109.0,736.0
1108.0,734.0
1107.0,733.0
1107.0,733.0
1107.0,733.0
1108.0,734.0
1107.0,732.0
1107.0,732.0
1107.0,732.0
1107.0,732.0
1106.0,731.0
1106.0,732.0
1106.0,733.0
1106.0,734.0
1105.0,733.0
