x,y
490.0,855.0
489.0,855.0
491.0,854.0
492.0,853.0
492.0,854.0
492.0,854.0
492.0,852.0
491.0,855.0
491.0,854.0
491.0,853.0
491.0,853.0
491.0,852.0
492.0,853.0
492.0,853.0
492.0,852.0
492.0,852.0
493.0,851.0
492.0,851.0
492.0,851.0
492.0,851.0
492.0,850.8333333333334
492.0,850.6666666666666
492.0,850.5
492.0,850.3333333333334
492.0,850.1666666666666
492.0,850.0
492.0,850.0
492.0,849.0
492.0,850.0
492.0,850.0
493.0,850.0
493.0,849.0
493.0,850.0
493.0,850.0
493.0,850.0
494.0,851.0
494.0,850.0
500.0,862.0
501.0,862.0
500.0,864.0
500.0,864.0
500.0,864.0
500.0,863.0
500.0,864.0
500.0,863.0
501.0,863.0
500.0,864.0
501.0,864.0
501.0,862.0
500.0,860.0
500.0,861.0
500.0,861.0
500.0,860.0
500.0,860.0
500.0,860.0
501.0,861.0
501.0,861.0
501.0,862.0
500.0,862.0
501.0,862.0
500.0,862.0
500.0,862.0
501.0,863.0
500.0,862.0
500.0,863.0
500.0,864.0
500.0,863.0
500.0,863.0
500.0,864.0
500.0,863.0
500.0,862.0
500.0,863.0
500.0,864.0
495.0,849.0
495.0,849.0
494.0,849.0
494.0,849.0
495.0,848.0
496.0,848.0
496.0,849.0
496.0,849.0
496.0,849.0
496.0,849.0
497.0,848.0
497.0,848.0
497.0,848.0
496.0,849.0
496.0,849.0
496.0,848.0
495.0,849.0
496.0,848.0
496.0,849.0
496.0,849.0
495.0,849.0
496.0,849.0
496.0,848.0
495.0,849.0
501.0,862.0
496.0,849.0
496.0,849.0
