x,y
1261.0,1010.0
1262.0,1009.0
1262.0,1010.0
1261.0,1010.0
1261.0,1010.0
1260.0,1009.0
1262.0,1008.0
1260.0,1008.0
1260.0,1008.0
1260.0,1009.0
1260.0,1009.0
1260.0,1009.0
1260.0,1010.0
1260.0,1009.0
1260.0,1009.0
1260.0,1010.0
1260.0,1010.0
1260.0,1010.0
1259.0,1010.0
1260.0,1010.0
1260.0,1009.0
1260.0,1010.0
1260.0,1010.0
1259.0,1010.0
1260.0,1010.0
1261.0,1010.0
1260.0,1010.0
1260.0,1010.0
1260.0,1010.0
1260.0,1010.0
1260.0,1010.0
1260.0,1010.0
1260.0,1010.0
1260.0,1010.0
1260.0,1010.0
1260.0,1010.0
1260.0,1010.0
1260.0,1010.0
1260.0,1011.0
1260.0,1011.0
1260.0,1010.0
1260.0,1010.0
1260.0,1010.0
1260.0,1010.0
1260.0,1010.0
1260.0,1010.0
1260.0,1010.0
1260.0,1009.0
1260.0,1009.0
1261.0,1009.0
1261.0,1009.0
1260.0,1010.0
1260.0,1010.0
1260.0,1010.0
1260.0,1010.0
1260.0,1010.0
1259.2857142857142,1008.8571428571429
1258.5714285714287,1007.7142857142857
1257.857142857143,1006.5714285714286
1257.142857142857,1005.4285714285714
1256.4285714285713,1004.2857142857143
1255.7142857142858,1003.1428571428571
1255.0,1002.0
1260.0,1010.0
1260.0,1010.0
1260.0,1010.0
1260.0,1010.0
1260.0,1010.0
1260.0,1010.0
1260.0,1010.0
1260.0,1010.0
1260.0,1010.0
1260.0,1010.0
1260.0,1010.25
1260.0,1010.5
1260.0,1010.75
1260.0,1011.0
1263.5,1010.5
1267.0,1010.0
1266.0,1010.0
1266.0,1009.0
1265.0,1009.0
1264.0,1007.0
1261.0,1005.0
1256.0,1003.0
1255.0,1004.0
1256.5,1007.0
1258.0,1010.0
1253.0,1004.0
1253.0,1004.0
1253.0,1004.0
1252.0,1004.0
1253.0,1004.0
1254.0,1004.0
1253.0,1004.0
1253.0,1004.0
1253.0,1004.0
1254.0,1004.0
1254.0,1004.0
1253.0,1003.0
