x,y
1129.0,847.0
1130.0,848.0
1130.0,848.0
1129.0,847.0
1129.0,847.0
1129.0,847.0
1129.0,847.0
1129.0,847.0
1129.0,847.0
1129.0,847.0
1129.0,847.0
1129.0,847.0
1129.0,848.0
1129.0,847.0
1129.0,847.0
1128.0,847.0
1128.0,847.0
1128.0,847.0
1128.0,847.0
1128.0,847.0
1128.0,847.0
1128.0,847.0
1128.0,847.0
1128.3333333333333,847.3333333333334
1128.6666666666667,847.6666666666666
1129.0,848.0
1128.8333333333333,848.0
1128.6666666666667,848.0
1128.5,848.0
1128.3333333333333,848.0
1128.1666666666667,848.0
1128.0,848.0
1128.0,848.0
1128.0,848.0
1128.0,848.0
1128.0,848.0
1128.0,848.0
1129.0,849.0
1129.0,849.0
1129.0,849.0
1129.0,849.0
1129.0,849.0
1129.0,849.0
1128.5,848.5
1128.0,848.0
1129.0,848.0
1129.0,848.0
1129.0,848.0
1129.0,849.0
1129.0,848.0
1129.0,848.0
1130.0,849.0
1129.0,849.0
1130.0,849.0
1129.0,848.0
1129.0,849.0
1129.0,849.0
1129.0,848.0
1129.0,848.0
1129.0,848.0
1129.0,848.0
1129.0,849.0
1129.0,849.0
1129.0,849.0
1129.0,849.0
1130.0,849.0
1130.0,849.0
1129.0,849.0
1129.0,849.0
1129.0,849.0
1129.0,849.0
1128.0,849.0
1129.0,849.0
1129.0,849.0
1129.0,849.0
1128.0,849.0
1129.0,850.0
1129.0,850.0
1129.0,850.0
1130.0,851.0
1129.0,851.0
1129.0,851.0
1129.0,852.0
1129.0,851.0
1129.0,851.0
1129.0,850.0
1129.0,850.0
1129.0,850.0
1128.0,850.0
1128.0,850.0
1128.0,850.0
1129.0,849.0
1129.0,850.0
1129.0,850.0
1129.0,850.0
1129.0,850.0
1129.0,850.0
1129.0,849.0
1129.0,849.0
1129.0,849.0
