x,y
500.0,862.0
500.0,863.0
500.0,864.0
500.0,862.0
499.0,863.0
500.0,862.0
500.0,864.0
500.0,864.0
500.0,864.0
500.0,864.0
500.0,864.0
495.0,849.0
495.0,849.0
495.0,849.0
495.0,849.0
496.0,848.0
496.0,848.0
496.0,848.0
496.0,849.0
497.0,848.0
497.0,849.0
497.0,849.0
496.0,849.0
496.0,849.0
496.0,849.0
496.0,848.0
497.0,848.0
498.5,856.0
500.0,864.0
500.0,864.0
494.0,849.0
494.0,850.0
494.0,849.0
494.0,850.0
494.0,849.0
494.0,850.0
494.0,849.0
493.0,850.0
496.0,848.0
498.0,848.0
497.0,848.0
497.0,848.0
497.0,848.0
497.0,848.0
499.0,863.0
502.0,846.0
502.0,845.0
502.0,846.0
503.0,845.0
502.0,845.0
501.0,845.0
501.0,845.0
501.0,845.0
501.0,844.8333333333334
501.0,844.6666666666666
501.0,844.5
501.0,844.3333333333334
501.0,844.1666666666666
501.0,844.0
500.0,846.0
501.0,845.0
501.0,845.0
501.0,843.0
501.0,843.0
501.0,842.0
501.0,842.0
501.0,841.0
501.0,841.0
501.0,841.0
501.0,841.0
501.0,841.0
501.0,839.0
501.0,840.0
502.0,839.0
505.0,837.0
503.0,835.0
503.0,835.0
505.0,833.0
504.0,831.0
506.0,831.0
506.0,833.0
506.0,833.0
506.0,833.0
508.0,828.0
508.0,824.0
501.0,822.0
494.0,813.0
486.0,812.0
480.0,813.0
476.0,812.0
475.0,814.0
476.0,814.0
476.0,815.0
472.0,814.0
463.0,812.0
449.0,823.0
419.0,844.0
380.0,873.0
344.0,901.0
294.0,922.0
