x,y
1250.0,1017.0
1250.0,1017.0
1250.0,1017.0
1250.25,1017.0
1250.5,1017.0
1250.75,1017.0
1251.0,1017.0
1251.0,1017.0
1250.0,1017.0
1250.0,1017.0
1256.3333333333333,1020.3333333333334
1262.6666666666667,1023.6666666666666
1269.0,1027.0
1272.0,1035.0
1274.0,1033.0
1274.0,1025.0
1273.0,1021.0
1271.0,1023.0
1271.0,1026.0
1270.0,1022.0
1271.0,1010.0
1278.0,998.0
1285.0,990.0
1279.0,986.0
1260.0,978.0
1239.0,965.0
1217.0,951.0
1202.0,933.0
1204.0,924.0
1204.0,914.0
1207.0,911.0
1204.0,912.0
1197.0,912.0
1191.0,914.0
1185.0,914.0
1173.0,910.0
1165.0,903.0
1159.0,899.0
1159.0,899.0
1159.0,898.0
1158.0,895.0
1154.0,888.0
1150.0,883.0
1150.0,881.0
1156.0,877.0
1157.0,873.0
1156.0,872.0
1152.0,870.0
1150.0,864.0
1153.0,862.0
1154.0,862.0
1154.0,862.0
1154.0,862.0
1154.0,862.0
1154.0,862.0
1154.0,862.0
1154.0,862.0
1155.0,864.0
1157.0,860.0
1157.0,860.0
1155.0,864.0
1157.0,861.0
1156.0,864.0
1156.0,864.0
1156.0,864.0
1156.0,864.0
1156.0,864.0
1156.0,864.0
1156.0,864.0
1156.0,864.0
1159.0,861.0
1156.0,864.0
1158.0,861.0
1155.0,863.0
1155.0,863.0
1155.0,863.0
1155.0,863.0
1155.0,863.0
1155.0,863.0
1155.0,863.0
1155.0,863.0
1157.0,861.0
1154.0,863.0
1156.0,862.0
1154.0,864.0
1154.0,864.0
1154.0,864.0
1155.0,863.0
1155.0,863.0
1155.0,863.0
1155.0,861.0
1153.0,861.0
1153.0,861.0
1153.0,861.0
1153.0,861.0
1153.0,861.0
1153.0,862.0
1153.0,862.0
1153.0,861.0
1153.0,862.0
