x,y
465.0,992.0
462.0,990.0
453.0,985.0
446.0,978.0
445.0,974.0
444.0,971.0
443.0,966.0
442.1333333333333,965.2666666666667
441.26666666666665,964.5333333333333
440.4,963.8
439.53333333333336,963.0666666666667
438.6666666666667,962.3333333333334
437.8,961.6
436.93333333333334,960.8666666666667
436.06666666666666,960.1333333333333
435.2,959.4
434.3333333333333,958.6666666666666
433.46666666666664,957.9333333333333
432.6,957.2
431.73333333333335,956.4666666666667
430.8666666666667,955.7333333333333
430.0,955.0
429.1333333333333,954.2666666666667
428.26666666666665,953.5333333333333
427.4,952.8
426.5333333333333,952.0666666666667
425.6666666666667,951.3333333333334
424.8,950.6
423.93333333333334,949.8666666666667
423.06666666666666,949.1333333333333
422.2,948.4
421.3333333333333,947.6666666666666
420.46666666666664,946.9333333333333
419.6,946.2
418.73333333333335,945.4666666666667
417.8666666666667,944.7333333333333
417.0,944.0
418.0,945.0
418.0,945.0
418.0,946.0
418.0,946.0
418.0,946.0
416.0,946.0
417.0,946.0
417.0,946.0
417.0,946.0
417.0,946.0
416.0,947.0
416.0,947.0
418.0,946.0
416.0,947.0
416.0,947.0
416.0,947.0
416.0,947.0
415.0,947.0
416.0,946.0
416.0,947.0
416.0,946.0
417.0,946.0
417.0,946.0
418.0,946.0
417.0,947.0
417.0,947.0
417.0,947.0
417.0,947.0
417.0,947.0
417.0,947.0
417.0,947.0
417.0,947.0
417.0,947.0
417.0,947.0
417.0,947.0
417.0,947.0
417.0,947.0
417.0,947.0
417.0,947.0
416.0,947.0
417.0,946.0
416.0,946.0
416.0,946.0
416.0,946.0
416.0,946.0
416.0,946.0
416.0,946.0
416.0,947.0
416.0,946.0
415.0,946.0
416.0,946.0
416.0,946.0
416.0,947.0
415.0,947.0
415.0,946.0
415.0,947.0
415.0,947.0
415.0,947.0
416.0,946.0
415.0,946.0
415.0,946.0
415.0,946.0
415.0,947.0
