x,y
1674.32,353.1066666666667
1674.04,352.68
1673.76,352.25333333333333
1673.48,351.82666666666665
1673.2,351.4
1672.92,350.97333333333336
1672.64,350.5466666666667
1672.36,350.12
1672.08,349.6933333333333
1671.8,349.26666666666665
1671.52,348.84
1671.24,348.41333333333336
1670.96,347.9866666666667
1670.68,347.56
1670.4,347.1333333333333
1670.12,346.70666666666665
1669.84,346.28
1669.56,345.85333333333335
1669.28,345.4266666666667
1669.0,345.0
1665.0,322.0
1682.0,288.0
1682.0,288.0
1686.0,288.0
1725.0,273.0
1667.0,300.0
1596.0,305.0
1596.0,305.0
1634.0,270.0
1639.6666666666667,275.3333333333333
1645.3333333333333,280.6666666666667
1651.0,286.0
1656.6666666666667,291.3333333333333
1662.3333333333333,296.6666666666667
1668.0,302.0
1669.0,302.0
1668.0,301.0
1668.0,301.0
1668.0,301.0
1668.0,301.0
1668.0,301.0
1668.0,301.0
1668.0,301.0
1669.0,302.0
1668.0,303.0
1667.0,320.0
1673.0,344.0
1686.0,374.0
1688.0,376.0
1688.0,376.0
1691.1666666666667,379.0
1694.3333333333333,382.0
1697.5,385.0
1700.6666666666667,388.0
1703.8333333333333,391.0
1707.0,394.0
1708.0,394.0
1708.0,395.0
1708.0,395.0
1668.0,302.0
1668.0,301.875
1668.0,301.75
1668.0,301.625
1668.0,301.5
1668.0,301.375
1668.0,301.25
1668.0,301.125
1668.0,301.0
1667.888888888889,303.22222222222223
1667.7777777777778,305.44444444444446
1667.6666666666667,307.6666666666667
1667.5555555555557,309.8888888888889
1667.4444444444443,312.1111111111111
1667.3333333333333,314.3333333333333
1667.2222222222222,316.55555555555554
1667.111111111111,318.77777777777777
1667.0,321.0
