x,y
1659.2857142857142,385.7142857142857
1660.5714285714287,371.42857142857144
1661.857142857143,357.1428571428571
1663.142857142857,342.85714285714283
1664.4285714285713,328.57142857142856
1665.7142857142858,314.2857142857143
1667.0,300.0
1663.952380952381,302.3809523809524
1660.904761904762,304.76190476190476
1657.857142857143,307.14285714285717
1654.8095238095239,309.5238095238095
1651.7619047619048,311.9047619047619
1648.7142857142858,314.2857142857143
1645.6666666666667,316.6666666666667
1642.6190476190477,319.04761904761904
1639.5714285714287,321.42857142857144
1636.5238095238096,323.8095238095238
1633.4761904761904,326.1904761904762
1630.4285714285713,328.57142857142856
1627.3809523809523,330.95238095238096
1624.3333333333333,333.3333333333333
1621.2857142857142,335.7142857142857
1618.2380952380952,338.0952380952381
1615.1904761904761,340.4761904761905
1612.142857142857,342.85714285714283
1609.095238095238,345.23809523809524
1606.047619047619,347.6190476190476
1603.0,350.0
1611.0,349.77777777777777
1619.0,349.55555555555554
1627.0,349.3333333333333
1635.0,349.1111111111111
1643.0,348.8888888888889
1651.0,348.6666666666667
1659.0,348.44444444444446
1667.0,348.22222222222223
1675.0,348.0
1688.0,376.0
1688.2857142857142,376.14285714285717
1688.5714285714287,376.2857142857143
1688.857142857143,376.42857142857144
1689.142857142857,376.57142857142856
1689.4285714285713,376.7142857142857
1689.7142857142858,376.85714285714283
1690.0,377.0
1689.72,376.5733333333333
1689.44,376.14666666666665
1689.16,375.72
1688.88,375.29333333333335
1688.6,374.8666666666667
1688.32,374.44
1688.04,374.0133333333333
1687.76,373.58666666666664
1687.48,373.16
1687.2,372.73333333333335
1686.92,372.3066666666667
1686.64,371.88
1686.36,371.4533333333333
1686.08,371.02666666666664
1685.8,370.6
1685.52,370.17333333333335
1685.24,369.74666666666667
1684.96,369.32
1684.68,368.8933333333333
1684.4,368.46666666666664
1684.12,368.04
1683.84,367.61333333333334
1683.56,367.18666666666667
1683.28,366.76
1683.0,366.3333333333333
1682.72,365.90666666666664
1682.44,365.48
1682.16,365.05333333333334
1681.88,364.62666666666667
1681.6,364.2
1681.32,363.7733333333333
1681.04,363.3466666666667
1680.76,362.92
1680.48,362.49333333333334
1680.2,362.06666666666666
1679.92,361.64
1679.64,361.2133333333333
1679.36,360.7866666666667
1679.08,360.36
1678.8,359.93333333333334
1678.52,359.50666666666666
1678.24,359.08
1677.96,358.6533333333333
1677.68,358.2266666666667
1677.4,357.8
1677.12,357.37333333333333
1676.84,356.94666666666666
1676.56,356.52
1676.28,356.09333333333336
1676.0,355.6666666666667
1675.72,355.24
1675.44,354.81333333333333
1675.16,354.38666666666666
1674.88,353.96
1674.6,353.5333333333333
