x,y
416.0,578.0
416.0,578.0
416.0,578.0
417.0,578.0
417.0,578.0
421.0,579.0
417.0,578.0
417.0,578.0
417.0,578.0
417.0,578.0
417.0,578.0
417.0,578.0
421.0,579.0
418.0,578.0
418.0,578.0
419.0,579.0
420.0,579.0
420.0,579.0
417.0,578.0
419.0,578.0
420.0,579.0
420.0,579.0
419.0,578.0
420.0,578.0
418.0,578.0
417.0,578.0
420.0,578.0
420.0,578.0
418.0,578.0
418.0,578.0
418.0,578.0
418.0,578.0
419.0,578.0
417.0,578.0
418.0,578.0
418.0,578.0
418.0,578.0
416.0,578.0
415.0,578.0
415.0,577.96
415.0,577.92
415.0,577.88
415.0,577.84
415.0,577.8
415.0,577.76
415.0,577.72
415.0,577.68
415.0,577.64
415.0,577.6
415.0,577.56
415.0,577.52
415.0,577.48
415.0,577.44
415.0,577.4
415.0,577.36
415.0,577.32
415.0,577.28
415.0,577.24
415.0,577.2
415.0,577.16
415.0,577.12
415.0,577.08
415.0,577.04
415.0,577.0
415.0,577.0
415.0,577.0
414.85714285714283,577.0
414.7142857142857,577.0
414.57142857142856,577.0
414.42857142857144,577.0
414.2857142857143,577.0
414.14285714285717,577.0
414.0,577.0
414.0,577.0
414.0,577.0
414.0,577.0
415.0,577.0
415.0,577.0
415.0,577.0
415.0,577.0
415.0,577.0
414.0,577.0
415.0,577.0
414.0,577.0
415.0,578.0
414.0,577.0
415.0,577.0
414.0,576.0
414.0,576.0
414.0,576.0
415.0,576.0
415.0,576.0
415.0,576.0
415.0,576.0
414.0,575.0
413.0,575.0
413.0,574.0
413.0,575.0
413.0,575.0
412.5,574.5
