x,y
143.0,546.0
199.0,497.0
237.0,445.0
263.0,391.0
286.0,346.0
323.0,300.0
364.0,267.0
424.0,249.0
497.0,235.0
582.0,229.0
675.0,221.0
774.0,219.0
864.0,216.0
932.0,205.0
994.0,192.0
1031.0,189.0
1047.0,182.0
1053.0,191.0
1049.0,206.0
1049.0,197.0
1046.0,214.0
1044.0,215.0
1036.0,216.0
1046.0,213.0
1033.0,208.0
1047.0,210.0
1040.0,205.0
1047.0,203.0
1047.0,196.0
1048.0,191.0
1069.0,188.0
1081.0,170.0
1087.0,147.0
1118.0,125.0
1138.0,107.0
1166.0,96.0
1201.0,99.0
1232.0,104.0
1262.0,144.0
1307.0,165.0
1342.0,205.0
1382.0,245.0
1434.0,294.0
1481.0,333.0
1520.0,397.0
1552.0,425.0
1581.0,469.0
1604.0,490.0
1606.0,521.0
1610.0,542.0
1608.0,567.0
1612.0,590.0
1621.0,605.0
1635.0,623.0
1653.0,635.0
1659.0,637.0
1657.0,634.0
1653.0,644.0
1661.0,641.0
1668.0,641.0
1667.0,648.0
1667.0,646.0
1670.0,646.0
1668.0,646.0
1669.0,647.0
1672.0,650.0
1670.0,648.0
1672.0,651.0
1667.0,652.0
1667.0,652.0
1672.0,649.0
1667.0,646.0
1667.0,645.0
1667.0,645.0
1668.0,645.0
1667.0,644.0
1668.0,643.0
1668.0,644.0
1667.0,644.0
1667.0,643.0
1667.0,644.0
1667.0,644.0
1667.0,644.0
1666.0,644.0
1667.0,644.0
1667.0,644.0
1669.0,636.0
1668.0,636.0
1667.0,638.0
1667.0,643.0
1668.0,643.0
1671.0,637.0
1674.0,635.0
1676.0,640.0
1678.0,642.0
1683.0,643.0
1684.0,644.0
1682.0,643.0
1683.0,643.0
1683.0,643.0
