x,y
1071.0,708.0
1071.0,708.0
1071.0,709.0
1071.0,709.0
1071.0,708.0
1071.0,708.0
1070.0,708.0
1071.0,708.0
1071.0,706.0
1071.0,708.0
1073.0,705.0
1074.0,704.0
1076.0,704.0
1076.0,704.0
1076.0,704.0
1076.0,704.0
1079.0,702.0
1076.0,705.0
1076.0,704.0
1077.0,706.0
1076.0,706.0
1077.0,706.0
1076.0,706.0
1076.0,706.0
1077.0,706.0
1077.0,705.0
1077.0,704.0
1078.0,703.0
1080.0,704.0
1079.6842105263158,704.1842105263158
1079.3684210526317,704.3684210526316
1079.0526315789473,704.5526315789474
1078.7368421052631,704.7368421052631
1078.421052631579,704.921052631579
1078.1052631578948,705.1052631578947
1077.7894736842106,705.2894736842105
1077.4736842105262,705.4736842105264
1077.157894736842,705.6578947368421
1076.842105263158,705.8421052631579
1076.5263157894738,706.0263157894736
1076.2105263157894,706.2105263157895
1075.8947368421052,706.3947368421053
1075.578947368421,706.578947368421
1075.2631578947369,706.7631578947369
1074.9473684210527,706.9473684210526
1074.6315789473683,707.1315789473684
1074.3157894736842,707.3157894736842
1074.0,707.5
1073.6842105263158,707.6842105263158
1073.3684210526317,707.8684210526316
1073.0526315789473,708.0526315789474
1072.7368421052631,708.2368421052631
1072.421052631579,708.421052631579
1072.1052631578948,708.6052631578947
1071.7894736842106,708.7894736842105
1071.4736842105262,708.9736842105264
1071.157894736842,709.1578947368421
1070.842105263158,709.3421052631579
1070.5263157894738,709.5263157894736
1070.2105263157894,709.7105263157895
1069.8947368421052,709.8947368421053
1069.578947368421,710.078947368421
1069.2631578947369,710.2631578947369
1068.9473684210527,710.4473684210526
1068.6315789473683,710.6315789473684
1068.3157894736842,710.8157894736842
1068.0,711.0
1068.0,711.0
1068.0,711.0
1067.75,710.75
1067.5,710.5
1067.25,710.25
1067.0,710.0
1068.0,712.0
1068.0,711.0
1068.0,711.0
1068.0,711.0
1069.0,711.0
1069.0,711.0
1069.0,712.0
1069.0,711.0
1069.0,711.0
1069.0,711.0
1069.0,712.0
1070.0,712.0
1070.0,712.0
1070.0,713.0
1071.0,713.0
1070.0,713.0
1070.0,712.0
1070.0,711.0
1071.0,711.0
1072.0,711.0
1072.0,710.0
1073.0,710.0
1073.0,710.0
1074.0,712.0
1074.0,712.0
1074.0,711.0
1074.0,712.0
