x,y
713.0,899.0
713.0,899.0
713.0,899.0
713.0,899.0
713.0,900.0
713.0,899.0
712.0,900.0
712.0,900.0
712.0,900.0
712.0,901.0
712.0,900.0
712.0,900.0
712.0,900.0
711.0,901.0
711.0,900.0
711.0,901.0
711.0,900.0
710.0,900.0
711.0,899.0
711.0,900.0
711.0,900.0
711.0,900.0
710.0,900.0
711.0,900.0
712.0,898.0
711.0,899.0
710.0,899.0
710.0,898.0
710.0,897.0
710.0,899.0
710.0,899.0
710.0,899.0
710.0,897.0
710.0,899.0
710.0,899.0
710.0,899.0
710.0,899.0
710.0,899.0
710.0,897.0
711.0,898.0
711.0,898.0
711.0,897.0
710.0,898.0
709.0,898.0
708.5,899.0
708.0,900.0
