x,y
380.0,20.0
381.0,21.0
380.0,20.0
380.0,20.0
380.0,20.0
379.0,18.0
380.0,20.0
381.0,20.0
380.0,19.0
380.0,19.0
380.0,19.0
379.0,18.0
380.0,20.0
381.0,20.0
380.0,20.0
381.0,20.0
380.0,20.0
382.0,21.0
383.0,24.0
381.0,20.0
381.0,20.0
381.0,20.0
383.0,24.0
384.0,24.0
384.0,24.0
384.0,25.0
393.0,46.0
400.0,65.0
399.0,64.0
399.0,65.0
399.0,64.0
399.0,65.0
399.0,65.0
399.0,64.0
399.0,65.0
399.0,65.0
399.0,65.0
399.0,65.0
399.0,65.0
399.0,64.0
399.0,65.0
399.0,65.0
398.0,64.0
398.0,64.0
398.0,64.0
398.0,65.0
399.0,65.0
398.0,65.0
399.0,65.0
398.0,65.0
398.0,65.0
397.0,65.0
399.0,65.0
399.0,66.0
398.0,66.0
399.0,67.0
399.0,66.0
399.0,66.0
398.0,65.0
398.0,65.0
397.0,64.0
396.0,63.0
393.0,60.0
391.0,59.0
391.0,60.0
392.0,61.0
391.0,59.0
392.0,62.0
391.0,59.0
394.0,61.0
379.0,66.0
394.0,60.0
384.0,63.0
383.0,62.0
340.0,43.0
341.0,38.0
345.0,26.0
345.6363636363636,32.27272727272727
346.27272727272725,38.54545454545455
346.90909090909093,44.81818181818181
347.54545454545456,51.09090909090909
348.1818181818182,57.36363636363636
348.8181818181818,63.63636363636363
349.45454545454544,69.9090909090909
350.09090909090907,76.18181818181819
350.72727272727275,82.45454545454545
351.3636363636364,88.72727272727272
352.0,95.0
352.0,95.0
405.0,174.0
451.0,162.0
452.0,162.0
452.0,161.0
405.0,174.0
405.0,174.0
406.0,174.0
405.0,173.0
405.0,174.0
404.0,174.0
404.0,174.0
