x,y
873.75,390.0
873.5,389.0
873.25,388.0
873.0,387.0
875.75,385.25
878.5,383.5
881.25,381.75
884.0,380.0
886.75,378.25
889.5,376.5
892.25,374.75
895.0,373.0
894.0,371.0
894.0,369.0
868.0,383.0
869.0,383.0
868.0,383.0
868.0,383.0
859.0,383.0
858.2857142857143,383.14285714285717
857.5714285714286,383.2857142857143
856.8571428571429,383.42857142857144
856.1428571428571,383.57142857142856
855.4285714285714,383.7142857142857
854.7142857142857,383.85714285714283
854.0,384.0
853.25,384.75
852.5,385.5
851.75,386.25
851.0,387.0
851.4375,386.625
851.875,386.25
852.3125,385.875
852.75,385.5
853.1875,385.125
853.625,384.75
854.0625,384.375
854.5,384.0
854.9375,383.625
855.375,383.25
855.8125,382.875
856.25,382.5
856.6875,382.125
857.125,381.75
857.5625,381.375
858.0,381.0
858.0,382.0
858.0,382.0
859.0,382.0
859.0,382.0
860.0,383.0
859.0,383.3333333333333
858.0,383.6666666666667
857.0,384.0
856.0,384.3333333333333
855.0,384.6666666666667
854.0,385.0
853.0,385.3333333333333
852.0,385.6666666666667
851.0,386.0
851.1760563380282,386.03521126760563
851.3521126760563,386.07042253521126
851.5281690140845,386.1056338028169
851.7042253521126,386.14084507042253
851.8802816901408,386.17605633802816
852.056338028169,386.2112676056338
852.2323943661971,386.2464788732394
852.4084507042254,386.28169014084506
852.5845070422536,386.3169014084507
852.7605633802817,386.3521126760563
852.9366197183099,386.38732394366195
853.112676056338,386.4225352112676
853.2887323943662,386.4577464788732
853.4647887323944,386.49295774647885
853.6408450704225,386.5281690140845
853.8169014084507,386.5633802816901
853.9929577464789,386.59859154929575
854.169014084507,386.63380281690144
854.3450704225352,386.66901408450707
854.5211267605633,386.7042253521127
854.6971830985915,386.73943661971833
854.8732394366198,386.77464788732397
855.0492957746479,386.8098591549296
855.2253521126761,386.84507042253523
855.4014084507043,386.88028169014086
855.5774647887324,386.9154929577465
855.7535211267606,386.9507042253521
855.9295774647887,386.98591549295776
856.1056338028169,387.0211267605634
856.2816901408451,387.056338028169
856.4577464788732,387.09154929577466
856.6338028169014,387.1267605633803
856.8098591549295,387.1619718309859
856.9859154929577,387.19718309859155
857.1619718309859,387.2323943661972
857.3380281690141,387.2676056338028
857.5140845070423,387.30281690140845
857.6901408450705,387.3380281690141
857.8661971830986,387.3732394366197
858.0422535211268,387.40845070422534
