x,y
941.0,673.0
940.0,718.0
960.0,770.0
972.0,741.0
1020.0,755.0
1012.0,800.0
1029.0,785.0
1050.0,815.0
1086.0,842.5
1122.0,870.0
1083.0,811.0
1087.0,809.0
1090.6666666666667,805.6666666666666
1094.3333333333333,802.3333333333334
1098.0,799.0
1097.6666666666667,799.8333333333334
1097.3333333333333,800.6666666666666
1097.0,801.5
1096.6666666666667,802.3333333333334
1096.3333333333333,803.1666666666666
1096.0,804.0
1095.875,804.0
1095.75,804.0
1095.625,804.0
1095.5,804.0
1095.375,804.0
1095.25,804.0
1095.125,804.0
1095.0,804.0
1089.5,803.5
1084.0,803.0
1090.0,797.0
1086.3333333333333,796.3333333333334
1082.6666666666667,795.6666666666666
1079.0,795.0
1079.0,795.0
1079.0,796.0
1077.0,792.0
1076.0,790.0
1076.0,790.0
1076.0,790.0
1075.0,790.0
1075.0,790.0
1075.0,790.0
1066.0,799.0
1071.0,813.0
1072.0,814.0
1073.0,816.0
1069.0,811.0
1068.0,809.0
1068.0,809.0
1068.0,807.0
1067.0,808.0
1092.0,775.0
1091.0,775.0
1090.0,776.0
1090.0,776.0
1090.0,776.0
1090.0,775.0
1089.0,776.0
1092.0,773.0
1089.0,773.0
1089.0,772.0
1088.0,773.0
1088.0,773.0
1083.0,773.0
1079.0,778.0
1086.0,770.0
1082.0,772.0
1082.0,772.0
1082.0,772.0
1082.0,772.0
1082.0,772.0
1081.0,773.0
1081.0,775.0
1081.0,773.0
1081.0,773.0
1082.0,772.0
1081.0,772.0
1081.0,773.0
1081.0,773.0
1081.0,772.0
1081.0,772.0
1081.0,770.0
1082.0,770.0
1081.0,770.0
1081.0,770.0
1081.0,770.0
1081.0,770.0
1081.0,770.0
1080.0,770.0
1080.0,771.0
1080.0,772.0
1080.0,772.0
1080.0,772.0
1080.0,771.0
1079.0,772.0
1079.0,772.0
1079.0,772.0
1079.0,772.0
