x,y
904.5454545454545,260.45454545454544
904.6363636363636,260.3636363636364
904.7272727272727,260.27272727272725
904.8181818181819,260.1818181818182
904.9090909090909,260.09090909090907
905.0,260.0
904.0,260.0
903.36,259.96
902.72,259.92
902.08,259.88
901.44,259.84
900.8,259.8
900.16,259.76
899.52,259.72
898.88,259.68
898.24,259.64
897.6,259.6
896.96,259.56
896.32,259.52
895.68,259.48
895.04,259.44
894.4,259.4
893.76,259.36
893.12,259.32
892.48,259.28
891.84,259.24
891.2,259.2
890.56,259.16
889.92,259.12
889.28,259.08
888.64,259.04
888.0,259.0
892.0,245.0
902.0,222.0
906.0,199.0
877.0,157.0
833.0,122.0
774.0,95.0
709.0,88.0
661.0,96.0
606.0,136.0
526.0,174.0
428.0,219.0
332.0,280.0
282.0,335.0
273.0,392.0
284.0,442.0
321.0,483.0
336.0,504.0
360.0,526.0
386.0,545.0
402.0,576.0
403.0,575.0
401.0,576.0
402.0,575.0
402.0,575.0
402.0,575.0
402.0,575.0
402.0,575.0
402.0,575.0
402.0,575.0
402.0,575.0
402.0,575.0
401.0,573.0
403.0,572.0
401.0,567.0
398.0,569.0
402.0,569.0
399.0,569.0
403.0,568.0
403.0,568.0
403.0,568.0
403.0,568.0
403.0,568.0
403.0,568.0
403.0,568.0
403.0,568.0
403.0,568.0
399.0,569.0
399.0,569.0
399.0,569.0
399.0,569.0
399.0,569.0
399.0,569.0
399.0,569.0
399.0,569.0
399.0,569.0
399.0,569.0
399.0,569.0
399.0,569.0
399.0,569.0
399.0,569.0
399.0,569.0
399.0,569.0
399.0,569.0
399.0,569.0
399.0,569.0
399.0,569.0
399.0,569.0
399.0,569.0
