x,y
602.0,969.0
673.0,949.0
706.0,958.0
732.0,964.0
732.0,963.0
733.0,964.0
732.0,964.0
731.0,965.0
731.0,965.0
733.0,963.0
734.0,963.0
732.0,964.0
733.0,964.0
733.0,964.0
733.0,964.0
732.0,964.0
733.0,964.0
733.0,964.0
706.0,957.0
706.0,957.0
706.0,957.0
706.0,957.0
707.0,957.0
707.0,957.0
706.0,957.0
706.0,959.0
706.0,957.0
706.0,957.0
706.0,957.0
707.0,958.0
706.0,958.0
706.0,958.0
707.0,958.0
707.0,957.0
707.0,957.0
706.0,958.0
706.0,958.0
707.0,957.0
707.0,957.0
706.0,957.0
706.0,957.0
706.0,957.0
706.0,957.0
706.0,957.0
706.0,957.0
706.0,957.0
706.0,957.0
706.0,957.0
706.0,957.0
706.0,957.0
706.0,957.0
706.0,957.0
706.0,958.0
707.0,958.0
707.0,958.0
706.0,957.0
706.0,958.0
706.0,957.0
623.0,969.0
622.0,967.0
622.0,968.0
615.0,951.0
616.0,951.0
616.0,953.0
616.0,955.0
618.0,947.0
618.0,947.0
618.0,947.0
616.0,950.0
617.0,950.0
618.0,949.0
617.0,949.0
617.0,949.0
617.0,949.0
617.0,949.0
618.0,948.0
619.0,947.0
617.0,951.0
619.0,950.0
619.0,950.0
617.0,950.0
617.0,950.0
617.0,950.0
617.0,950.0
617.0,951.0
617.0,950.0
616.0,951.0
616.0,951.0
616.0,951.0
616.0,951.0
615.0,951.0
616.0,951.0
615.0,951.0
616.0,951.0
616.0,951.0
615.0,951.0
615.0,951.0
616.0,950.0
616.0,950.0
615.0,951.0
