x,y
919.0,659.0
919.0,660.0
922.0,663.0
920.0,661.0
920.0,660.0
921.0,662.0
920.0,661.0
918.0,658.0
925.0,659.0
938.5,644.5
952.0,630.0
931.0,634.0
947.0,650.0
948.0,649.0
948.0,642.0
946.0,646.0
946.0,648.0
947.0,650.0
946.0,648.0
945.0,648.0
944.0,651.0
946.0,651.0
946.0,650.0
945.0,650.0
913.0,639.0
929.0,632.0
953.0,618.0
964.0,605.0
968.0,616.0
971.0,620.0
965.0,621.0
964.0,619.0
966.0,619.0
938.0,629.0
931.0,630.0
962.0,648.0
960.0,645.0
959.0,642.0
957.0,641.0
959.0,642.0
957.0,641.0
955.0,639.0
970.0,651.0
956.0,641.0
930.0,630.0
937.0,626.0
958.0,614.0
958.0,614.0
958.0,614.0
960.0,614.0
966.0,646.0
964.0,645.0
957.0,653.0
966.0,648.0
967.0,648.0
966.0,644.0
963.0,645.0
961.0,655.0
965.0,647.0
963.0,644.0
962.0,643.0
963.0,644.0
963.0,644.0
964.0,643.0
964.0,643.0
963.0,643.0
963.0,643.0
963.0,643.0
964.0,645.0
964.0,644.0
964.0,645.0
964.0,644.0
965.0,644.0
964.0,645.0
964.0,645.0
966.0,645.0
965.0,645.0
966.0,645.0
965.0,644.0
965.0,644.0
964.0,643.0
965.0,644.0
965.0,644.0
965.0,645.0
965.0,644.0
965.0,643.0
967.0,644.0
958.0,640.0
968.0,647.0
967.0,647.0
973.0,650.0
963.0,639.0
957.0,622.0
936.0,627.0
934.0,627.0
936.0,627.0
935.0,628.0
935.0,628.0
938.0,624.0
938.0,621.0
