x,y
939.0,621.0
941.0,624.0
941.0,625.0
941.0,626.0
941.0,626.0
943.0,623.0
968.0,648.0
961.0,646.0
962.0,644.0
961.0,643.0
967.0,648.0
967.0,651.0
970.0,650.0
967.0,657.0
962.0,653.0
961.0,650.0
968.0,645.0
967.0,635.0
961.0,635.0
957.0,640.0
961.0,637.0
969.0,627.0
967.0,625.0
968.0,608.0
960.0,581.0
959.0,553.0
956.0,545.0
922.0,590.5
888.0,636.0
891.5,586.0
895.0,536.0
895.0,534.0
895.0,534.0
897.0,537.0
899.0,539.0
899.0,537.0
898.0,537.0
899.0,537.0
899.0,537.0
899.0,538.0
899.0,537.0
901.0,534.0
903.0,533.0
903.0,534.0
903.0,534.0
902.0,532.0
901.0,531.0
900.0,534.0
901.0,537.0
901.0,536.0
901.0,536.0
902.0,536.0
902.0,536.0
900.0,534.0
900.0,535.0
900.0,536.0
900.0,536.0
900.0,537.0
900.0,538.0
899.0,537.0
898.0,536.0
898.0,536.0
899.0,535.0
901.0,534.0
903.0,536.0
904.0,535.0
904.0,536.0
903.0,536.0
902.0,534.0
901.0,535.0
900.0,537.0
899.0,539.0
900.0,538.0
901.0,526.0
900.0,526.0
900.0,527.0
912.0,490.0
906.0,538.0
906.0,539.0
906.0,540.0
906.0,540.0
905.0,542.0
905.0,542.0
903.0,540.0
903.0,540.0
903.0,541.0
904.0,541.0
903.0,543.0
902.0,538.0
901.0,537.0
898.0,536.0
896.0,533.0
898.0,537.0
898.0,537.0
898.0,536.0
899.0,529.0
898.0,528.0
898.0,526.0
894.0,525.0
896.0,526.0
