x,y
342.0,558.0
341.0,555.0
341.0,551.0
341.0,551.0
342.0,550.0
343.0,549.0
344.0,548.0
344.0,553.0
345.0,546.0
345.0,547.0
345.0,546.0
345.0,552.0
343.0,552.0
346.0,553.0
346.0,550.0
345.0,553.0
342.0,552.0
345.0,553.0
342.0,553.0
344.0,550.0
344.0,551.0
344.0,551.0
342.0,552.0
342.0,559.0
342.0,559.0
343.0,558.0
342.0,551.0
342.0,551.0
342.0,551.0
343.0,551.0
345.0,551.0
343.0,551.0
343.0,550.0
342.0,552.0
343.0,552.0
343.0,551.0
344.0,550.0
344.0,550.0
344.0,550.0
345.0,550.0
343.0,552.0
343.0,552.0
343.0,551.0
343.0,551.0
343.0,551.0
344.0,550.0
344.0,550.0
344.0,550.0
345.0,550.0
345.0,550.0
345.0,550.0
345.0,549.0
344.0,542.0
344.0,542.0
345.0,549.0
345.0,549.0
346.0,549.0
346.0,549.0
346.0,549.0
344.0,542.0
345.0,543.0
346.0,542.0
345.0,543.0
346.0,549.0
347.0,549.0
345.0,542.0
344.0,541.0
345.0,542.0
345.0,542.0
345.0,542.0
345.0,542.0
345.0,541.0
347.0,549.0
346.0,549.0
347.0,549.0
346.0,549.0
345.0,541.0
346.0,549.0
346.0,549.0
345.0,541.0
344.0,540.0
344.0,541.0
344.0,542.0
345.0,541.0
344.0,541.0
345.0,541.0
346.0,541.0
346.0,542.0
345.0,541.0
348.0,549.0
346.0,556.0
348.0,550.0
348.0,550.0
348.0,550.0
348.0,550.0
348.0,550.0
347.0,554.0
347.0,555.0
347.0,555.0
347.0,556.0
