x,y
346.0,556.0
347.0,556.0
346.0,556.0
346.0,556.0
348.0,556.0
348.0,556.0
347.0,556.0
347.0,556.0
347.0,556.0
347.0,556.0
347.0,555.0
348.0,556.0
348.0,556.0
348.0,556.0
348.0,557.0
348.0,555.0
349.0,555.0
349.0,555.0
348.0,556.0
348.0,556.0
349.0,555.0
349.0,555.0
350.0,556.0
350.0,556.0
349.0,555.0
350.0,556.0
350.0,556.0
350.0,557.0
350.0,556.0
351.0,556.0
351.0,557.0
351.0,556.0
350.0,556.0
350.0,557.0
350.0,555.0
350.0,555.0
350.0,557.0
351.0,557.0
351.0,556.8333333333334
351.0,556.6666666666666
351.0,556.5
351.0,556.3333333333334
351.0,556.1666666666666
351.0,556.0
350.0,556.0
350.0,556.0
350.5,556.0
351.0,556.0
351.0,554.0
351.0,554.0
351.0,556.0
351.0,554.0
351.0,554.6666666666666
351.0,555.3333333333334
351.0,556.0
350.45454545454544,555.8181818181819
349.90909090909093,555.6363636363636
349.3636363636364,555.4545454545455
348.8181818181818,555.2727272727273
348.27272727272725,555.0909090909091
347.72727272727275,554.9090909090909
347.1818181818182,554.7272727272727
346.6363636363636,554.5454545454545
346.09090909090907,554.3636363636364
345.54545454545456,554.1818181818181
345.0,554.0
344.45454545454544,553.8181818181819
343.90909090909093,553.6363636363636
343.3636363636364,553.4545454545455
342.8181818181818,553.2727272727273
342.27272727272725,553.0909090909091
341.72727272727275,552.9090909090909
341.1818181818182,552.7272727272727
340.6363636363636,552.5454545454545
340.09090909090907,552.3636363636364
339.54545454545456,552.1818181818181
339.0,552.0
338.45454545454544,551.8181818181819
337.90909090909093,551.6363636363636
337.3636363636364,551.4545454545455
336.8181818181818,551.2727272727273
336.27272727272725,551.0909090909091
335.72727272727275,550.9090909090909
335.1818181818182,550.7272727272727
334.6363636363636,550.5454545454545
334.0909090909091,550.3636363636364
333.54545454545456,550.1818181818181
333.0,550.0
333.0,550.0
333.0,550.0
333.0,550.0
333.0,550.0
333.0,549.0
333.0,549.0
333.0,550.0
333.0,550.0
333.0,550.0
333.0,550.0
333.0,550.0
333.0,549.0
