x,y
166.0,611.0
165.0,611.0
166.0,611.0
166.0,612.0
166.0,611.0
166.0,612.0
166.0,611.0
166.0,612.0
167.0,612.0
167.0,612.0
167.0,611.0
167.0,612.0
168.0,613.0
167.0,612.0
167.0,612.0
167.0,612.0
167.0,612.0
167.0,612.0
167.0,612.0
167.0,612.0
167.0,612.0
167.0,612.0
167.0,612.0
167.0,611.0
167.0,612.0
167.0,612.0
167.0,612.0
166.0,620.0
164.0,630.0
164.0,630.0
164.0,630.0
164.0,630.0
164.0,631.0
164.0,630.0
164.0,630.0
163.0,630.0
164.0,631.0
163.0,631.0
163.0,630.0
163.0,630.0
163.0,630.0
162.0,629.0
162.0,629.0
161.0,630.0
162.0,629.0
161.0,630.0
161.0,630.0
160.0,630.0
161.0,630.0
161.0,630.0
161.0,630.0
170.0,612.0
170.0,611.0
170.0,611.0
171.0,612.0
171.0,611.0
170.0,611.0
170.0,611.0
171.0,611.0
169.0,611.0
169.0,611.0
170.0,611.0
169.0,611.0
169.0,611.0
170.0,611.0
170.0,611.0
171.0,611.0
169.0,611.0
170.0,610.0
170.0,610.0
170.0,611.0
171.0,610.0
170.0,610.0
170.0,610.0
170.0,610.0
170.0,611.0
170.0,610.0
170.0,610.0
170.0,610.0
170.0,610.0
170.0,611.0
171.0,610.0
171.0,609.0
172.0,609.0
172.0,609.0
171.0,609.0
171.0,608.0
171.0,608.0
171.0,608.0
171.0,609.0
171.0,608.0
171.0,608.0
171.0,608.0
171.0,608.0
170.0,608.0
171.0,608.0
171.0,608.0
170.0,609.0
170.0,608.0
171.0,608.0
