x,y
1657.0,649.6857142857143
1657.0,649.6571428571428
1657.0,649.6285714285714
1657.0,649.6
1657.0,649.5714285714286
1657.0,649.5428571428571
1657.0,649.5142857142857
1657.0,649.4857142857143
1657.0,649.4571428571429
1657.0,649.4285714285714
1657.0,649.4
1657.0,649.3714285714286
1657.0,649.3428571428572
1657.0,649.3142857142857
1657.0,649.2857142857143
1657.0,649.2571428571429
1657.0,649.2285714285714
1657.0,649.2
1657.0,649.1714285714286
1657.0,649.1428571428571
1657.0,649.1142857142858
1657.0,649.0857142857143
1657.0,649.0571428571428
1657.0,649.0285714285715
1657.0,649.0
1657.5,648.5
1658.0,648.0
1657.8333333333333,648.0
1657.6666666666667,648.0
1657.5,648.0
1657.3333333333333,648.0
1657.1666666666667,648.0
1657.0,648.0
1656.7,647.7
1656.4,647.4
1656.1,647.1
1655.8,646.8
1655.5,646.5
1655.2,646.2
1654.9,645.9
1654.6,645.6
1654.3,645.3
1654.0,645.0
1655.0,645.0
1656.0,646.0
1656.0,646.0
1657.0,646.0
1658.0,645.0
1658.2,645.2
1658.4,645.4
1658.6,645.6
1658.8,645.8
1659.0,646.0
1659.0,646.0
1659.0,646.0
1658.0,646.0
1659.0,645.0
1659.0,646.0
1659.0,646.0
1659.0,645.0
1659.0,646.0
1659.0,646.0
1659.0,645.0
1659.0,645.0
1660.0,646.0
1659.0,645.0
1659.0,645.0
1659.0,646.0
1659.0,646.0
1660.0,645.0
1660.0,645.0
1660.0,645.0
1660.0,646.0
1660.0,646.0
1659.0,646.0
1660.0,646.0
1660.0,645.0
1660.0,645.0
1660.0,645.0
1660.0,644.0
1660.0,644.0
1676.5,647.0
1693.0,650.0
1693.0,650.0
1693.0,650.0
1693.0,650.0
1693.0,650.0
1689.6,649.4
1686.2,648.8
1682.8,648.2
1679.4,647.6
1676.0,647.0
1672.6,646.4
1669.2,645.8
1665.8,645.2
1662.4,644.6
1659.0,644.0
1659.0,644.0
1659.0,643.0
1659.0,644.0
