x,y
997.0,623.0
997.0,623.0
997.0,623.0
998.0,623.0
998.0,623.0
997.0,624.0
998.0,624.0
998.0,624.0
999.0,624.0
1000.0,622.0
998.0,624.0
999.0,624.0
999.0,625.0
1000.0,625.0
1000.0,626.0
1000.0,624.0
1000.0,625.0
1000.0,626.0
1002.0,626.0
1002.0,627.0
1001.0,626.0
1001.0,626.0
1001.0,626.0
1001.0,626.0
1001.0,626.0
1002.0,626.0
1002.0,626.0
1002.0,626.0
1001.0,626.0
1001.0,625.0
1001.0,625.0
1001.0,625.0
1002.0,625.0
1001.0,626.0
1002.0,625.0
1002.0,626.0
1002.0,627.0
1003.0,626.0
1002.0,626.0
1002.0,626.0
1002.0,626.0
1003.0,626.0
1003.0,626.0
1003.0,626.0
1003.0,626.0
1003.0,626.0
1002.0,627.0
1002.0,626.0
1002.0,626.0
1002.0,626.0
1003.0,625.0
1002.0,626.0
1003.0,625.0
1003.0,626.0
1002.0,627.0
1003.0,628.0
1003.0,626.0
1003.0,626.0
1004.0,625.0
1003.0,625.0
1004.0,625.0
1004.0,625.0
1004.0,625.0
1004.0,625.0
1005.0,625.0
1004.0,625.0
1004.0,625.0
1004.0,625.0
1004.0,625.0
1005.0,625.0
1005.0,625.0
1005.0,625.0
1005.0,625.0
1006.0,625.0
1006.0,626.0
1007.0,626.0
1007.0,626.0
1006.0,626.0
1006.0,626.0
1006.0,626.0
1006.0,626.0
1006.0,626.0
1005.0,625.0
1005.0,626.0
1005.0,625.0
1005.0,626.0
1006.0,626.0
1006.0,625.0
1006.0,625.0
1006.0,625.0
1006.0,625.0
1006.0,625.0
1006.0,625.0
1006.0,625.0
1006.0,625.0
1006.0,625.0
1007.0,625.0
1007.0,625.0
1006.0,625.0
1007.0,625.0
