x,y
1393.0,1015.0
1412.0,1018.0
1419.0,1025.0
1459.0,1032.0
1445.0,1027.0
1451.0,991.0
1463.0,969.0
1485.0,970.5
1507.0,972.0
1485.0,940.0
1484.0,914.0
1496.0,909.0
1508.0,897.0
1518.0,889.0
1530.0,874.0
1547.0,858.0
1552.0,835.0
1561.5,828.5
1571.0,822.0
1573.0,807.0
1562.0,797.0
1544.0,767.0
1541.0,728.0
1549.0,726.0
1545.3333333333333,716.6666666666666
1541.6666666666667,707.3333333333334
1538.0,698.0
1534.0,689.0
1513.0,670.0
1512.0,664.5
1511.0,659.0
1510.0,653.5
1509.0,648.0
1537.0,643.0
1565.0,638.0
1583.0,619.0
1624.0,586.0
1643.0,567.0
1667.0,568.0
1668.0,563.0
1667.0,543.0
1690.0,527.0
1713.0,511.0
1717.0,477.0
1677.5,448.0
1638.0,419.0
1625.0,403.0
1665.0,386.0
1656.0,380.0
1660.0,366.0
1643.0,334.0
1661.0,309.0
1665.0,301.0
1664.0,287.0
1650.0,260.0
1607.0,262.0
1576.0,350.0
1585.0,373.0
1583.0,359.0
1583.0,359.0
1584.0,360.0
1582.0,365.0
1585.0,366.0
1619.0,276.0
1602.0,277.0
1586.0,271.0
1554.0,346.0
1550.0,360.0
1559.0,324.0
1557.0,322.0
1557.0,323.0
1559.0,354.0
