x,y
1006.0,625.0
1007.0,625.0
1007.0,624.0
1007.0,624.0
1007.0,625.0
1007.0,624.0
1007.0,625.0
1006.0,625.0
1007.0,624.0
1007.0,625.0
1007.0,625.0
1008.0,626.0
1008.0,626.0
1008.0,627.0
1008.0,627.0
1008.0,627.0
1009.0,627.0
1010.0,628.0
1008.0,627.0
1009.0,626.0
1007.0,625.0
1006.0,625.0
1006.0,624.0
1007.0,624.0
1006.0,625.0
1005.0,624.0
1004.0,624.0
1003.0,622.0
1004.0,623.0
1003.0,624.0
1001.0,622.0
1001.0,622.0
1001.0,622.0
1002.0,621.0
1001.0,622.0
1001.0,622.0
1001.0,623.0
1002.0,623.0
1002.0,622.0
1003.0,622.0
1003.0,623.0
1004.0,624.0
1003.0,624.0
1003.0,624.0
1003.0,625.0
1004.0,625.0
1003.0,625.0
1004.0,625.0
1003.0,625.0
1004.0,624.0
1004.0,625.0
1004.0,625.0
1005.0,626.0
1005.0,626.0
1005.0,626.0
1006.0,626.0
1006.0,623.0
1008.0,626.0
1007.0,624.0
1008.0,625.0
1007.0,624.0
1007.0,623.0
1007.0,624.0
1007.0,623.0
1007.0,623.0
1007.0,624.0
1007.0,623.0
1007.0,623.0
1007.0,623.0
1007.0,623.0
1007.0,623.0
1007.0,623.0
1007.0,623.0
1008.0,622.0
1009.0,622.0
1008.0,622.0
1008.0,623.0
1008.0,622.0
1009.0,623.0
1010.0,623.0
1010.0,623.0
1010.0,623.0
1010.0,623.0
1010.0,623.0
1011.0,622.0
1011.0,622.0
1011.0,622.0
1011.0,622.0
1012.0,622.0
1013.0,621.0
1014.0,621.0
1014.0,621.0
1014.0,621.0
1014.0,621.0
1015.0,621.0
1015.0,621.0
1016.0,620.0
1016.0,620.0
1018.0,620.0
1018.0,619.0
