x,y
730.0,962.0
730.0,963.0
730.0,963.0
730.0,962.0
730.0,963.0
730.0,963.0
730.0,963.0
731.0,963.0
730.0,963.0
730.0,963.0
730.0,963.0
730.0,963.0
730.0,963.0
731.0,963.0
729.0,963.0
730.0,963.0
730.0,964.0
730.0,962.0
730.0,962.0
731.0,962.0
731.0,963.0
723.0,959.6666666666666
715.0,956.3333333333334
707.0,953.0
706.0,953.0
707.0,953.0
707.0,954.0
672.5,952.0
638.0,950.0
636.0,948.0
637.0,950.0
636.6666666666666,950.0
636.3333333333334,950.0
636.0,950.0
633.0,948.0
643.0,936.0
644.0,936.0
644.0,936.0
644.0,936.0
643.0,935.0
644.0,936.0
706.0,956.0
728.0,968.0
728.0,968.0
728.0,968.0
728.0,968.0
732.0,964.0
732.0,965.0
722.0,973.0
723.0,973.0
723.0,974.0
722.0,974.0
723.0,974.0
706.0,959.0
673.0,949.0
673.0,950.0
674.0,948.0
673.0,949.0
673.0,949.0
673.0,949.0
673.0,949.0
674.0,950.0
673.0,949.0
673.0,949.0
673.0,949.0
674.0,950.0
673.0,949.0
675.0,950.0
675.0,950.0
673.0,949.0
674.0,950.0
673.0,949.0
675.0,950.0
674.0,950.0
673.0,950.0
673.0,950.0
673.0,949.0
673.0,949.0
675.0,951.0
675.0,951.0
673.0,949.0
674.0,950.0
673.0,950.0
674.0,950.0
673.0,950.0
674.0,950.0
673.0,950.0
673.0,951.0
674.0,951.0
673.0,951.0
673.0,951.0
673.0,951.0
673.0,951.0
673.0,950.0
673.0,950.0
673.0,951.0
673.0,951.0
673.0,951.0
673.0,951.0
672.0,951.0
