x,y
947.0,879.0
922.0,900.0
912.0,895.0
973.0,852.0
972.0,855.0
930.0,897.0
919.0,902.0
926.0,901.0
925.0,902.0
924.0,902.0
925.0,902.0
925.0,903.0
923.0,902.0
923.0,904.0
922.0,904.0
924.0,904.0
925.0,902.0
925.0,903.0
921.0,903.0
912.0,892.0
914.0,895.0
917.0,898.0
914.0,896.0
914.0,896.0
915.0,897.0
922.0,901.0
921.0,900.0
913.0,897.0
911.0,881.0
923.0,904.0
925.0,903.0
922.0,904.0
926.5,868.5
931.0,833.0
966.0,918.0
965.1818181818181,915.5
964.3636363636364,913.0
963.5454545454545,910.5
962.7272727272727,908.0
961.9090909090909,905.5
961.0909090909091,903.0
960.2727272727273,900.5
959.4545454545455,898.0
958.6363636363636,895.5
957.8181818181819,893.0
957.0,890.5
956.1818181818181,888.0
955.3636363636364,885.5
954.5454545454545,883.0
953.7272727272727,880.5
952.9090909090909,878.0
952.0909090909091,875.5
951.2727272727273,873.0
950.4545454545455,870.5
949.6363636363636,868.0
948.8181818181819,865.5
948.0,863.0
956.0,860.0
942.0,873.0
941.0,874.0
947.0,864.0
947.0,863.0
944.0,856.0
942.0,856.0
930.0,865.0
930.0,864.0
929.0,864.0
930.0,863.0
930.0,863.0
949.0,846.0
949.0,846.0
947.0,847.0
