x,y
978.0,422.0
996.0,422.0
996.0,421.0
996.0,421.0
998.0,419.0
998.0,419.0
998.0,418.0
998.0,418.0
998.0,418.0
998.0,418.0
998.0,418.0
998.0,417.0
998.0,418.0
998.0,417.0
998.0,417.0
998.0,416.0
998.0,416.0
998.0,416.0
998.0,416.0
998.0,416.0
998.0,417.0
998.0,417.0
998.0,417.0
998.0,417.0
998.0,417.0
997.0,417.0
1000.0,417.0
998.0,418.0
998.0,417.0
998.0,417.0
998.0,418.0
998.0,418.0
1000.0,417.0
1000.0,419.0
999.0,419.0
1000.0,419.0
998.0,419.0
998.0,419.0
998.0,419.0
998.0,419.0
999.0,419.0
999.0,419.0
998.0,419.0
1000.0,419.0
999.0,419.0
999.0,420.0
999.0,420.0
999.0,420.0
998.0,419.0
1000.0,418.0
999.0,418.0
1000.0,422.0
998.0,417.0
1002.0,417.0
1002.0,417.0
1002.0,417.0
1003.0,417.0
1001.0,421.0
1001.0,421.0
1001.0,422.0
1001.0,422.0
1001.0,422.0
1005.0,419.0
1002.0,419.0
1005.0,419.0
1005.0,419.0
1001.0,421.0
1005.0,419.0
1005.0,419.0
1005.0,419.0
1005.0,420.0
1002.0,421.0
1005.0,419.0
1005.0,419.0
1005.0,419.0
1002.0,422.0
1002.0,422.0
1002.0,422.0
1002.0,422.0
1002.0,422.0
1002.0,422.0
1002.0,422.0
1002.0,422.0
1003.0,422.0
1003.0,422.0
1003.0,422.0
1003.0,422.0
1005.0,423.0
1004.0,422.0
1004.0,422.0
1004.0,422.0
1004.0,422.0
1004.0,422.0
1007.0,423.0
1004.0,422.0
1004.0,422.0
1004.0,422.0
1008.0,422.0
1005.0,422.0
1005.0,423.0
