x,y
266.0,424.0
274.0,415.0
276.3333333333333,437.6666666666667
278.6666666666667,460.3333333333333
281.0,483.0
271.0,489.0
253.0,490.0
255.0,490.3333333333333
257.0,490.6666666666667
259.0,491.0
262.0,487.2
265.0,483.4
268.0,479.6
271.0,475.8
274.0,472.0
250.0,427.0
253.5,458.5
257.0,490.0
261.5,491.5
266.0,493.0
269.2857142857143,494.2857142857143
272.57142857142856,495.57142857142856
275.85714285714283,496.85714285714283
279.14285714285717,498.14285714285717
282.42857142857144,499.42857142857144
285.7142857142857,500.7142857142857
289.0,502.0
304.0,495.0
305.0,496.0
306.0,497.0
309.625,494.5
313.25,492.0
316.875,489.5
320.5,487.0
324.125,484.5
327.75,482.0
331.375,479.5
335.0,477.0
342.0,474.0
348.6666666666667,472.6666666666667
355.3333333333333,471.3333333333333
362.0,470.0
