x,y
264.0,613.0
264.0,613.0
264.0,613.0
264.0,613.0
264.0,613.0
264.0,613.0
264.0,613.0
264.0,613.0
264.0,613.0
264.0,612.0
264.0,612.0
264.0,613.0
264.0,613.0
264.0,613.0
264.0,612.0
264.0,613.0
264.0,612.0
264.0,612.0
264.0,612.0
264.0,612.0
264.0,612.0
264.0,612.0
285.0,617.0
264.0,612.0
264.0,612.0
264.0,612.0
264.0,612.0
264.0,612.0
264.0,612.0
264.0,612.0
264.0,612.0
264.0,612.0
264.0,612.0
264.0,612.0
264.0,612.0
264.0,612.0
264.0,612.0
264.0,612.0
264.0,612.0
264.0,612.0
264.0,612.0
264.0,612.0
264.0,611.0
264.0,611.0
264.0,612.0
264.0,612.0
264.0,612.0
264.0,612.0
264.0,612.0
264.0,612.0
264.0,612.0
264.0,612.0
264.0,612.0
264.0,611.0
264.0,612.0
264.0,612.0
264.0,612.0
264.0,612.0
264.0,611.0
264.0,611.0
264.0,612.0
264.0,611.0
284.0,617.0
284.0,616.0
284.0,616.0
284.0,617.0
284.0,616.0
284.0,616.0
284.0,617.0
284.0,617.0
284.0,617.0
283.0,617.0
283.0,616.0
283.0,616.0
283.0,616.0
283.0,616.0
283.0,616.0
283.0,616.0
283.0,616.0
284.0,617.0
284.0,617.0
283.0,617.0
283.0,616.0
283.0,616.0
283.0,617.0
283.0,617.0
284.0,617.0
284.0,617.0
284.0,617.0
283.0,616.0
283.0,616.0
283.0,616.0
283.0,616.0
283.0,616.0
283.0,616.0
283.0,616.0
283.0,616.0
283.0,616.0
283.0,616.0
283.0,616.0
