x,y
270.0,614.0
270.0,614.0
270.0,614.0
270.0,614.0
270.0,614.0
270.0,614.0
271.0,614.0
270.0,614.0
271.0,614.0
271.0,614.0
271.0,614.0
270.0,614.0
271.0,614.0
270.0,614.0
270.0,614.0
270.0,614.0
270.0,614.0
270.0,614.0
270.0,614.0
272.0,614.0
271.0,614.0
272.0,614.0
272.0,614.0
272.0,614.0
272.0,614.0
270.0,614.0
270.0,614.0
270.0,614.0
270.0,614.0
271.0,614.0
271.0,614.0
271.0,614.0
270.0,614.0
270.0,614.0
270.0,614.0
270.0,614.0
270.0,614.0
270.0,614.0
270.0,614.0
271.0,614.0
271.0,614.0
271.0,614.0
271.0,614.0
272.0,615.0
271.0,615.0
272.0,615.0
272.0,614.0
272.0,614.0
271.0,614.0
272.0,614.0
272.0,614.0
271.0,614.0
272.0,614.0
271.0,614.0
271.0,614.0
271.0,614.0
271.0,614.0
271.0,614.0
271.0,614.0
271.0,614.0
271.0,614.0
271.0,614.0
272.0,614.0
271.0,614.0
271.0,614.0
271.0,614.0
271.0,614.0
271.0,614.0
272.0,614.0
272.0,614.0
271.0,614.0
271.0,614.0
271.0,614.0
272.0,614.0
272.0,614.0
272.0,614.0
272.0,614.0
272.0,614.0
272.0,614.0
272.0,614.0
272.0,614.0
272.0,614.0
271.0,614.0
272.0,614.0
271.0,614.0
272.0,614.0
271.0,614.0
270.0,615.0
270.0,615.0
178.0,533.0
268.0,615.0
270.0,614.0
269.0,615.0
269.0,616.0
270.0,614.0
247.0,652.0
269.0,614.0
269.0,614.0
269.0,614.0
269.0,614.0
