x,y
269.0,617.0
270.0,614.0
270.0,614.0
270.0,616.0
272.0,630.0
272.0,630.0
270.0,614.0
270.0,614.0
270.0,616.0
270.0,616.0
270.0,616.0
270.0,616.0
270.0,616.0
270.0,614.0
270.0,616.0
270.0,616.0
270.0,616.0
270.0,616.0
270.0,616.0
270.0,617.0
270.0,617.0
270.0,616.0
270.0,616.0
251.0,631.0
251.0,634.0
250.0,633.0
250.0,633.0
250.0,633.0
250.0,633.0
250.0,633.0
250.0,633.0
251.0,632.0
269.0,619.0
269.0,618.0
269.0,618.0
269.0,618.0
269.0,618.0
269.0,617.0
269.0,617.0
269.0,617.0
269.0,617.0
269.0,617.0
269.0,617.0
269.0,617.0
269.0,616.0
269.0,617.0
269.0,616.0
269.0,615.0
269.0,615.0
269.0,617.0
269.0,617.0
269.0,616.0
269.0,616.0
270.0,616.0
270.0,616.0
270.0,616.0
270.0,616.0
270.0,616.0
270.0,616.0
270.0,616.0
270.0,616.0
270.0,615.0
268.0,617.0
269.0,617.0
269.0,615.0
269.0,617.0
269.0,617.0
269.0,615.0
269.0,615.0
269.0,615.0
269.0,615.0
269.0,616.0
268.0,617.0
250.0,633.0
250.0,633.0
250.0,633.0
250.0,633.0
251.0,632.0
251.0,632.0
250.0,631.0
289.0,629.0
268.0,618.0
268.0,618.0
268.0,617.0
268.0,617.0
268.0,616.0
268.0,617.0
268.0,616.0
268.0,616.0
268.0,616.0
268.0,617.0
268.0,617.0
268.0,617.0
268.0,617.0
268.0,617.0
268.0,617.0
268.0,617.0
268.0,617.0
268.0,617.0
268.0,617.0
