x,y
323.0,1067.0
426.0,1029.0
503.0,977.0
580.0,925.0
645.0,921.0
712.0,855.0
748.0,862.0
737.0,867.0
734.0,851.0
782.0,817.0
784.0,822.0
774.0,844.0
731.0,862.0
762.0,846.0
760.0,847.0
758.0,848.0
758.0,848.0
758.0,848.0
758.0,847.0
756.0,848.0
756.0,850.0
756.0,851.0
754.0,854.0
756.0,852.0
755.8181818181819,852.7272727272727
755.6363636363636,853.4545454545455
755.4545454545455,854.1818181818181
755.2727272727273,854.9090909090909
755.0909090909091,855.6363636363636
754.9090909090909,856.3636363636364
754.7272727272727,857.0909090909091
754.5454545454545,857.8181818181819
754.3636363636364,858.5454545454545
754.1818181818181,859.2727272727273
754.0,860.0
757.0,850.5
760.0,841.0
763.0,831.5
766.0,822.0
770.0,811.0
771.0,812.0
770.0,812.0
769.0,813.0
769.0,812.0
769.0,812.0
769.0,812.0
770.0,812.0
760.0,820.0
759.0,807.0
768.0,820.0
774.0,843.0
780.5,839.5
787.0,836.0
786.0,834.0
764.0,820.0
764.0,820.0
764.0,821.0
764.0,821.0
713.0,840.0
764.0,820.0
764.0,820.0
766.0,820.0
768.0,818.0
766.0,819.0
766.0,819.0
766.0,819.0
765.0,818.0
807.0,837.0
807.0,838.0
760.0,834.0
760.0,833.0
764.0,821.0
761.0,833.0
711.0,839.0
712.0,841.0
760.0,826.0
770.0,816.0
774.0,818.0
772.0,817.0
774.0,818.0
775.0,820.0
774.0,820.0
775.0,821.0
777.0,824.0
777.0,827.0
778.0,826.0
777.0,827.0
778.0,826.0
778.0,827.0
778.0,828.0
779.0,828.0
779.0,829.0
780.0,829.0
779.0,828.0
779.0,828.0
779.0,828.0
778.0,829.0
762.0,811.0
757.0,844.0
755.0,842.0
