x,y
282.0,626.0
282.0,626.0
282.0,626.0
283.0,626.0
282.0,626.0
282.0,626.0
282.0,626.0
283.0,626.0
283.0,625.0
283.0,625.0
282.0,626.0
284.0,622.0
284.0,622.0
284.0,622.0
285.0,622.0
285.0,622.0
285.0,622.0
285.0,622.0
285.0,622.0
285.0,621.0
285.0,621.0
286.0,624.0
285.0,622.0
285.0,621.0
285.0,622.0
284.0,626.0
269.0,635.0
268.0,636.0
268.0,637.0
268.0,637.0
268.0,636.0
268.0,636.0
268.0,636.0
268.0,636.0
268.0,636.0
269.0,635.0
283.0,631.0
284.0,629.0
286.0,624.0
287.0,625.0
286.0,623.0
287.0,625.0
286.0,624.0
268.0,620.0
268.0,620.0
282.0,617.0
284.0,620.0
284.0,619.0
285.0,622.0
284.0,621.0
285.0,621.0
285.0,622.0
286.0,623.0
286.0,623.0
285.0,624.0
285.0,623.0
285.0,623.0
285.0,624.0
285.0,623.0
285.0,624.0
285.0,623.0
284.0,623.0
284.0,619.0
284.0,618.0
283.0,622.0
283.0,622.0
283.0,622.0
283.0,622.0
283.0,622.0
283.0,623.0
283.0,622.0
283.0,622.0
284.0,622.0
283.0,622.0
283.0,623.0
283.0,622.0
283.0,622.0
283.0,622.0
283.0,622.0
284.0,618.0
283.0,622.0
285.0,619.0
284.0,618.0
284.0,619.0
284.0,618.0
284.0,618.0
284.0,618.0
284.0,618.0
286.0,620.0
286.0,623.0
286.0,623.0
286.0,623.0
286.0,623.0
286.0,623.0
286.0,623.0
286.0,623.0
286.0,623.0
286.0,624.0
286.0,621.0
286.0,620.0
