x,y
1248.0,1059.0
1247.0,1058.0
1247.0,1058.0
1247.0,1058.0
1248.0,1059.0
1248.0,1059.0
1249.0,1060.0
1255.0,1064.0
1258.0,1068.0
1259.0,1068.0
1259.0,1068.0
1259.0,1069.0
1259.0,1069.0
1259.0,1064.0
1259.0,1064.0
1257.0,1064.0
1251.0,1063.0
1249.0,1059.0
1247.0,1058.0
1245.0,1057.0
1245.0,1057.0
1245.0,1056.0
1244.0,1056.0
1244.0,1056.0
1245.0,1057.0
1244.0,1056.0
1245.0,1057.0
1245.0,1057.0
1244.0,1057.0
1245.0,1057.0
1245.0,1057.0
1246.0,1058.0
1244.0,1057.0
1245.0,1057.0
1244.0,1057.0
1244.0,1057.0
1245.0,1057.0
1245.0,1056.0
1244.0,1057.0
1238.0,1053.0
1240.0,1053.0
1245.0,1057.0
1249.0,1061.0
1244.0,1057.0
1244.0,1057.0
1240.0,1055.0
1240.0,1055.0
1250.0,1061.0
1238.0,1052.0
1238.0,1052.0
1238.0,1052.0
1237.909090909091,1051.909090909091
1237.8181818181818,1051.8181818181818
1237.7272727272727,1051.7272727272727
1237.6363636363637,1051.6363636363637
1237.5454545454545,1051.5454545454545
1237.4545454545455,1051.4545454545455
1237.3636363636363,1051.3636363636363
1237.2727272727273,1051.2727272727273
1237.1818181818182,1051.1818181818182
1237.090909090909,1051.090909090909
1237.0,1051.0
1268.0,1068.0
1269.0,1064.0
1269.0,1068.0
1269.0,1069.0
1267.0,1063.0
1269.0,1068.0
1267.0,1068.0
1264.0,1062.0
1261.0,1061.0
1242.0,1070.0
1247.0,1064.0
1237.0,1069.0
1249.0,1050.0
1252.0,1051.0
1249.0,1050.0
1250.0,1051.0
1249.0,1052.0
1249.0,1054.0
1233.0,1046.0
1233.0,1047.0
1232.0,1047.0
1232.0,1047.0
1233.0,1048.0
1235.0,1048.0
1234.0,1048.0
1234.0,1048.0
1234.0,1048.0
1234.0,1048.0
1234.0,1049.0
1238.0,1056.0
1237.0,1057.0
1237.0,1057.0
1237.0,1057.0
1237.0,1057.0
1237.0,1056.0
1237.0,1056.0
1235.0,1054.0
1235.0,1049.0
