x,y
1014.0,784.0
1012.0,777.0
1012.0,753.0
981.0,725.0
956.0,698.0
943.0,666.0
918.0,645.0
918.0,622.0
930.0,605.0
947.0,593.0
951.0,582.0
951.0,587.0
953.0,581.0
952.0,581.0
952.0,581.0
952.0,580.0
952.0,581.0
952.0,581.0
952.0,580.0
952.0,580.0
952.0,580.0
951.0,581.0
951.0,581.0
951.0,580.0
951.0,580.0
951.0,580.0
951.0,580.0
951.0,581.0
951.0,580.0
954.0,584.0
953.0,583.0
953.0,583.0
953.0,582.0
952.0,582.0
951.0,581.0
950.0,582.0
952.0,581.0
950.0,582.0
950.0,582.0
949.0,583.0
946.0,586.0
946.0,586.0
945.0,586.0
945.0,586.0
945.0,586.0
944.0,587.0
946.0,586.0
947.7777777777778,584.7777777777778
949.5555555555555,583.5555555555555
951.3333333333334,582.3333333333334
953.1111111111111,581.1111111111111
954.8888888888889,579.8888888888889
956.6666666666666,578.6666666666666
958.4444444444445,577.4444444444445
960.2222222222222,576.2222222222222
962.0,575.0
961.0,575.0
962.0,575.0
963.0,573.0
963.0,573.0
964.0,573.0
963.0,574.0
964.0,573.0
962.0,575.0
961.0,575.0
962.0,576.0
963.0,575.0
964.0,573.0
963.0,573.0
965.0,574.0
963.0,574.0
963.0,574.0
963.0,574.0
964.0,574.0
964.0,576.0
964.0,575.0
963.0,575.0
963.0,575.0
963.0,574.0
963.0,574.0
964.0,573.0
964.0,574.0
965.0,572.0
965.0,572.0
