x,y
328.0,508.0
327.0,509.0
324.0,504.0
322.0,504.0
323.0,503.0
355.0,485.0
355.0,485.0
356.0,486.0
356.0,486.0
356.0,485.0
356.0,486.0
356.0,485.0
356.0,484.0
355.0,485.0
355.0,485.0
355.0,485.0
355.0,484.0
356.0,486.0
356.0,486.0
358.0,487.0
366.0,496.0
367.0,498.0
326.0,518.0
325.0,508.0
321.0,505.0
328.0,518.0
324.0,509.0
324.0,479.0
324.0,478.0
321.0,504.0
298.0,527.0
298.0,527.0
324.0,510.0
323.0,505.0
323.0,506.0
322.0,506.0
307.0,477.0
308.0,476.0
323.0,508.0
299.0,526.0
299.0,526.0
300.0,526.0
323.0,507.0
323.0,507.0
323.0,507.0
324.0,518.0
307.0,547.0
299.0,525.0
285.0,492.0
285.0,491.0
285.0,491.0
309.0,473.0
309.0,474.0
308.0,473.0
309.0,473.0
311.0,473.0
328.0,518.0
307.0,551.0
307.0,551.0
297.0,527.0
312.0,548.0
294.0,537.0
295.0,536.0
294.0,536.0
285.0,490.0
346.0,483.0
360.0,489.0
361.0,489.0
360.0,489.0
361.0,490.0
361.0,491.0
311.0,474.0
311.0,475.0
361.0,496.0
361.0,498.0
362.0,498.0
362.0,496.0
361.0,498.0
362.0,496.0
362.0,495.0
363.0,496.0
363.0,495.0
363.0,495.0
363.0,496.0
363.0,498.0
364.0,497.0
363.0,498.0
363.0,497.0
363.0,497.0
364.0,498.0
363.0,498.0
364.0,499.0
326.0,480.0
320.0,504.0
318.0,532.0
305.0,496.0
305.0,495.0
306.0,495.0
305.0,495.0
301.0,490.0
