x,y
159.0,577.0
158.0,578.0
159.0,578.0
159.0,578.0
159.0,578.0
158.0,576.0
159.0,577.0
159.0,576.0
162.0,572.0
162.0,573.0
162.0,573.0
162.0,573.0
162.0,572.0
170.0,552.0
170.0,553.0
170.0,552.0
171.0,552.0
178.0,586.0
178.0,586.0
178.0,587.0
178.0,586.0
178.0,586.0
178.0,586.0
178.0,586.0
178.0,586.0
178.0,585.0
178.0,586.0
178.0,586.0
177.0,586.0
176.0,588.0
176.0,590.0
180.0,587.0
174.0,554.0
176.0,553.0
159.0,576.0
159.0,576.0
159.0,577.0
177.0,601.0
159.0,577.0
184.0,589.0
159.0,575.0
159.0,576.0
160.0,576.0
186.0,588.0
187.0,590.0
186.0,588.0
185.0,593.0
185.0,588.0
161.0,577.0
160.0,577.0
185.0,593.0
185.0,588.0
185.0,588.0
186.0,588.0
187.0,586.0
186.0,588.0
188.0,588.0
188.0,588.0
195.0,581.0
188.0,589.0
195.0,582.0
188.0,589.0
188.0,588.0
186.0,588.0
187.0,588.0
188.0,589.0
178.0,600.0
177.0,598.0
177.0,601.0
178.0,600.0
179.0,600.0
178.0,601.0
178.0,601.0
179.0,598.0
178.0,600.0
178.0,601.0
179.0,598.0
180.0,599.0
179.0,599.0
178.0,600.0
179.0,599.0
178.0,600.0
178.0,600.0
178.0,600.0
178.0,600.0
178.0,599.0
179.0,598.0
179.0,598.0
161.0,623.0
188.0,589.0
178.0,598.0
179.0,598.0
178.0,598.0
179.0,598.0
178.0,599.0
178.0,598.0
179.0,598.0
179.0,598.0
179.0,600.0
179.0,599.0
