x,y
380.4,1015.9
380.8,1015.8
381.2,1015.7
381.6,1015.6
382.0,1015.5
382.4,1015.4
382.8,1015.3
383.2,1015.2
383.6,1015.1
384.0,1015.0
383.5882352941176,1014.9411764705883
383.1764705882353,1014.8823529411765
382.7647058823529,1014.8235294117648
382.3529411764706,1014.7647058823529
381.94117647058823,1014.7058823529412
381.52941176470586,1014.6470588235294
381.11764705882354,1014.5882352941177
380.70588235294116,1014.5294117647059
380.29411764705884,1014.4705882352941
379.88235294117646,1014.4117647058823
379.47058823529414,1014.3529411764706
379.05882352941177,1014.2941176470588
378.6470588235294,1014.2352941176471
378.2352941176471,1014.1764705882352
377.8235294117647,1014.1176470588235
377.4117647058824,1014.0588235294117
377.0,1014.0
367.0,998.0
367.0,998.0
367.0,998.0
367.0,998.0
367.0,998.0
367.0,998.0
367.0,998.0
367.0,997.0
368.0,997.0
368.0,997.0
367.0,998.0
369.0,996.0
368.0,997.0
366.0,998.0
368.0,997.0
368.0,996.0
367.0,998.0
366.0,999.0
372.0,1010.0
379.0,1018.0
377.0,1018.0
371.0,1010.0
371.0,1010.0
365.0,1001.0
372.0,1010.0
380.0,1018.0
380.0,1017.0
379.0,1017.0
380.0,1017.0
380.0,1017.0
381.0,1018.0
380.0,1017.0
382.0,1018.0
383.0,1019.0
384.0,1019.0
384.0,1019.0
385.0,1019.0
385.0,1019.0
385.0,1019.1666666666666
385.0,1019.3333333333334
385.0,1019.5
385.0,1019.6666666666666
385.0,1019.8333333333334
385.0,1020.0
391.0,1017.0
387.0,1017.0
387.0,1017.0
388.0,1017.0
388.0,1017.0
388.0,1017.0
387.0,1017.0
375.0,1012.0
376.0,1011.0
375.0,1011.0
379.0,1011.0
378.0,1012.0
377.0,1011.0
378.0,1011.0
378.0,1011.0
377.0,1011.0
377.0,1011.0
378.0,1011.0
378.0,1011.0
381.0,1012.0
389.0,1010.0
389.0,1010.0
389.0,1010.0
389.0,1010.0
389.0,1010.0
389.0,1010.0
389.0,1010.0
389.0,1010.0
389.0,1010.0
