x,y
384.0,1008.0
384.0,1007.0
385.0,1007.0
385.0,1007.0
384.0,1007.0
384.0,1007.0
384.0,1007.0
385.0,1007.0
385.0,1007.0
385.0,1007.0
385.0,1007.0
385.0,1007.0
385.0,1007.0
385.0,1007.0
385.0,1007.0
386.0,1007.0
386.0,1007.0
385.0,1006.0
385.0,1007.0
385.0,1007.0
386.0,1007.0
385.0,1007.0
386.0,1007.0
386.0,1007.0
386.0,1007.0
386.0,1007.0
386.0,1006.0
386.0,1006.0
392.0,1003.0
393.0,1004.0
382.0,1005.0
381.0,1004.0
383.0,1004.0
381.0,1004.0
381.0,1003.0
393.0,1003.0
393.0,1004.0
392.0,1003.0
387.0,1006.0
387.0,1006.0
387.0,1005.0
387.0,1005.0
387.0,1005.0
387.0,1005.0
387.0,1005.0
392.0,1003.0
393.0,1003.0
393.0,1003.0
404.0,1006.0
404.0,1006.0
404.0,1006.0
404.0,1006.0
410.0,1003.0
393.0,1003.0
385.0,1005.0
385.0,1004.0
388.0,1005.0
393.0,1003.0
393.0,1003.0
394.0,1004.0
389.0,1005.0
393.0,1003.0
393.0,1003.0
391.0,1005.0
394.0,1003.0
394.0,1003.0
390.0,1005.0
388.0,1005.0
394.0,1003.0
405.0,1006.0
395.0,1003.0
395.0,1003.0
395.0,1003.0
395.0,1003.0
395.0,1003.0
395.0,1003.0
390.0,1006.0
388.0,1005.0
388.0,1006.0
389.0,1005.0
387.0,1005.0
387.0,1005.0
387.0,1005.0
388.0,1005.0
388.0,1005.0
388.0,1005.0
388.0,1005.0
387.0,1005.0
387.0,1005.0
388.0,1005.0
388.0,1005.0
388.0,1005.0
388.0,1005.0
388.0,1005.0
388.0,1005.0
388.0,1005.0
388.0,1005.0
388.0,1005.0
388.0,1005.0
388.0,1005.0
