x,y
1003.771186440678,628.5254237288135
1003.7966101694915,628.3559322033898
1003.8220338983051,628.1864406779661
1003.8474576271186,628.0169491525423
1003.8728813559322,627.8474576271186
1003.8983050847457,627.6779661016949
1003.9237288135594,627.5084745762712
1003.9491525423729,627.3389830508474
1003.9745762711865,627.1694915254237
1004.0,627.0
1004.0,626.0
1002.0,625.0
1002.0,624.0
1003.0,624.0
1003.0,623.0
1003.0,624.0
1003.0,624.0
1004.0,623.0
1003.0,623.0
1003.0,623.0
1003.0,623.0
1003.0,623.0
1003.0,623.0
1003.0,623.0
1003.0,623.0
1003.0,623.0
1002.0,623.0
1002.0,623.0
1002.0,623.0
1002.0,623.0
1002.0,623.0
1002.0,623.0
1002.0,623.0
1002.0,623.0
1002.0,623.0
1003.0,623.0
1007.6666666666666,629.0
1012.3333333333334,635.0
1017.0,641.0
1017.0,642.0
1017.0,642.0
1018.0,642.0
1017.0,642.0
1017.0,642.0
1017.0,642.0
1017.0,642.0
1017.0,642.0
1018.0,642.0
1017.0,642.0
1017.0,642.0
1017.0,642.0
1018.0,642.0
1018.0,642.0
1018.0,642.0
1018.0,642.0
1018.0,642.0
1018.0,642.0
1018.0,642.0
1018.0,642.0
1018.0,642.0
1018.0,642.0
1018.0,643.0
1017.0,642.0
1017.0,642.0
1018.0,642.0
1018.0,642.0
1018.0,642.0
1018.0,642.0
1018.0,642.0
1018.0,642.0
1018.0,642.0
1018.0,642.0
1018.0,642.0
1018.0,642.0
1018.0,642.0
1018.0,642.0
1018.0,642.0
1018.0,642.0
1018.0,642.0
1018.0,642.0
1018.0,642.0
1018.0,642.0
1018.0,642.0
1018.0,642.0
1018.0,642.0
1018.0,642.0
1018.0,642.0
1018.0,642.0
1018.0,642.0
1018.0,642.0
1018.0,642.0
1018.0,642.0
1018.0,642.0
1018.0,642.0
1018.0,642.0
1018.0,642.0
1018.0,642.0
1018.0,642.0
1018.0,642.0
1018.0,642.0
