x,y
1001.228813559322,645.4745762711865
1001.2542372881356,645.3050847457627
1001.2796610169491,645.1355932203389
1001.3050847457627,644.9661016949152
1001.3305084745763,644.7966101694915
1001.3559322033898,644.6271186440678
1001.3813559322034,644.457627118644
1001.4067796610169,644.2881355932203
1001.4322033898305,644.1186440677966
1001.457627118644,643.9491525423729
1001.4830508474577,643.7796610169491
1001.5084745762712,643.6101694915254
1001.5338983050848,643.4406779661017
1001.5593220338983,643.271186440678
1001.5847457627119,643.1016949152543
1001.6101694915254,642.9322033898305
1001.6355932203389,642.7627118644068
1001.6610169491526,642.5932203389831
1001.6864406779661,642.4237288135594
1001.7118644067797,642.2542372881356
1001.7372881355932,642.0847457627119
1001.7627118644068,641.9152542372881
1001.7881355932203,641.7457627118644
1001.8135593220339,641.5762711864406
1001.8389830508474,641.4067796610169
1001.8644067796611,641.2372881355932
1001.8898305084746,641.0677966101695
1001.9152542372881,640.8983050847457
1001.9406779661017,640.728813559322
1001.9661016949152,640.5593220338983
1001.9915254237288,640.3898305084746
1002.0169491525423,640.2203389830509
1002.042372881356,640.0508474576271
1002.0677966101695,639.8813559322034
1002.0932203389831,639.7118644067797
1002.1186440677966,639.542372881356
1002.1440677966102,639.3728813559322
1002.1694915254237,639.2033898305085
1002.1949152542373,639.0338983050848
1002.2203389830509,638.8644067796611
1002.2457627118644,638.6949152542373
1002.271186440678,638.5254237288135
1002.2966101694915,638.3559322033898
1002.3220338983051,638.1864406779661
1002.3474576271186,638.0169491525423
1002.3728813559322,637.8474576271186
1002.3983050847457,637.6779661016949
1002.4237288135594,637.5084745762712
1002.4491525423729,637.3389830508474
1002.4745762711865,637.1694915254237
1002.5,637.0
1002.5254237288135,636.8305084745763
1002.5508474576271,636.6610169491526
1002.5762711864406,636.4915254237288
1002.6016949152543,636.3220338983051
1002.6271186440678,636.1525423728814
1002.6525423728814,635.9830508474577
1002.6779661016949,635.8135593220339
1002.7033898305085,635.6440677966102
1002.728813559322,635.4745762711865
1002.7542372881356,635.3050847457628
1002.7796610169491,635.1355932203389
1002.8050847457627,634.9661016949152
1002.8305084745763,634.7966101694915
1002.8559322033898,634.6271186440678
1002.8813559322034,634.457627118644
1002.9067796610169,634.2881355932203
1002.9322033898305,634.1186440677966
1002.957627118644,633.9491525423729
1002.9830508474577,633.7796610169491
1003.0084745762712,633.6101694915254
1003.0338983050848,633.4406779661017
1003.0593220338983,633.271186440678
1003.0847457627119,633.1016949152543
1003.1101694915254,632.9322033898305
1003.1355932203389,632.7627118644068
1003.1610169491526,632.5932203389831
1003.1864406779661,632.4237288135594
1003.2118644067797,632.2542372881356
1003.2372881355932,632.0847457627119
1003.2627118644068,631.9152542372881
1003.2881355932203,631.7457627118644
1003.3135593220339,631.5762711864406
1003.3389830508474,631.4067796610169
1003.3644067796611,631.2372881355932
1003.3898305084746,631.0677966101695
1003.4152542372881,630.8983050847457
1003.4406779661017,630.728813559322
1003.4661016949152,630.5593220338983
1003.4915254237288,630.3898305084746
1003.5169491525423,630.2203389830509
1003.542372881356,630.0508474576271
1003.5677966101695,629.8813559322034
1003.5932203389831,629.7118644067797
1003.6186440677966,629.542372881356
1003.6440677966102,629.3728813559322
1003.6694915254237,629.2033898305085
1003.6949152542373,629.0338983050848
1003.7203389830509,628.8644067796611
1003.7457627118644,628.6949152542372
