x,y
890.0,384.0
890.0,385.0
891.0,385.0
894.0,385.0
891.0,384.0
893.0,385.0
892.0,385.0
885.0,390.0
884.0,390.0
889.0,382.0
890.0,382.0
889.0,382.0
890.0,382.0
889.0,382.0
889.0,382.0
891.0,381.0
893.0,379.0
891.0,383.0
889.0,382.0
890.0,383.0
894.0,376.0
895.0,375.0
895.0,376.0
894.0,377.0
893.0,379.0
892.0,382.0
893.0,387.0
844.0,376.0
844.0,375.0
844.0,375.0
843.0,375.0
843.0,375.0
843.0,375.0
843.0,375.0
843.0,375.0
843.0,375.0
843.0,375.0
843.0,375.0
843.0,375.0
841.0,376.0
844.0,374.0
858.0,380.0
857.0,380.0
897.0,364.0
897.0,364.0
897.0,364.0
896.0,365.0
896.0,366.0
895.0,370.0
893.0,376.0
872.0,390.0
871.0,390.0
872.0,390.0
872.0,390.0
872.0,390.0
872.0,390.0
872.0,390.0
871.0,390.0
872.0,389.0
872.0,390.0
872.0,390.0
872.0,389.0
872.0,390.0
872.0,390.0
872.0,390.0
872.0,389.0
872.0,390.0
871.0,390.0
871.0,390.0
872.0,390.0
872.0,390.0
872.0,390.0
872.0,389.0
872.0,390.0
873.0,389.0
875.0,389.0
875.0,386.0
876.0,385.0
876.0,386.0
876.0,386.0
876.0,386.0
875.0,387.0
876.0,386.0
872.0,389.0
873.0,390.0
872.0,390.0
872.0,390.0
872.0,390.0
873.0,389.0
872.0,389.0
872.0,389.0
872.0,388.0
872.0,389.0
872.0,388.0
872.0,389.0
870.0,386.0
870.6666666666666,386.6666666666667
871.3333333333334,387.3333333333333
872.0,388.0
870.6666666666666,387.0
