x,y
986.9011627906976,656.2848837209302
986.9069767441861,656.2093023255813
986.9127906976744,656.1337209302326
986.9186046511628,656.0581395348837
986.9244186046511,655.9825581395348
986.9302325581396,655.9069767441861
986.9360465116279,655.8313953488372
986.9418604651163,655.7558139534884
986.9476744186046,655.6802325581396
986.953488372093,655.6046511627907
986.9593023255813,655.5290697674419
986.9651162790698,655.453488372093
986.9709302325581,655.3779069767442
986.9767441860465,655.3023255813954
986.9825581395348,655.2267441860465
986.9883720930233,655.1511627906976
986.9941860465116,655.0755813953489
987.0,655.0
987.0,655.0
986.8571428571429,654.9285714285714
986.7142857142857,654.8571428571429
986.5714285714286,654.7857142857143
986.4285714285714,654.7142857142857
986.2857142857143,654.6428571428571
986.1428571428571,654.5714285714286
986.0,654.5
985.8571428571429,654.4285714285714
985.7142857142857,654.3571428571429
985.5714285714286,654.2857142857143
985.4285714285714,654.2142857142857
985.2857142857143,654.1428571428571
985.1428571428571,654.0714285714286
985.0,654.0
984.8571428571429,653.9285714285714
984.7142857142857,653.8571428571429
984.5714285714286,653.7857142857143
984.4285714285714,653.7142857142857
984.2857142857143,653.6428571428571
984.1428571428571,653.5714285714286
984.0,653.5
983.8571428571429,653.4285714285714
983.7142857142857,653.3571428571429
983.5714285714286,653.2857142857143
983.4285714285714,653.2142857142857
983.2857142857143,653.1428571428571
983.1428571428571,653.0714285714286
983.0,653.0
983.0,653.0
983.0,653.0
983.0,653.0
984.0,652.0
984.0,651.0
985.0,650.0
985.4102564102565,649.9230769230769
985.8205128205128,649.8461538461538
986.2307692307693,649.7692307692307
986.6410256410256,649.6923076923077
987.0512820512821,649.6153846153846
987.4615384615385,649.5384615384615
987.8717948717949,649.4615384615385
988.2820512820513,649.3846153846154
988.6923076923077,649.3076923076923
989.1025641025641,649.2307692307693
989.5128205128206,649.1538461538462
989.9230769230769,649.0769230769231
990.3333333333334,649.0
990.7435897435897,648.9230769230769
991.1538461538462,648.8461538461538
991.5641025641025,648.7692307692307
991.974358974359,648.6923076923077
992.3846153846154,648.6153846153846
992.7948717948718,648.5384615384615
993.2051282051282,648.4615384615385
993.6153846153846,648.3846153846154
994.025641025641,648.3076923076923
994.4358974358975,648.2307692307693
994.8461538461538,648.1538461538462
995.2564102564103,648.0769230769231
995.6666666666666,648.0
996.0769230769231,647.9230769230769
996.4871794871794,647.8461538461538
996.8974358974359,647.7692307692307
997.3076923076923,647.6923076923077
997.7179487179487,647.6153846153846
998.1282051282051,647.5384615384615
998.5384615384615,647.4615384615385
998.9487179487179,647.3846153846154
999.3589743589744,647.3076923076923
999.7692307692307,647.2307692307693
1000.1794871794872,647.1538461538462
1000.5897435897435,647.0769230769231
1001.0,647.0
1001.0254237288135,646.8305084745763
1001.0508474576271,646.6610169491526
1001.0762711864406,646.4915254237288
1001.1016949152543,646.3220338983051
1001.1271186440678,646.1525423728814
1001.1525423728814,645.9830508474577
1001.1779661016949,645.8135593220339
1001.2033898305085,645.6440677966102
