x,y
837.0,391.0
845.0,384.0
838.0,400.0
837.0,400.0
836.0,398.0
835.0,389.0
838.0,391.0
838.0,391.0
839.0,391.0
838.0,391.0
839.0,391.0
839.0,391.0
838.0,391.0
839.0,393.0
842.0,398.0
843.0,398.0
842.0,398.0
841.0,399.0
836.0,406.0
836.0,405.0
821.0,394.0
821.0,400.0
823.0,402.0
823.0,404.0
823.0,403.0
823.0,403.0
818.0,401.0
818.0,401.0
817.0,400.0
818.0,403.0
821.0,405.0
821.8,405.4
822.6,405.8
823.4,406.2
824.2,406.6
825.0,407.0
825.8,407.4
826.6,407.8
827.4,408.2
828.2,408.6
829.0,409.0
829.0,410.0
830.0,410.0
830.0,410.0
830.0,410.0
829.0,410.0
829.0,410.0
829.0,410.0
828.0,410.0
828.0,410.0
827.0,409.0
848.0,392.5
869.0,376.0
880.0,399.0
879.0,399.0
879.0,401.0
879.0,401.0
879.0,401.0
882.0,395.0
883.0,395.0
883.0,395.0
879.0,400.0
879.0,399.0
878.0,400.0
879.0,399.0
879.0,400.0
878.0,403.0
878.0,404.0
888.0,392.0
888.0,392.0
888.0,392.0
888.0,391.0
889.0,391.0
888.0,391.0
888.0,391.0
889.0,394.0
892.0,394.0
893.0,392.0
892.0,391.0
892.0,390.0
893.0,390.0
892.0,390.0
892.0,390.0
893.0,390.0
892.0,389.0
891.3846153846154,389.15384615384613
890.7692307692307,389.3076923076923
890.1538461538462,389.46153846153845
889.5384615384615,389.61538461538464
888.9230769230769,389.7692307692308
888.3076923076923,389.9230769230769
887.6923076923077,390.0769230769231
887.0769230769231,390.2307692307692
886.4615384615385,390.38461538461536
885.8461538461538,390.53846153846155
885.2307692307693,390.6923076923077
884.6153846153846,390.84615384615387
884.0,391.0
892.0,387.0
891.0,386.0
