x,y
998.3286713286714,675.8881118881119
998.3076923076923,675.8846153846154
998.2867132867133,675.8811188811189
998.2657342657343,675.8776223776224
998.2447552447552,675.8741258741259
998.2237762237762,675.8706293706293
998.2027972027972,675.8671328671329
998.1818181818181,675.8636363636364
998.1608391608391,675.8601398601398
998.1398601398602,675.8566433566433
998.1188811188811,675.8531468531469
998.0979020979021,675.8496503496503
998.0769230769231,675.8461538461538
998.0559440559441,675.8426573426574
998.034965034965,675.8391608391609
998.013986013986,675.8356643356643
997.993006993007,675.8321678321678
997.972027972028,675.8286713286714
997.951048951049,675.8251748251748
997.93006993007,675.8216783216783
997.9090909090909,675.8181818181819
997.8881118881119,675.8146853146853
997.8671328671329,675.8111888111888
997.8461538461538,675.8076923076923
997.8251748251748,675.8041958041958
997.8041958041958,675.8006993006993
997.7832167832167,675.7972027972028
997.7622377622378,675.7937062937064
997.7412587412588,675.7902097902098
997.7202797202797,675.7867132867133
997.6993006993007,675.7832167832167
997.6783216783217,675.7797202797203
997.6573426573426,675.7762237762238
997.6363636363636,675.7727272727273
997.6153846153846,675.7692307692307
997.5944055944055,675.7657342657343
997.5734265734266,675.7622377622378
997.5524475524476,675.7587412587412
997.5314685314685,675.7552447552448
997.5104895104895,675.7517482517483
997.4895104895105,675.7482517482517
997.4685314685315,675.7447552447552
997.4475524475524,675.7412587412588
997.4265734265734,675.7377622377622
997.4055944055945,675.7342657342657
997.3846153846154,675.7307692307693
997.3636363636364,675.7272727272727
997.3426573426574,675.7237762237762
997.3216783216783,675.7202797202797
997.3006993006993,675.7167832167833
997.2797202797203,675.7132867132867
997.2587412587412,675.7097902097902
997.2377622377622,675.7062937062936
997.2167832167833,675.7027972027972
997.1958041958042,675.6993006993007
997.1748251748252,675.6958041958042
997.1538461538462,675.6923076923077
997.1328671328671,675.6888111888112
997.1118881118881,675.6853146853147
997.0909090909091,675.6818181818181
997.06993006993,675.6783216783217
997.048951048951,675.6748251748252
997.027972027972,675.6713286713286
997.006993006993,675.6678321678322
996.986013986014,675.6643356643357
996.965034965035,675.6608391608391
996.9440559440559,675.6573426573426
996.9230769230769,675.6538461538462
996.9020979020979,675.6503496503497
996.8811188811189,675.6468531468531
996.8601398601398,675.6433566433567
996.8391608391609,675.6398601398602
996.8181818181819,675.6363636363636
996.7972027972028,675.6328671328671
996.7762237762238,675.6293706293707
996.7552447552448,675.6258741258741
996.7342657342657,675.6223776223776
996.7132867132867,675.6188811188811
996.6923076923077,675.6153846153846
996.6713286713286,675.6118881118881
996.6503496503497,675.6083916083916
996.6293706293707,675.6048951048951
996.6083916083916,675.6013986013986
996.5874125874126,675.5979020979021
996.5664335664336,675.5944055944055
996.5454545454545,675.5909090909091
996.5244755244755,675.5874125874126
996.5034965034965,675.583916083916
996.4825174825174,675.5804195804196
996.4615384615385,675.5769230769231
996.4405594405595,675.5734265734266
996.4195804195804,675.56993006993
996.3986013986014,675.5664335664336
996.3776223776224,675.5629370629371
996.3566433566433,675.5594405594405
996.3356643356643,675.5559440559441
996.3146853146853,675.5524475524476
996.2937062937064,675.548951048951
996.2727272727273,675.5454545454545
996.2517482517483,675.5419580419581
