x,y
1012.9806201550388,648.453488372093
1012.953488372093,648.4883720930233
1012.9263565891473,648.5232558139535
1012.8992248062016,648.5581395348837
1012.8720930232558,648.5930232558139
1012.8449612403101,648.6279069767442
1012.8178294573644,648.6627906976744
1012.7906976744187,648.6976744186046
1012.7635658914729,648.7325581395348
1012.7364341085271,648.7674418604652
1012.7093023255813,648.8023255813954
1012.6821705426356,648.8372093023256
1012.6550387596899,648.8720930232558
1012.6279069767442,648.9069767441861
1012.6007751937984,648.9418604651163
1012.5736434108527,648.9767441860465
1012.546511627907,649.0116279069767
1012.5193798449612,649.046511627907
1012.4922480620155,649.0813953488372
1012.4651162790698,649.1162790697674
1012.437984496124,649.1511627906976
1012.4108527131783,649.1860465116279
1012.3837209302326,649.2209302325581
1012.3565891472869,649.2558139534884
1012.3294573643411,649.2906976744187
1012.3023255813954,649.3255813953489
1012.2751937984497,649.3604651162791
1012.2480620155038,649.3953488372093
1012.2209302325581,649.4302325581396
1012.1937984496124,649.4651162790698
1012.1666666666666,649.5
1012.1395348837209,649.5348837209302
1012.1124031007752,649.5697674418604
1012.0852713178294,649.6046511627907
1012.0581395348837,649.6395348837209
1012.031007751938,649.6744186046511
1012.0038759689922,649.7093023255813
1011.9767441860465,649.7441860465116
1011.9496124031008,649.7790697674419
1011.922480620155,649.8139534883721
1011.8953488372093,649.8488372093024
1011.8682170542636,649.8837209302326
1011.8410852713179,649.9186046511628
1011.8139534883721,649.953488372093
1011.7868217054264,649.9883720930233
1011.7596899224807,650.0232558139535
1011.7325581395348,650.0581395348837
1011.7054263565891,650.0930232558139
1011.6782945736434,650.1279069767442
1011.6511627906976,650.1627906976744
1011.6240310077519,650.1976744186046
1011.5968992248062,650.2325581395348
1011.5697674418604,650.2674418604652
1011.5426356589147,650.3023255813954
1011.515503875969,650.3372093023256
1011.4883720930233,650.3720930232558
1011.4612403100775,650.4069767441861
1011.4341085271318,650.4418604651163
1011.4069767441861,650.4767441860465
1011.3798449612403,650.5116279069767
1011.3527131782946,650.546511627907
1011.3255813953489,650.5813953488372
1011.2984496124031,650.6162790697674
1011.2713178294574,650.6511627906976
1011.2441860465116,650.6860465116279
1011.2170542635658,650.7209302325581
1011.1899224806201,650.7558139534884
1011.1627906976744,650.7906976744187
1011.1356589147287,650.8255813953489
1011.1085271317829,650.8604651162791
1011.0813953488372,650.8953488372093
1011.0542635658915,650.9302325581396
1011.0271317829457,650.9651162790698
1011.0,651.0
1010.9938900203666,651.0081466395112
1010.9877800407332,651.0162932790224
1010.9816700610997,651.0244399185336
1010.9755600814664,651.0325865580448
1010.969450101833,651.040733197556
1010.9633401221996,651.0488798370673
1010.9572301425662,651.0570264765784
1010.9511201629327,651.0651731160896
1010.9450101832994,651.0733197556008
1010.938900203666,651.081466395112
1010.9327902240326,651.0896130346232
1010.9266802443992,651.0977596741344
1010.9205702647657,651.1059063136456
1010.9144602851323,651.1140529531568
1010.908350305499,651.122199592668
1010.9022403258656,651.1303462321792
1010.8961303462322,651.1384928716905
1010.8900203665988,651.1466395112017
1010.8839103869653,651.1547861507129
1010.877800407332,651.162932790224
1010.8716904276986,651.1710794297352
1010.8655804480652,651.1792260692464
1010.8594704684318,651.1873727087576
1010.8533604887983,651.1955193482688
1010.847250509165,651.20366598778
1010.8411405295316,651.2118126272912
