x,y
1138.0,862.0
1125.0,880.0
1125.0,882.0
1119.0,881.0
1119.0,880.0
1119.0,880.0
1118.0,880.0
1118.0,880.0
1118.0,880.0
1118.0,880.0
1118.0,879.0
1118.0,879.0
1118.0,879.0
1118.0,878.0
1122.0,881.0
1122.0,882.0
1122.0,883.0
1122.0,882.0
1122.0,882.0
1151.0,891.0
1151.0,890.0
1151.0,889.0
1119.0,879.0
1127.0,871.0
1127.0,871.0
1126.0,869.0
1139.0,874.0
1156.0,869.0
1155.0,866.0
1155.0,866.0
1155.0,866.0
1155.0,863.0
1155.0,862.0
1153.0,860.0
1128.0,865.0
1130.0,861.0
1129.0,861.0
1129.0,862.0
1134.0,865.0
1125.0,872.0
1128.0,862.0
1136.0,853.0
1134.0,865.0
1131.0,865.0
1134.0,856.0
1135.0,859.0
1138.0,852.0
1139.0,852.0
1138.0,853.0
1133.0,854.0
1132.0,851.0
1132.0,852.0
1133.0,853.0
1132.0,853.0
1135.0,852.0
1131.0,850.0
1131.0,850.0
1134.0,855.0
1134.0,854.0
1134.0,855.0
1136.0,853.0
1130.0,850.0
1129.0,851.0
1130.0,850.0
1130.0,850.0
1131.0,851.0
1130.0,851.0
1130.0,851.0
1130.0,851.0
1132.0,852.0
1133.0,852.0
1131.0,850.0
1131.0,851.0
1132.0,851.0
1133.0,851.0
1132.0,851.0
1132.0,851.0
1131.0,851.0
1131.0,851.0
1131.0,852.0
1129.0,852.0
1131.0,852.0
1129.0,851.0
1128.0,851.0
1135.5,857.5
1143.0,864.0
1142.0,865.0
1144.0,853.0
1143.0,854.0
1140.0,856.0
1140.0,850.0
1134.0,852.0
1108.0,847.0
1122.5,850.5
1137.0,854.0
1138.0,854.0
1139.0,854.0
1139.0,854.0
1139.0,854.0
1139.0,854.0
