x,y
1067.1666666666667,766.1666666666666
1067.1458333333333,766.1458333333334
1067.125,766.125
1067.1041666666667,766.1041666666666
1067.0833333333333,766.0833333333334
1067.0625,766.0625
1067.0416666666667,766.0416666666666
1067.0208333333333,766.0208333333334
1067.0,766.0
1108.0,787.0
1108.0,786.0
1106.0,789.0
1107.0,787.0
1108.0,785.0
1108.0625,785.1875
1108.125,785.375
1108.1875,785.5625
1108.25,785.75
1108.3125,785.9375
1108.375,786.125
1108.4375,786.3125
1108.5,786.5
1108.5625,786.6875
1108.625,786.875
1108.6875,787.0625
1108.75,787.25
1108.8125,787.4375
1108.875,787.625
1108.9375,787.8125
1109.0,788.0
1109.0,788.0
1109.0,788.0
1109.0,788.0
1109.0,788.0
1109.0,788.0
1109.0,788.0
1109.0,788.0
1108.9166666666667,787.8333333333334
1108.8333333333333,787.6666666666666
1108.75,787.5
1108.6666666666667,787.3333333333334
1108.5833333333333,787.1666666666666
1108.5,787.0
1108.4166666666667,786.8333333333334
1108.3333333333333,786.6666666666666
1108.25,786.5
1108.1666666666667,786.3333333333334
1108.0833333333333,786.1666666666666
1108.0,786.0
1110.0,788.0
1110.0,787.0
1110.0,788.0
1110.0,787.0
1110.0,786.0
1110.0,787.0
1110.0,787.0
1109.0,786.0
1110.0,786.0
