x,y
1081.0,770.0
1092.0,775.0
1105.0,785.0
1105.0,785.0
1103.0,786.0
1105.0,786.0
1105.0,785.0
1105.0,786.0
1105.0,786.0
1105.0,786.0
1105.0,786.0
1106.0,786.0
1105.0,786.0
1105.0,786.0
1105.0,786.0
1105.0,786.0
1105.0,786.0
1106.0,786.0
1106.0,786.0
1106.0,786.0
1106.0,786.0
1106.0,787.0
1108.0,787.0
1109.0,788.0
1109.0,788.0
1110.0,788.0
1110.0,788.0
1110.0,788.0
1110.0,788.0
1110.0,788.0
1110.0,787.0
1110.0,787.0
1109.0,786.0
1109.0,786.0
1109.0,785.0
1109.0,785.0
1109.0,786.0
1109.0,786.0
1110.0,786.0
1110.0,786.0
1109.0,786.0
1109.0,786.0
1109.0,786.0
1110.0,786.0
1109.0,786.0
1110.0,785.0
1112.0,783.0
1111.5,784.5
1111.0,786.0
1111.0,789.0
1112.0,790.0
1111.0,789.0
1112.0,789.0
1111.0,789.0
1112.0,789.0
1111.0,789.0
1111.0,789.0
1112.0,789.0
1112.0,789.0
1112.0,789.0
1112.0,789.0
1112.0,789.0
1111.0,789.0
1112.0,789.0
1112.0,789.0
1112.0,789.0
1112.0,789.0
1112.0,789.0
1112.0,789.0
1112.0,789.0
1112.0,789.0
1112.0,789.0
1112.0,789.0
1112.0,789.0
1112.0,789.0
1112.0,789.0
1112.0,789.0
1112.0,789.0
1112.0,788.0
1112.0,788.0
1112.0,788.0
1112.0,789.0
1112.0,789.0
1112.0,790.0
1112.0,790.0
1112.0,790.0
1112.0,790.0
1112.0,790.0
1111.0,790.0
1112.0,789.0
1112.0,790.0
1112.0,790.0
1112.0,790.0
1112.0,790.0
1111.0,790.0
1111.0,790.0
1112.0,790.0
1112.0,790.0
1112.0,791.0
1112.0,791.0
