x,y
698.0,580.0
689.0,563.0
682.0,566.0
686.0,552.0
672.75,546.25
659.5,540.5
646.25,534.75
633.0,529.0
625.0,519.0
633.0,519.0
622.0,511.0
625.5,516.0
629.0,521.0
632.5,526.0
636.0,531.0
627.0,515.0
627.1428571428571,514.4285714285714
627.2857142857143,513.8571428571429
627.4285714285714,513.2857142857143
627.5714285714286,512.7142857142857
627.7142857142857,512.1428571428571
627.8571428571429,511.57142857142856
628.0,511.0
628.0,507.0
628.0,503.0
641.0,499.0
633.0,509.0
628.0,498.0
623.0,512.0
617.0,512.0
620.0,508.0
626.0,499.0
633.0,508.0
626.0,512.0
634.0,526.0
635.0,530.0
644.0,544.0
663.0,558.0
670.0,556.0
684.0,554.0
671.0,551.0
676.0,550.0
687.0,562.0
686.0,566.0
689.0,587.0
711.0,604.0
723.0,617.0
727.0,619.0
729.0,610.0
722.0,597.0
706.0,585.0
698.0,574.0
695.0,572.0
704.0,579.0
708.0,586.0
692.0,591.0
680.0,578.0
672.0,577.0
672.0,561.0
681.0,545.0
665.6666666666666,540.3333333333334
650.3333333333334,535.6666666666666
635.0,531.0
623.0,512.0
630.0,500.0
624.0,505.0
622.0,509.0
615.0,509.0
613.0,512.0
624.0,521.0
624.0,524.0
630.0,530.0
599.0,529.5
568.0,529.0
537.0,528.5
506.0,528.0
506.0,530.0
493.0,506.0
437.0,450.0
433.0,406.0
437.0,382.0
437.0,401.0
456.0,476.0
510.0,527.0
523.0,543.0
523.0,543.0
523.0,543.0
523.0,543.0
523.0,543.0
523.0,543.0
523.0,543.0
523.0,543.0
523.0,543.0
523.0,543.0
523.0,543.0
523.0,543.0
523.0,543.0
523.0,543.0
523.0,543.0
523.0,543.0
