x,y
10.0,70.0
16.0,97.0
34.0,104.0
38.0,106.0
37.0,110.0
25.0,107.0
15.0,106.0
9.0,94.0
5.0,71.0
0.0,56.0
1.0,39.0
3.0,20.0
6.0,9.0
4.0,3.0
6.0,2.8823529411764706
8.0,2.764705882352941
10.0,2.6470588235294117
12.0,2.5294117647058822
14.0,2.411764705882353
16.0,2.2941176470588234
18.0,2.1764705882352944
20.0,2.0588235294117645
22.0,1.9411764705882353
24.0,1.8235294117647058
26.0,1.7058823529411764
28.0,1.5882352941176472
30.0,1.4705882352941178
32.0,1.3529411764705883
34.0,1.2352941176470589
36.0,1.1176470588235294
38.0,1.0
55.0,5.0
68.0,10.0
79.0,15.0
102.0,25.0
99.0,41.0
104.0,40.0
106.0,60.0
91.0,71.0
64.0,77.0
66.0,89.0
69.0,96.0
69.0,99.0
76.0,99.0
95.0,91.0
122.0,86.0
157.0,85.0
175.0,71.0
198.0,61.0
215.0,55.0
224.0,56.0
227.0,67.0
231.0,79.0
219.0,90.0
198.0,89.0
176.0,79.0
162.0,65.0
150.0,35.0
143.0,25.0
139.0,16.0
130.0,15.0
125.0,14.0
133.0,13.0
141.0,10.0
140.0,12.0
138.0,11.0
126.0,16.0
121.0,15.0
122.0,12.0
124.0,10.0
125.0,9.0
127.0,8.0
136.0,5.0
140.0,3.0
145.0,2.0
149.0,2.0
150.0,1.0
187.0,6.0
194.0,3.0
196.0,1.0
207.0,3.0
215.0,5.0
220.0,5.0
222.0,3.0
224.0,0.0
223.22222222222223,0.037037037037037035
222.44444444444446,0.07407407407407407
221.66666666666666,0.1111111111111111
220.88888888888889,0.14814814814814814
220.11111111111111,0.18518518518518517
219.33333333333334,0.2222222222222222
218.55555555555554,0.25925925925925924
217.77777777777777,0.2962962962962963
217.0,0.3333333333333333
216.22222222222223,0.37037037037037035
215.44444444444446,0.4074074074074074
214.66666666666666,0.4444444444444444
213.88888888888889,0.48148148148148145
213.11111111111111,0.5185185185185185
212.33333333333334,0.5555555555555556
