x,y
470.0,326.0
456.0,327.0
445.0,331.0
449.0,338.0
436.0,333.0
441.0,340.0
437.0,339.0
437.0,329.0
444.0,325.0
449.0,324.0
458.0,312.0
475.0,313.0
461.0,311.0
471.0,307.0
472.0,309.0
466.0,302.0
477.0,300.0
487.0,309.0
477.0,306.0
471.0,306.0
481.0,297.0
483.0,292.0
479.0,295.0
487.0,286.0
486.0,285.0
469.0,285.0
477.0,283.0
467.0,291.0
462.0,290.0
463.0,296.0
458.0,295.0
466.0,297.0
474.0,309.0
469.0,306.0
474.0,299.0
483.0,304.0
479.0,302.0
469.0,297.0
475.0,293.0
476.0,305.0
462.0,304.0
469.0,300.0
476.0,301.0
478.0,313.0
465.0,310.0
475.0,314.0
475.0,318.0
471.0,321.0
481.0,318.0
482.0,334.0
486.0,333.0
489.0,336.0
491.0,339.0
487.0,346.0
492.0,348.0
496.0,344.0
497.0,345.0
495.0,343.0
489.0,350.0
495.0,344.0
495.0,343.0
497.0,344.0
497.0,345.0
498.0,345.0
498.0,345.0
492.0,352.0
493.0,348.0
494.0,346.0
494.0,344.0
494.0,344.0
495.0,343.0
495.0,344.0
494.0,344.0
495.0,344.0
495.0,344.0
495.0,344.0
495.0,344.0
495.0,344.0
495.0,345.0
497.0,346.0
497.0,346.0
497.0,346.0
498.0,347.0
500.0,346.0
500.0,347.0
501.0,347.0
500.0,348.0
501.0,348.0
501.0,348.0
501.0,347.0
502.0,346.0
503.0,345.0
502.0,346.0
503.0,347.0
502.0,348.0
503.0,348.0
502.0,348.0
503.0,348.0
504.0,349.0
504.0,349.0
