x,y
1085.0,1014.0
1071.0,986.0
1053.0,957.0
1018.0,941.0
987.0,926.0
966.0,918.0
965.0,925.0
974.0,930.0
983.0,924.0
993.0,936.0
1008.0,963.0
1024.0,986.0
1030.0,1006.0
1034.0,1053.0
1053.0,1063.0
1073.0,1066.0
1101.0,1065.0
1136.0,1043.0
1159.0,1018.0
1182.0,997.0
1199.0,983.0
1212.0,968.0
1216.0,953.0
1218.0,938.0
1230.0,925.0
1241.0,910.0
1252.0,899.0
1263.0,886.0
1271.0,885.0
1282.0,894.0
1300.0,917.0
1317.0,943.0
1324.0,948.0
1316.0,930.0
1304.0,922.0
1290.0,900.0
1292.0,903.0
1300.0,893.0
1304.0,879.0
1301.0,841.0
1304.0,832.0
1315.0,846.0
1319.0,860.0
1322.0,873.0
1298.0,851.0
1297.0,828.0
1292.0,812.0
1305.0,768.0
1324.0,739.0
1337.0,700.0
1361.0,694.0
1375.0,665.0
1395.0,644.0
1395.0,610.0
1387.0,575.0
1392.0,545.0
1402.0,509.0
1398.0,477.0
1389.0,433.0
1369.0,410.0
1370.0,417.0
1383.0,419.0
1395.0,425.0
1416.0,441.0
1428.0,456.0
1426.0,457.0
1409.0,448.0
1397.0,437.0
1395.0,437.0
1398.0,435.0
1395.0,426.0
1400.0,427.0
1408.0,436.0
1413.0,438.0
1425.0,453.0
1428.0,456.0
1432.0,452.0
1424.0,448.0
1412.0,435.0
1401.0,423.0
1386.0,418.0
1380.0,412.0
1372.0,406.0
1376.0,393.0
1375.0,393.0
1372.0,384.0
1371.0,375.0
1374.0,358.0
1378.0,336.0
1376.0,313.0
1372.0,287.0
1365.0,273.0
1357.0,239.0
1369.0,217.0
1383.0,188.0
1418.0,157.0
1445.0,119.0
1470.0,86.0
1507.0,53.0
1533.0,19.0
