x,y
905.0,581.0
904.0,581.0
904.0,581.0
904.0,581.0
903.0,581.0
903.0,581.0
891.0,572.0
903.0,580.0
906.0,583.0
904.0,583.0
904.0,585.0
904.0,587.0
903.0,586.0
903.0,586.0
903.0,586.0
902.0,585.0
903.0,585.0
902.0,585.0
902.0,585.0
903.0,585.0
902.0,586.0
902.0,586.0
902.0,586.0
902.0,586.0
902.0,586.0
903.0,586.0
903.0,586.0
902.0,586.0
902.0,586.0
903.0,586.0
902.0,585.0
902.0,586.0
902.0,585.0
902.0,586.0
902.0,586.0
902.0,586.0
902.0,586.0
902.0,586.0
902.0,586.0
901.0,586.0
901.0,586.0
900.0,586.0
899.0,587.0
898.5,587.5
898.0,588.0
898.0,590.0
897.0,592.0
897.0,591.0
897.0,592.0
896.0,592.0
897.0,591.0
896.0,592.0
897.0,591.0
897.0,591.0
897.0,592.0
897.0,591.0
896.0,592.0
896.0,592.0
896.0,592.0
896.0,592.0
895.0,593.0
895.0,593.0
895.0,593.0
895.0,593.0
894.0,594.0
894.0,594.0
894.0,595.0
894.0,594.0
894.0,595.0
895.0,593.0
896.0,593.0
898.0,592.0
900.0,591.0
901.0,592.0
900.0,592.0
898.0,594.0
899.0,593.0
899.0,592.0
899.0,592.0
900.0,593.0
894.5,583.5
889.0,574.0
885.0,580.0
884.0,580.0
883.0,581.0
901.0,589.0
902.25,589.5
903.5,590.0
904.75,590.5
906.0,591.0
909.0,590.0
912.0,586.0
914.0,586.0
916.0,585.0
915.0,586.0
916.0,586.0
912.5,585.5
909.0,585.0
910.0,588.5
911.0,592.0
