x,y
583.0,390.0
579.0,388.0
577.0,386.0
577.0,384.0
578.0,385.0
582.0,384.0
579.0,383.0
577.0,381.0
573.0,381.0
573.0,382.0
573.0,377.0
570.0,377.0
572.0,379.0
566.0,380.0
565.0,380.0
563.0,381.0
561.0,381.0
562.0,381.0
563.0,375.0
562.0,371.0
562.0,378.0
554.0,375.0
546.0,370.0
541.0,370.0
544.0,366.0
542.0,358.0
547.0,359.0
546.0,359.0
544.0,359.0
536.0,363.0
528.0,364.0
527.675,364.95
527.35,365.9
527.025,366.85
526.7,367.8
526.375,368.75
526.05,369.7
525.725,370.65
525.4,371.6
525.075,372.55
524.75,373.5
524.425,374.45
524.1,375.4
523.775,376.35
523.45,377.3
523.125,378.25
522.8,379.2
522.475,380.15
522.15,381.1
521.825,382.05
521.5,383.0
521.175,383.95
520.85,384.9
520.525,385.85
520.2,386.8
519.875,387.75
519.55,388.7
519.225,389.65
518.9,390.6
518.575,391.55
518.25,392.5
517.925,393.45
517.6,394.4
517.275,395.35
516.95,396.3
516.625,397.25
516.3,398.2
515.975,399.15
515.65,400.1
515.325,401.05
515.0,402.0
517.0,399.0
518.0,399.0
519.0,402.0
518.0,405.0
517.0,408.0
516.0,411.0
515.0,414.0
514.0,413.0
515.3333333333334,414.6666666666667
516.6666666666666,416.3333333333333
518.0,418.0
512.0,416.0
521.0,420.0
518.0,417.5
515.0,415.0
513.0,415.0
518.0,423.0
518.5,421.75
519.0,420.5
519.5,419.25
520.0,418.0
520.0,419.0
521.0,420.0
521.0,419.0
521.0,419.0
521.0,420.0
521.0,420.0
522.0,421.0
523.0,420.0
