x,y
1029.923076923077,302.7692307692308
1030.5384615384614,303.61538461538464
1031.1538461538462,304.46153846153845
1031.7692307692307,305.3076923076923
1032.3846153846155,306.15384615384613
1033.0,307.0
1033.6153846153845,307.84615384615387
1034.2307692307693,308.6923076923077
1034.8461538461538,309.53846153846155
1035.4615384615386,310.38461538461536
1036.076923076923,311.2307692307692
1036.6923076923076,312.0769230769231
1037.3076923076924,312.9230769230769
1037.923076923077,313.7692307692308
1038.5384615384614,314.61538461538464
1039.1538461538462,315.46153846153845
1039.7692307692307,316.3076923076923
1040.3846153846155,317.15384615384613
1041.0,318.0
1041.0,318.0
1042.0,319.0
1041.0,319.0
1041.1666666666667,319.1666666666667
1041.3333333333333,319.3333333333333
1041.5,319.5
1041.6666666666667,319.6666666666667
1041.8333333333333,319.8333333333333
1042.0,320.0
1041.0,320.0
1042.0,320.0
1041.0,320.0
1042.0,320.0
1041.0,319.0
1041.0,320.0
1041.0,320.0
1042.0,320.0
1043.0,322.0
1063.0,354.0
1063.0,355.0
1062.0,356.0
1062.0,355.0
1064.0,357.0
1067.0,359.0
1068.0,359.25
1069.0,359.5
1070.0,359.75
1071.0,360.0
1103.3333333333333,362.3333333333333
1135.6666666666667,364.6666666666667
1168.0,367.0
1169.0,367.0
1168.0,366.0
1168.98,367.74
1169.96,369.48
1170.94,371.22
1171.92,372.96
1172.9,374.7
1173.88,376.44
1174.86,378.18
1175.84,379.92
1176.82,381.66
1177.8,383.4
1178.78,385.14
1179.76,386.88
1180.74,388.62
1181.72,390.36
1182.7,392.1
1183.68,393.84
1184.66,395.58
1185.64,397.32
1186.62,399.06
1187.6,400.8
1188.58,402.54
1189.56,404.28
1190.54,406.02
1191.52,407.76
1192.5,409.5
1193.48,411.24
1194.46,412.98
1195.44,414.72
1196.42,416.46
1197.4,418.2
1198.38,419.94
1199.36,421.68
1200.34,423.42
1201.32,425.15999999999997
1202.3,426.9
1203.28,428.64
1204.26,430.38
1205.24,432.12
1206.22,433.86
1207.2,435.6
1208.18,437.34000000000003
1209.16,439.08
1210.14,440.82
1211.12,442.56
1212.1,444.3
1213.08,446.04
1214.06,447.78
1215.04,449.52
