x,y
529.0,580.0
526.0,589.0
523.0,598.0
512.0,611.0
511.0,612.0
497.0,610.0
483.0,612.0
471.0,616.0
462.0,625.0
450.0,648.0
444.0,653.0
434.0,656.0
433.0,666.0
429.0,671.0
429.0,684.0
425.0,703.0
428.0,720.0
415.0,732.0
405.0,739.0
398.0,739.0
401.0,729.0
397.0,723.0
410.0,715.0
423.0,718.0
434.0,730.0
446.0,736.0
472.0,744.0
480.0,743.0
480.0,742.0
474.0,732.0
450.0,726.0
439.0,725.0
442.0,725.0
449.0,733.0
462.0,739.0
474.0,745.0
477.0,756.0
470.0,763.0
462.0,783.0
455.0,798.0
456.0,825.0
460.0,844.0
490.0,872.0
511.0,883.0
519.0,877.0
521.0,870.0
518.0,857.0
521.0,846.0
527.0,840.0
534.0,825.0
539.0,820.0
537.0,810.0
540.0,813.0
529.0,811.0
527.0,792.0
528.0,764.0
526.0,738.0
526.0,708.0
516.0,702.0
507.0,698.0
498.0,705.0
497.0,703.0
489.0,702.0
457.0,694.0
444.0,682.0
438.0,688.0
433.0,694.0
437.0,699.0
445.0,701.0
460.0,706.0
479.0,715.0
487.0,719.0
496.0,731.0
511.0,740.0
524.0,741.0
524.0,751.0
524.0,757.0
520.0,759.0
514.0,755.0
510.0,749.0
513.0,748.0
511.0,750.0
523.0,753.0
530.0,754.0
535.0,757.0
523.0,758.0
526.0,757.0
513.0,753.0
503.0,750.0
510.0,751.0
506.0,758.0
502.0,762.0
498.0,772.0
490.0,784.0
492.6666666666667,783.3333333333334
495.3333333333333,782.6666666666666
498.0,782.0
492.0,776.0
496.0,783.0
494.0,789.0
