x,y
292.0,759.0
582.0,555.0
875.0,371.0
1172.0,204.0
1489.0,101.0
1828.0,71.0
1834.142857142857,75.64285714285714
1840.2857142857142,80.28571428571429
1846.4285714285713,84.92857142857143
1852.5714285714287,89.57142857142857
1858.7142857142858,94.21428571428572
1864.857142857143,98.85714285714286
1871.0,103.5
1877.142857142857,108.14285714285714
1883.2857142857142,112.78571428571429
1889.4285714285713,117.42857142857143
1895.5714285714287,122.07142857142858
1901.7142857142858,126.71428571428572
1907.857142857143,131.35714285714286
1914.0,136.0
