x,y
672.0,837.0
624.0,618.0
546.0,391.0
480.0,165.0
478.1621621621622,162.35135135135135
476.3243243243243,159.7027027027027
474.4864864864865,157.05405405405406
472.64864864864865,154.40540540540542
470.81081081081084,151.75675675675674
468.97297297297297,149.1081081081081
467.13513513513516,146.45945945945945
465.2972972972973,143.8108108108108
463.4594594594595,141.16216216216216
461.6216216216216,138.51351351351352
459.7837837837838,135.86486486486487
457.94594594594594,133.21621621621622
456.1081081081081,130.56756756756755
454.27027027027026,127.91891891891892
452.43243243243245,125.27027027027026
450.5945945945946,122.62162162162161
448.7567567567568,119.97297297297297
446.9189189189189,117.32432432432432
445.0810810810811,114.67567567567568
443.2432432432432,112.02702702702703
441.4054054054054,109.37837837837839
439.56756756756755,106.72972972972973
437.72972972972974,104.08108108108108
435.8918918918919,101.43243243243244
434.05405405405406,98.78378378378379
432.2162162162162,96.13513513513513
430.3783783783784,93.48648648648648
428.5405405405405,90.83783783783784
426.7027027027027,88.1891891891892
424.86486486486484,85.54054054054053
423.02702702702703,82.89189189189189
421.18918918918916,80.24324324324324
419.35135135135135,77.5945945945946
417.5135135135135,74.94594594594595
415.6756756756757,72.29729729729729
413.8378378378378,69.64864864864865
412.0,67.0
411.0,66.0
398.0,62.0
395.5,62.5
393.0,63.0
394.0,62.0
399.0,63.0
401.6,63.4
404.2,63.8
406.8,64.2
409.4,64.6
412.0,65.0
410.0,67.0
409.8,67.0
409.6,67.0
409.4,67.0
409.2,67.0
409.0,67.0
414.0,65.0
414.0,65.0
424.09090909090907,62.63636363636363
434.1818181818182,60.27272727272727
444.27272727272725,57.90909090909091
454.3636363636364,55.54545454545455
464.45454545454544,53.18181818181818
474.54545454545456,50.81818181818181
484.6363636363636,48.45454545454545
494.72727272727275,46.09090909090909
504.8181818181818,43.72727272727273
514.9090909090909,41.36363636363636
525.0,39.0
525.0,39.0
