x,y
226.0,549.0
226.0,550.0
226.0,550.0
226.0,549.0
225.0,548.0
225.0,547.0
225.0,547.0
224.0,546.0
224.0,546.0
224.0,546.0
225.0,545.0
226.0,545.0
224.0,545.0
226.0,547.0
224.0,544.0
224.0,544.0
225.0,543.0
225.0,543.0
226.0,542.0
226.0,543.0
225.0,543.0
225.0,542.0
222.0,539.0
222.0,539.0
220.0,537.0
223.0,539.0
224.0,542.0
224.0,543.0
223.0,541.0
223.0,538.0
222.0,530.0
223.0,529.0
226.0,530.0
226.0,530.0
224.0,530.0
222.0,538.0
223.0,537.0
223.0,536.0
225.0,539.0
226.0,539.0
226.0,540.0
223.0,545.0
222.0,544.0
227.0,546.0
232.0,545.0
222.0,539.0
223.0,538.0
223.0,538.0
223.0,538.0
223.0,537.0
220.0,536.0
220.0,537.0
166.0,579.0
154.0,579.0
142.0,577.0
130.0,584.0
121.0,591.0
108.0,600.0
95.0,614.0
103.0,621.0
110.0,625.0
124.0,629.0
130.0,628.0
132.0,629.0
131.0,637.0
130.0,649.0
122.0,653.0
116.0,659.0
114.0,659.0
113.0,663.0
111.0,667.0
108.0,669.0
104.0,671.0
