x,y
433.0,238.0
432.0,239.0
432.0,239.0
432.0,239.0
432.0,240.0
432.0,239.0
432.0,239.0
432.0,240.0
432.0,239.0
432.0,239.0
432.0,239.0
432.0,239.0
432.0,239.0
433.0,241.0
434.0,245.0
433.0,241.0
432.0,240.0
433.0,241.0
432.0,241.0
434.0,246.0
435.0,246.0
434.0,246.0
434.0,247.0
436.0,249.0
434.0,250.0
435.0,250.0
435.0,251.0
435.0,251.0
435.0,250.0
435.0,251.0
435.0,251.0
434.0,250.0
434.0,251.0
434.0,251.0
434.0,251.0
434.0,251.0
438.0,251.0
434.0,251.0
434.0,251.0
435.0,252.0
434.0,252.0
435.0,252.0
435.0,252.0
434.0,252.0
434.0,253.0
435.0,254.0
434.0,254.0
434.0,254.0
434.0,255.0
434.0,254.0
434.0,255.0
434.0,255.0
434.0,255.0
434.0,255.0
433.0,255.0
435.0,257.0
436.0,257.0
436.0,256.0
437.0,256.0
438.0,255.0
439.0,255.0
439.0,255.0
439.0,255.0
439.0,255.0
439.0,256.0
439.0,255.0
439.0,256.0
439.0,256.0
439.0,256.0
439.0,256.0
439.0,256.0
439.0,256.0
439.0,256.0
439.0,256.0
439.0,256.0
439.0,256.0
439.0,257.0
438.0,257.0
438.0,257.0
438.0,257.0
439.0,256.0
438.0,256.0
439.0,257.0
438.0,257.0
438.0,257.0
439.0,258.0
438.0,258.0
439.0,258.0
439.0,259.0
439.0,259.0
439.0,259.0
439.0,260.0
439.0,260.0
439.0,260.0
439.0,263.0
441.0,263.0
440.0,262.0
436.0,264.0
438.0,265.0
435.0,265.0
