x,y
458.0,358.0
456.0,358.0
455.0,359.0
452.0,361.0
455.0,360.0
454.0,360.0
455.0,358.0
458.0,359.0
454.0,362.0
454.0,360.0
454.0,358.0
456.0,359.0
456.0,349.0
462.0,344.0
457.0,345.0
449.0,348.0
459.0,351.0
452.0,356.0
450.0,357.0
458.0,359.0
450.0,356.0
462.0,356.0
470.0,360.0
473.0,365.0
477.0,367.0
477.0,368.0
475.0,359.0
478.0,356.0
478.75,354.5
479.5,353.0
480.25,351.5
481.0,350.0
480.0,350.0
479.9763779527559,349.98818897637796
479.9527559055118,349.9763779527559
479.92913385826773,349.96456692913387
479.90551181102364,349.9527559055118
479.88188976377955,349.9409448818898
479.8582677165354,349.92913385826773
479.8346456692913,349.9173228346457
479.81102362204723,349.90551181102364
479.78740157480314,349.8937007874016
479.76377952755905,349.88188976377955
479.74015748031496,349.87007874015745
479.7165354330709,349.8582677165354
479.6929133858268,349.84645669291336
479.6692913385827,349.8346456692913
479.6456692913386,349.8228346456693
479.62204724409446,349.81102362204723
479.59842519685037,349.7992125984252
479.5748031496063,349.78740157480314
479.5511811023622,349.7755905511811
479.5275590551181,349.76377952755905
479.503937007874,349.751968503937
479.4803149606299,349.74015748031496
479.45669291338584,349.7283464566929
479.43307086614175,349.7165354330709
479.40944881889766,349.70472440944883
479.38582677165357,349.6929133858268
479.3622047244094,349.68110236220474
479.33858267716533,349.6692913385827
479.31496062992125,349.65748031496065
479.29133858267716,349.6456692913386
479.26771653543307,349.63385826771656
479.244094488189,349.62204724409446
479.2204724409449,349.6102362204724
479.1968503937008,349.59842519685037
479.1732283464567,349.5866141732283
479.1496062992126,349.5748031496063
479.12598425196853,349.56299212598424
479.1023622047244,349.5511811023622
479.0787401574803,349.53937007874015
479.0551181102362,349.5275590551181
479.0314960629921,349.51574803149606
479.00787401574803,349.503937007874
478.98425196850394,349.49212598425197
478.96062992125985,349.4803149606299
478.93700787401576,349.4685039370079
478.9133858267717,349.45669291338584
478.8897637795276,349.4448818897638
478.86614173228344,349.43307086614175
478.84251968503935,349.4212598425197
478.81889763779526,349.40944881889766
478.79527559055117,349.3976377952756
478.7716535433071,349.38582677165357
478.748031496063,349.37401574803147
478.7244094488189,349.3622047244094
478.7007874015748,349.3503937007874
478.6771653543307,349.33858267716533
478.65354330708664,349.3267716535433
478.62992125984255,349.31496062992125
478.6062992125984,349.3031496062992
478.5826771653543,349.29133858267716
478.5590551181102,349.2795275590551
478.53543307086613,349.26771653543307
478.51181102362204,349.255905511811
478.48818897637796,349.244094488189
478.46456692913387,349.23228346456693
478.4409448818898,349.2204724409449
478.4173228346457,349.20866141732284
