x,y
613.0,782.0
628.0,790.0
649.0,798.0
668.0,806.0
687.0,816.0
703.0,824.0
724.0,832.0
732.0,845.0
742.0,851.0
753.0,864.0
775.0,868.0
795.0,881.0
813.0,897.0
827.0,906.0
841.0,918.0
844.0,921.0
849.0,925.0
849.0,933.0
849.0,944.0
843.0,955.0
833.0,957.0
825.0,956.0
829.0,959.0
833.0,958.0
841.0,968.0
845.0,960.0
837.0,957.0
829.0,965.0
817.0,968.0
812.0,971.0
806.0,973.0
802.0,975.0
802.0,977.0
801.0,976.0
800.0,974.0
800.0,975.0
799.0,974.0
799.0,975.0
800.0,976.0
801.0,976.0
798.0,977.0
798.0,976.0
798.0,977.0
798.0,977.0
797.0,976.0
797.0,976.0
798.0,976.0
797.0,975.0
798.0,977.0
799.0,977.0
798.0,978.0
798.0,978.0
798.0,979.0
799.0,978.0
799.0,977.0
798.0,977.0
797.0,976.0
795.0,975.0
794.0,975.0
792.0,974.3888888888889
790.0,973.7777777777778
788.0,973.1666666666666
786.0,972.5555555555555
784.0,971.9444444444445
782.0,971.3333333333334
780.0,970.7222222222222
778.0,970.1111111111111
776.0,969.5
774.0,968.8888888888889
772.0,968.2777777777778
770.0,967.6666666666666
768.0,967.0555555555555
766.0,966.4444444444445
764.0,965.8333333333334
762.0,965.2222222222222
760.0,964.6111111111111
758.0,964.0
758.0,964.0
758.0,964.0
758.0,964.0
759.0,964.0
758.0,964.0
758.0,964.0
758.0,964.0
758.0,964.0
758.0,964.0
758.0,963.0
758.0,963.0
758.0,963.0
756.5384615384615,961.7692307692307
755.0769230769231,960.5384615384615
753.6153846153846,959.3076923076923
752.1538461538462,958.0769230769231
750.6923076923077,956.8461538461538
749.2307692307693,955.6153846153846
747.7692307692307,954.3846153846154
746.3076923076923,953.1538461538462
744.8461538461538,951.9230769230769
743.3846153846154,950.6923076923077
741.9230769230769,949.4615384615385
