x,y
1095.0,156.0
1091.0,166.0
1086.0,175.0
1079.0,198.0
1077.0,215.0
1081.0,222.0
1093.0,228.0
1104.0,234.0
1110.0,234.0
1116.0,245.0
1125.0,254.0
1139.0,265.0
1162.0,279.0
1172.0,283.0
1173.0,301.0
1194.0,318.0
1194.0,324.0
1178.0,334.0
1176.0,351.0
1157.0,363.0
1132.0,359.0
1111.0,335.0
1079.0,327.0
1062.0,370.0
1051.0,376.0
1035.0,366.0
1011.0,360.0
1000.0,355.0
996.0,351.0
1017.0,371.0
1021.0,373.0
1028.0,387.0
1030.0,398.0
1033.0,408.0
1038.0,432.0
1034.0,453.0
1038.0,491.0
1035.0,542.0
1026.0,565.0
1015.0,611.0
988.5,645.0
962.0,679.0
926.0,697.0
889.0,706.0
849.0,735.0
829.0,770.0
827.0,816.0
859.0,853.0
896.0,895.0
923.0,926.0
939.0,958.0
955.0,1015.0
913.0,1048.0
