x,y
211.17241379310346,503.86206896551727
210.10344827586206,503.51724137931035
209.0344827586207,503.17241379310343
207.9655172413793,502.82758620689657
206.89655172413794,502.48275862068965
205.82758620689654,502.13793103448273
204.75862068965517,501.7931034482759
203.68965517241378,501.44827586206895
202.6206896551724,501.1034482758621
201.55172413793105,500.7586206896552
200.48275862068965,500.41379310344826
199.41379310344828,500.0689655172414
198.3448275862069,499.7241379310345
197.27586206896552,499.37931034482756
196.20689655172413,499.0344827586207
195.13793103448276,498.6896551724138
194.0689655172414,498.3448275862069
193.0,498.0
197.0,501.0
181.0,501.0
176.0,496.0
180.0,492.0
177.0,486.0
179.0,485.0
183.0,482.0
181.0,480.5
179.0,479.0
178.0,483.0
181.0,482.0
182.0,478.0
175.0,471.0
170.0,470.0
173.0,469.0
174.0,470.0
173.0,465.0
172.0,466.0
171.0,465.0
169.0,462.0
169.0,463.0
168.0,463.0
168.0,462.0
167.0,462.0
167.0,462.0
166.0,462.0
166.0,461.0
166.0,462.0
164.0,462.0
163.0,462.0
161.0,460.0
161.0,460.0
160.0,459.0
160.0,460.0
160.0,460.0
160.0,460.0
160.0,460.0
158.0,460.0
157.0,460.0
155.0,457.0
155.0,455.0
158.0,456.0
158.0,456.0
160.0,455.0
160.0,454.0
160.0,448.0
159.0,449.0
164.0,455.0
159.0,453.0
164.0,460.0
155.0,464.0
158.0,465.0
158.0,469.0
155.0,473.0
160.0,471.0
158.0,480.0
164.0,480.0
167.0,477.0
175.0,482.0
179.0,478.0
182.0,483.0
193.0,474.0
196.0,478.0
162.0,514.0
155.0,523.0
146.0,534.0
132.0,539.0
120.0,546.0
118.0,547.0
109.0,546.0
111.08695652173913,550.304347826087
113.17391304347827,554.6086956521739
115.26086956521739,558.9130434782609
117.34782608695652,563.2173913043479
119.43478260869566,567.5217391304348
121.52173913043478,571.8260869565217
123.6086956521739,576.1304347826087
125.69565217391305,580.4347826086956
127.78260869565217,584.7391304347826
129.8695652173913,589.0434782608695
131.95652173913044,593.3478260869565
134.04347826086956,597.6521739130435
