x,y
1374.0,509.5
1373.3,509.75
1372.6,510.0
1371.9,510.25
1371.2,510.5
1370.5,510.75
1369.8,511.0
1369.1,511.25
1368.4,511.5
1367.7,511.75
1367.0,512.0
1368.0,512.0
1367.6666666666667,512.3333333333334
1367.3333333333333,512.6666666666666
1367.0,513.0
1367.0,513.0
1367.0,513.0
1367.0,513.0
1367.25,513.0
1367.5,513.0
1367.75,513.0
1368.0,513.0
1367.5,515.05
1367.0,517.1
1366.5,519.15
1366.0,521.2
1365.5,523.25
1365.0,525.3
1364.5,527.35
1364.0,529.4
1363.5,531.45
1363.0,533.5
1362.5,535.55
1362.0,537.6
1361.5,539.65
1361.0,541.7
1360.5,543.75
1360.0,545.8
1359.5,547.85
1359.0,549.9
1358.5,551.95
1358.0,554.0
1358.0,555.0
1358.0,554.0
1357.0,556.0
1356.0,555.0
1352.0,554.0
1352.0,554.0
1349.0,551.0
1348.0,551.0
1348.0,551.0
1347.0,551.0
1346.0,550.0
1344.0,550.0
1344.0,550.0
1343.0,550.0
1342.0,549.0
1342.0,548.0
1342.0,548.0
1343.0,546.0
1342.0,547.0
1341.0,544.0
1345.0,546.0
1342.0,544.0
1343.0,542.0
1341.0,542.0
1341.0,542.0
1341.0,540.0
1340.0,540.0
1341.0,542.0
1341.0,542.0
1335.0,539.0
1335.0,538.0
1333.0,541.0
1333.0,539.0
1334.0,536.0
1338.0,536.0
1342.0,529.0
1345.0,524.0
1340.0,534.0
1339.0,534.0
1339.0,537.0
1340.0,537.0
1339.0,538.0
1341.0,537.0
1340.0,537.0
1340.0,538.0
1340.0,538.0
1341.0,537.0
1339.0,535.0
1339.0,535.0
1340.0,535.0
1341.0,535.0
1341.0,536.0
1344.0,548.0
1345.0,550.0
1345.0,550.0
1343.0,546.0
1344.0,547.0
1344.0,548.0
