x,y
908.2857142857143,607.7142857142857
908.1428571428571,607.8571428571429
908.0,608.0
910.0,606.0
909.0,606.5
908.0,607.0
910.0,606.0
911.4347826086956,617.7826086956521
912.8695652173913,629.5652173913044
914.304347826087,641.3478260869565
915.7391304347826,653.1304347826087
917.1739130434783,664.9130434782609
918.6086956521739,676.695652173913
920.0434782608696,688.4782608695652
921.4782608695652,700.2608695652174
922.9130434782609,712.0434782608695
924.3478260869565,723.8260869565217
925.7826086956521,735.6086956521739
927.2173913043479,747.3913043478261
928.6521739130435,759.1739130434783
930.0869565217391,770.9565217391305
931.5217391304348,782.7391304347826
932.9565217391304,794.5217391304348
934.3913043478261,806.304347826087
935.8260869565217,818.0869565217391
937.2608695652174,829.8695652173913
938.695652173913,841.6521739130435
940.1304347826087,853.4347826086956
941.5652173913044,865.2173913043478
943.0,877.0
920.0,918.0
887.0,943.0
871.0,977.0
874.0,1037.0
