x,y
809.0,800.0
810.0,801.0
810.0,801.0
809.0,801.0
811.0,801.0
810.0,801.0
810.0,801.0
811.0,801.0
811.0,800.0
811.0,800.0
812.0,801.0
812.0,800.0
812.0,800.0
812.0,800.0
810.0,799.0
810.0,798.0
810.0,798.0
810.0,798.0
810.0,797.0
810.0,796.0
810.0,797.0
810.0,797.0
809.0,796.0
809.0,796.0
809.0,796.0
809.0,796.0
810.0,796.0
810.0,796.0
811.0,796.0
809.0,795.0
811.0,796.0
811.0,797.0
812.0,798.0
812.0,797.0
812.0,797.0
812.0,796.0
812.0,795.0
812.0,796.0
813.0,795.0
813.0,796.0
813.0,797.0
813.0,796.0
813.0,796.0
813.0,796.0
813.0,796.0
813.0,796.0
814.0,796.0
814.0,796.0
814.0,796.0
814.0,797.0
814.0,796.0
814.0,796.0
814.0,796.0
815.0,796.0
815.0,795.0
815.0,795.0
815.0,795.0
815.0,794.0
815.0,795.0
816.0,793.0
815.0,794.0
816.0,793.0
815.0,793.0
815.0,793.0
816.0,793.0
817.0,790.0
820.0,789.0
820.5,789.0
821.0,789.0
822.0,788.0
825.0,787.0
825.0,786.0
825.0,786.0
826.0,787.0
827.0,786.0
827.0,786.0
827.0,786.0
826.0,787.0
826.0,787.0
826.3333333333334,786.6666666666666
826.6666666666666,786.3333333333334
827.0,786.0
826.0,787.0
825.0,786.0
824.0,786.0
824.0,786.0
824.0,786.0
824.0,783.0
824.0,782.0
826.0,781.0
826.0,780.0
826.0,780.0
826.0,778.0
827.0,778.0
827.0,778.0
827.0,779.0
827.0,778.0
827.0,777.0
827.0,777.0
827.0,778.0
