x,y
182.0,411.0
180.0,408.0
180.0,411.0
179.0,410.0
178.0,409.0
178.0,411.0
178.0,411.0
178.0,411.0
177.0,408.0
176.0,407.0
175.0,410.0
174.0,408.0
173.0,407.0
173.0,408.0
172.0,409.0
172.0,408.0
171.0,408.0
171.0,407.0
172.0,407.0
172.0,398.0
169.0,401.0
170.0,399.0
174.0,404.0
174.0,405.0
171.0,407.0
171.0,407.1666666666667
171.0,407.3333333333333
171.0,407.5
171.0,407.6666666666667
171.0,407.8333333333333
171.0,408.0
171.0,407.0
171.0,406.0
171.0,409.0
171.0,408.0
172.0,406.0
173.0,410.0
173.0,410.0
174.0,410.0
174.0,410.0
174.0,410.0
170.0,409.0
170.0,408.0
169.0,407.0
169.0,407.0
169.0,407.0
171.0,408.0
168.0,408.0
168.0,408.0
168.0,407.0
167.0,408.0
167.0,408.0
167.0,407.0
167.0,407.0
167.0,406.0
166.0,408.0
166.0,408.0
167.0,406.0
166.0,408.0
166.0,407.0
165.0,408.0
165.0,408.0
165.0,408.0
164.0,408.0
165.0,407.0
164.0,407.0
164.0,407.0
164.0,407.0
165.0,407.0
165.0,407.0
165.0,407.0
164.0,407.0
164.0,407.0
163.0,407.0
162.0,407.0
162.0,408.0
162.0,408.0
162.0,406.0
162.0,405.8
162.0,405.6
162.0,405.4
162.0,405.2
162.0,405.0
162.0,405.0
164.0,404.0
165.0,402.0
164.0,403.0
163.0,403.0
163.0,402.0
159.5185185185185,404.5925925925926
156.03703703703704,407.18518518518516
152.55555555555554,409.77777777777777
149.07407407407408,412.3703703703704
145.59259259259258,414.96296296296293
142.11111111111111,417.55555555555554
138.62962962962962,420.14814814814815
135.14814814814815,422.74074074074076
131.66666666666666,425.3333333333333
128.1851851851852,427.9259259259259
124.7037037037037,430.51851851851853
