x,y
121.22222222222223,433.1111111111111
117.74074074074073,435.7037037037037
114.25925925925927,438.2962962962963
110.77777777777777,440.8888888888889
107.2962962962963,443.48148148148147
103.81481481481481,446.0740740740741
100.33333333333334,448.6666666666667
96.85185185185185,451.25925925925924
93.37037037037037,453.85185185185185
89.88888888888889,456.44444444444446
86.4074074074074,459.03703703703707
82.92592592592592,461.6296296296296
79.44444444444444,464.22222222222223
75.96296296296296,466.8148148148148
72.48148148148148,469.4074074074074
69.0,472.0
110.0,589.0
117.5,610.75
125.0,632.5
132.5,654.25
140.0,676.0
49.0,730.0
49.25,731.75
49.5,733.5
49.75,735.25
50.0,737.0
33.0,729.0
52.0,737.0
51.333333333333336,736.7777777777778
50.666666666666664,736.5555555555555
50.0,736.3333333333334
49.333333333333336,736.1111111111111
48.666666666666664,735.8888888888889
48.0,735.6666666666666
47.333333333333336,735.4444444444445
46.666666666666664,735.2222222222222
46.0,735.0
45.333333333333336,734.7777777777778
44.666666666666664,734.5555555555555
44.0,734.3333333333334
43.333333333333336,734.1111111111111
42.66666666666667,733.8888888888889
42.0,733.6666666666666
41.333333333333336,733.4444444444445
40.66666666666667,733.2222222222222
40.0,733.0
41.0,733.0
40.706896551724135,733.051724137931
40.41379310344828,733.1034482758621
40.12068965517241,733.1551724137931
39.827586206896555,733.2068965517242
39.53448275862069,733.2586206896551
39.241379310344826,733.3103448275862
38.94827586206897,733.3620689655172
38.6551724137931,733.4137931034483
38.36206896551724,733.4655172413793
38.06896551724138,733.5172413793103
37.775862068965516,733.5689655172414
37.48275862068966,733.6206896551724
37.189655172413794,733.6724137931035
36.89655172413793,733.7241379310345
36.60344827586207,733.7758620689655
36.310344827586206,733.8275862068965
36.01724137931035,733.8793103448276
35.724137931034484,733.9310344827586
35.43103448275862,733.9827586206897
35.13793103448276,734.0344827586207
34.8448275862069,734.0862068965517
34.55172413793103,734.1379310344828
34.258620689655174,734.1896551724138
33.96551724137931,734.2413793103449
33.67241379310345,734.2931034482758
33.37931034482759,734.3448275862069
33.08620689655172,734.3965517241379
32.793103448275865,734.448275862069
32.5,734.5
32.20689655172414,734.551724137931
31.913793103448278,734.6034482758621
31.620689655172413,734.6551724137931
31.327586206896555,734.7068965517242
31.03448275862069,734.7586206896551
30.74137931034483,734.8103448275862
30.448275862068968,734.8620689655172
30.155172413793103,734.9137931034483
29.862068965517242,734.9655172413793
29.56896551724138,735.0172413793103
29.275862068965516,735.0689655172414
28.98275862068966,735.1206896551724
28.689655172413794,735.1724137931035
28.396551724137932,735.2241379310345
28.10344827586207,735.2758620689655
27.810344827586206,735.3275862068965
27.517241379310345,735.3793103448276
27.224137931034484,735.4310344827586
26.931034482758623,735.4827586206897
26.63793103448276,735.5344827586207
26.344827586206897,735.5862068965517
26.051724137931036,735.6379310344828
25.758620689655174,735.6896551724138
25.46551724137931,735.7413793103449
