x,y
828.0,464.0
828.0,465.0
827.0,465.0
827.0,465.0
827.0,465.0
827.0,464.0
827.0,464.0
827.0,466.0
826.0,465.0
827.0,465.0
827.0,465.0
828.0,467.0
827.0,470.0
829.0,469.0
828.0,458.0
828.0,469.0
828.0,468.0
828.0,467.0
828.0,467.0
827.0,466.0
826.0,468.0
827.0,468.0
826.0,468.0
827.0,469.0
827.0,468.0
826.0,468.0
824.0,468.0
824.0,468.0
825.0,469.0
826.0,470.0
825.0,461.0
827.0,473.0
826.0,472.0
825.0,472.0
827.0,472.0
826.0,472.0
827.0,470.0
826.0,471.0
823.0,472.0
824.0,472.0
825.0,472.0
824.0,470.0
822.0,474.0
825.0,473.0
824.0,473.0
823.0,472.0
823.0,474.0
823.0,474.0
823.0,476.0
822.0,476.0
823.0,476.0
823.0,476.0
823.0,476.0
823.0,476.0
823.0,477.0
823.0,477.0
823.0,477.0
823.0,477.0
823.0,477.0
823.0,477.0
822.0,477.0
822.0,477.0
822.0,476.0
820.0,477.0
821.0,477.0
821.0,476.0
821.0,476.0
822.0,475.0
822.0,475.0
822.0,474.0
823.0,475.0
823.0,475.0
823.0,475.0
823.0,475.0
823.0,475.0
823.0,476.0
823.0,476.0
823.0,475.0
822.0,475.0
823.0,475.0
822.0,475.0
822.0,475.0
822.0,476.0
822.0,476.0
822.0,477.0
822.0,476.0
821.0,477.0
821.0,477.0
822.0,476.0
821.0,476.0
821.0,477.0
822.0,476.0
822.0,476.0
820.0,477.0
820.0,477.0
822.0,477.0
820.0,477.0
820.0,477.0
819.0,475.0
819.0,474.0
