x,y
775.0,449.0
774.0,450.0
774.0,449.0
775.0,448.0
775.0,449.0
775.0,449.0
775.0,448.0
774.0,447.0
776.0,449.0
776.0,450.0
776.0,448.0
776.0,449.0
776.0,449.0
777.0,450.0
777.0,449.0
777.0,449.0
777.0,450.0
777.0,449.0
777.0,450.0
777.0,450.0
776.0,452.0
776.0,450.0
776.0,451.0
776.0,450.0
776.0,451.0
775.0,450.0
775.0,450.0
775.0,451.0
775.0,450.0
775.0,449.0
775.0,450.0
775.0,450.0
775.0,449.0
775.0,448.0
775.0,449.0
775.0,449.0
776.0,449.0
775.0,448.0
776.0,448.0
776.0,449.0
775.0,449.0
775.0,448.0
776.0,449.0
775.0,449.0
775.0,449.0
775.0,448.0
775.0,449.0
775.0,449.0
775.0,449.0
775.0,449.0
775.0,449.0
775.0,448.0
775.0,448.0
775.0,449.0
775.0,449.0
775.0,448.0
775.0,448.0
776.0,448.0
775.0,448.0
775.0,448.0
775.0,448.0
775.0,448.0
774.0,448.0
774.0,448.0
774.0,448.0
774.0,448.0
776.0,448.0
774.0,448.0
775.0,448.0
775.0,447.0
775.0,447.0
775.0,447.0
775.0,447.0
776.0,446.0
777.0,446.0
775.0,446.0
776.0,446.0
776.0,447.0
777.0,447.0
777.0,447.0
777.0,447.0
777.0,447.0
777.0,447.0
776.0,447.0
776.0,447.0
777.0,447.0
777.0,448.0
777.0,447.0
777.0,448.0
777.0,447.0
777.0,447.0
777.0,447.0
776.0,447.0
779.0,451.0
779.0,451.0
780.0,452.0
781.0,451.0
781.0,451.0
783.0,449.0
785.0,449.0
