x,y
818.0,454.0
825.0,467.0
824.0,469.0
824.0,470.0
825.0,469.0
825.0,468.0
824.0,468.0
825.0,468.0
819.0,454.0
819.0,458.0
827.0,465.0
827.0,465.0
824.0,466.0
826.0,467.0
826.0,466.0
826.0,466.0
818.0,454.0
825.0,467.0
824.0,468.0
824.0,467.0
824.0,467.0
819.0,454.0
818.0,454.0
818.0,454.0
818.0,454.0
818.0,454.0
819.0,454.0
819.0,454.0
818.0,454.0
818.0,454.0
818.0,454.0
818.0,454.0
818.0,454.0
818.0,454.0
818.0,454.0
820.0,458.0
819.0,458.0
819.0,458.0
819.0,458.0
820.0,458.0
820.0,458.0
824.0,467.0
824.0,466.0
824.0,464.0
825.0,466.0
825.0,467.0
825.0,464.0
824.0,466.0
821.0,457.0
822.0,458.0
820.0,457.0
820.0,457.0
821.0,456.0
820.0,455.0
822.0,455.0
822.0,456.0
821.0,458.0
824.0,455.0
824.0,458.0
823.0,457.0
823.0,457.0
824.0,456.0
824.0,456.0
821.0,457.0
824.0,456.0
823.0,456.0
821.0,458.0
823.0,460.0
821.0,458.0
824.0,461.0
825.0,460.0
823.0,462.0
821.0,461.0
824.0,461.0
820.0,461.0
820.0,460.0
824.0,458.0
824.0,458.0
826.0,457.0
825.0,458.0
826.0,457.0
825.0,456.0
825.0,456.0
826.0,456.0
826.0,456.0
826.0,455.0
827.0,445.0
824.0,456.0
824.0,457.0
823.0,458.0
828.0,464.0
827.0,464.0
827.0,465.0
828.0,465.0
828.0,466.0
828.0,465.0
828.0,465.0
828.0,465.0
828.0,465.0
829.0,464.0
