x,y
781.0,457.0
781.0,457.0
781.0,457.0
781.0,457.0
781.0,457.0
781.0,458.0
781.0,458.0
781.0,458.0
781.0,457.0
781.0,457.0
781.0,457.0
781.0,457.0
780.0,457.0
780.0,456.0
781.0,457.0
782.0,457.0
781.0,456.0
781.0,457.0
781.0,456.0
781.0,456.0
781.0,456.0
781.0,456.0
782.0,456.0
782.0,456.0
782.0,456.0
781.0,456.0
782.0,456.0
782.0,456.0
781.0,456.0
781.0,456.0
781.0,455.0
781.0,456.0
783.0,457.0
783.0,457.0
781.0,454.0
781.0,454.0
781.0,454.0
781.0,454.0
780.0,454.0
780.0,454.0
781.0,454.0
781.0,455.0
782.0,455.0
782.0,455.0
782.0,455.0
782.0,455.0
782.0,455.0
782.0,456.0
782.0,455.0
782.0,455.0
783.0,455.0
783.0,455.0
782.0,454.0
782.0,455.0
782.0,455.0
782.0,454.0
783.0,454.0
782.0,454.0
782.0,453.0
782.0,454.0
782.0,453.0
781.0,455.0
782.0,455.0
782.0,454.0
782.0,453.0
783.0,453.0
782.0,453.0
783.0,453.0
784.0,453.0
784.0,453.0
784.0,453.0
783.0,452.0
783.0,453.0
784.0,452.0
784.0,451.0
787.0,454.0
787.0,455.0
787.0,453.0
787.0,451.0
787.0,450.0
787.0,451.0
788.0,453.0
788.0,450.0
789.0,449.0
789.0,451.0
789.0,450.0
789.0,450.0
789.0,449.0
790.0,449.0
790.0,449.0
790.0,449.0
790.0,449.0
791.0,448.0
791.0,448.0
792.0,448.0
790.0,449.0
791.0,449.0
791.0,448.0
792.0,447.0
792.0,445.0
