x,y
817.0,447.0
818.0,446.0
819.0,447.0
819.0,446.0
818.0,447.0
819.0,446.0
818.0,446.0
817.0,447.0
817.0,447.0
819.0,446.0
818.0,446.0
818.0,446.0
817.0,446.0
818.0,446.0
834.0,462.0
833.0,462.0
837.0,462.0
839.0,458.0
838.0,453.0
839.0,459.0
838.0,460.0
820.0,446.0
818.0,447.0
828.0,453.0
828.0,453.0
833.0,460.0
835.0,459.0
834.0,460.0
828.0,454.0
817.0,447.0
817.0,447.0
828.0,454.0
833.0,459.0
817.0,447.0
817.0,446.0
816.0,447.0
816.0,447.0
816.0,447.0
828.0,454.0
835.0,461.0
834.0,459.0
834.0,459.0
834.0,460.0
816.0,445.0
816.0,446.0
817.0,446.0
816.0,447.0
828.0,451.0
839.0,456.0
817.0,446.0
816.0,446.0
817.0,446.0
816.0,446.0
816.0,446.0
816.0,446.0
828.0,453.0
833.0,461.0
833.0,460.0
826.0,454.0
816.0,446.0
816.0,446.0
816.0,446.0
836.0,453.0
836.0,454.0
839.0,456.0
817.0,447.0
817.0,447.0
827.0,452.0
817.0,447.0
817.0,446.0
826.0,452.0
828.0,452.0
828.0,452.0
835.0,459.0
828.0,454.0
830.0,454.0
839.0,460.0
839.0,461.0
830.0,454.0
828.0,454.0
828.0,454.0
828.0,454.0
828.0,454.0
816.0,446.0
816.0,445.0
828.0,454.0
828.0,454.0
828.0,454.0
828.0,454.0
828.0,454.0
828.0,454.0
828.0,454.0
830.0,454.0
829.0,454.0
830.0,454.0
829.0,454.0
833.0,460.0
830.0,454.0
834.0,460.0
835.0,456.0
