x,y
825.0,456.0
825.0,456.0
825.0,457.0
825.0,457.0
825.0,458.0
826.0,458.0
826.0,457.0
826.0,457.0
826.0,456.0
825.0,455.0
825.0,455.0
823.0,455.0
823.0,455.0
826.0,454.0
826.0,454.0
826.0,454.0
825.0,455.0
824.0,456.0
825.0,456.0
824.0,457.0
824.0,457.0
825.0,456.0
826.0,456.0
827.0,456.0
825.0,455.0
826.0,454.0
825.0,454.0
825.0,453.0
825.0,454.0
825.0,454.0
824.0,454.0
824.0,454.0
824.0,454.0
824.0,453.0
824.0,453.0
824.0,453.0
824.0,453.0
824.0,453.0
825.0,453.0
825.0,453.0
826.0,453.0
827.0,453.0
827.0,453.0
828.0,453.0
828.0,453.0
828.0,453.0
828.0,453.0
828.0,453.0
828.0,453.0
829.0,453.0
829.0,453.0
829.0,453.0
829.0,454.0
830.0,453.0
829.0,453.0
829.0,453.0
829.0,453.0
828.0,454.0
828.0,455.0
827.0,455.0
826.0,453.0
826.0,454.0
825.0,453.0
826.0,454.0
826.0,454.0
825.0,454.0
826.0,454.0
825.0,454.0
824.0,454.0
825.0,454.0
825.0,454.0
825.0,454.0
825.0,454.0
826.0,454.0
826.0,454.0
825.0,454.0
826.0,454.0
826.0,453.0
827.0,453.0
827.0,453.0
828.0,454.0
827.0,454.0
826.0,452.0
826.0,452.0
826.0,452.0
826.0,452.0
825.0,453.0
825.0,452.0
826.0,453.0
826.0,453.0
826.0,453.0
826.0,453.0
823.0,455.0
825.0,453.0
825.0,454.0
826.0,453.0
826.0,453.0
827.0,453.0
828.0,453.0
828.0,452.0
