x,y
783.0,460.0
782.0,460.0
782.0,460.0
782.0,460.0
782.0,460.0
782.0,460.0
784.0,459.0
783.0,459.0
784.0,459.0
785.0,458.0
785.0,459.0
785.0,459.0
785.0,458.0
787.0,459.0
786.0,458.0
786.0,458.0
786.0,456.0
787.0,457.0
787.0,457.0
787.0,458.0
787.0,458.0
787.0,459.0
788.0,458.0
789.0,458.0
788.0,458.0
787.0,458.0
783.0,458.0
787.0,458.0
786.0,458.0
786.0,458.0
784.0,458.0
788.0,459.0
789.0,458.0
789.0,458.0
786.0,456.0
789.0,458.0
788.0,458.0
788.0,458.0
787.0,458.0
787.0,457.0
786.0,457.0
785.0,458.0
785.0,459.0
784.0,458.0
784.0,458.0
784.0,458.0
783.0,458.0
783.0,459.0
783.0,459.0
783.0,460.0
784.0,459.0
784.0,460.0
784.0,459.0
784.0,460.0
784.0,460.0
784.0,459.0
783.0,458.0
784.0,457.0
783.0,457.0
782.0,458.0
783.0,458.0
783.0,459.0
782.0,459.0
782.0,459.0
782.0,459.0
782.0,458.0
783.0,458.0
783.0,458.0
783.0,458.0
783.0,457.0
782.0,456.0
782.0,457.0
783.0,456.0
783.0,456.0
784.0,457.0
784.0,457.0
783.0,457.0
784.0,456.0
784.0,456.0
784.0,455.0
784.0,455.0
784.0,454.0
784.0,454.0
784.0,455.0
782.0,456.0
780.0,458.0
780.0,457.0
780.0,457.0
779.0,458.0
780.0,456.0
779.0,457.0
780.0,459.0
779.0,459.0
779.0,459.0
779.0,459.0
780.0,458.0
780.0,458.0
780.0,458.0
780.0,457.0
780.0,458.0
