x,y
830.0,480.0
827.0,482.0
826.0,482.0
827.0,483.0
827.0,482.0
825.0,482.0
826.0,482.0
825.0,482.0
825.0,481.0
827.0,481.0
826.0,484.0
826.0,483.0
826.0,483.0
826.0,482.0
826.0,482.0
826.0,483.0
826.0,481.0
826.0,481.0
826.0,480.0
826.0,482.0
828.0,479.0
827.0,480.0
827.0,481.0
827.0,481.0
827.0,480.0
827.0,482.0
826.0,483.0
826.0,483.0
826.0,483.0
827.0,480.0
828.0,483.0
829.0,484.0
829.0,484.0
829.0,479.0
829.0,479.0
828.0,479.0
829.0,484.0
829.0,478.0
831.0,465.0
830.0,465.0
828.0,479.0
831.0,478.0
828.0,478.0
828.0,481.0
828.0,484.0
828.0,484.0
830.0,479.0
828.0,479.0
831.0,476.0
830.0,475.0
828.0,474.0
829.0,474.0
828.0,473.0
828.0,472.0
828.0,473.0
829.0,473.0
828.0,472.0
828.0,472.0
830.0,477.0
830.0,476.0
827.0,482.0
826.0,483.0
827.0,482.0
826.0,482.0
826.0,482.0
828.0,477.0
828.0,477.0
828.0,476.0
828.0,476.0
828.0,477.0
827.0,476.0
827.0,476.0
826.0,480.0
828.0,474.0
828.0,474.0
826.0,479.0
826.0,478.0
826.0,478.0
826.0,479.0
827.0,477.0
826.0,479.0
827.0,476.0
828.0,476.0
827.0,480.0
826.0,481.0
826.0,480.0
828.0,474.0
826.0,479.0
826.0,479.0
828.0,474.0
827.0,475.0
826.0,477.0
826.0,476.0
826.0,477.0
826.0,480.0
825.0,480.0
826.0,478.0
825.0,479.0
825.0,478.0
825.0,479.0
