x,y
1246.0,505.0
1246.0,505.0
1247.0,505.0
1247.0,505.0
1245.0,503.0
1248.0,504.0
1249.0,503.0
1249.0,503.0
1245.0,502.0
1245.0,503.0
1245.0,502.0
1246.0,503.0
1246.0,503.0
1246.0,503.0
1247.0,503.0
1249.0,502.0
1249.0,501.0
1249.0,501.0
1249.0,501.0
1249.0,501.0
1249.0,500.0
1246.0,500.0
1246.0,501.0
1246.0,500.0
1246.0,501.0
1246.0,501.0
1246.0,501.0
1246.0,500.0
1249.0,500.0
1246.0,501.0
1246.0,501.0
1245.0,500.0
1249.0,500.0
1249.0,499.0
1249.0,499.0
1249.0,499.0
1249.0,499.0
1249.0,499.0
1249.0,500.0
1249.0,499.0
1249.0,500.0
1246.0,501.0
1249.0,499.0
1246.0,500.0
1249.0,500.0
1249.0,500.0
1249.0,500.0
1246.0,501.0
1249.0,499.0
1249.0,499.0
1250.0,499.0
1250.0,499.0
1250.0,499.0
1250.0,499.0
1250.0,499.0
1250.0,499.0
1250.0,498.0
1250.0,498.0
1250.0,499.0
1250.0,498.0
1249.0,498.0
1249.0,498.0
1249.0,498.0
1249.0,498.0
1249.0,498.0
1249.0,498.0
1249.0,497.0
1249.0,497.0
1249.0,497.0
1246.0,497.0
1249.0,497.0
1249.0,497.0
1248.0,497.0
1248.0,497.0
1248.0,497.0
1248.0,497.0
1248.0,497.0
1248.0,497.0
1249.0,497.0
1248.0,497.0
1249.0,497.0
1249.0,497.0
1248.0,497.0
1248.0,497.0
1248.0,497.0
1248.0,497.0
1248.0,497.0
1248.0,497.0
1248.0,496.0
1248.0,497.0
1248.0,497.0
1248.0,497.0
1248.0,496.0
1248.0,496.0
1248.0,496.0
1248.0,497.0
1248.0,497.0
1248.0,497.0
1248.0,497.0
1249.0,496.0
