x,y
1265.0,480.0
1265.0,479.0
1265.0,480.0
1265.0,482.0
1263.0,483.0
1263.0,484.0
1262.0,485.0
1261.0,485.0
1260.0,484.0
1260.0,485.0
1260.0,486.0
1261.0,486.0
1260.0,487.0
1260.0,487.0
1260.0,488.0
1260.0,488.0
1260.0,488.0
1260.0,488.0
1260.0,488.0
1260.0,488.0
1259.0,488.0
1260.0,488.0
1260.0,488.0
1259.0,489.0
1258.0,489.0
1258.0,489.0
1259.0,490.0
1258.0,490.0
1258.0,490.0
1256.0,489.0
1256.0,490.0
1256.0,490.0
1256.0,490.0
1257.0,490.0
1256.0,490.0
1257.0,491.0
1257.0,490.0
1256.0,490.0
1256.0,490.0
1256.0,491.0
1255.0,492.0
1254.0,491.0
1253.0,492.0
1251.0,492.0
1249.0,494.0
1251.0,492.0
1249.0,494.0
1249.0,492.0
1245.0,493.0
1244.0,491.0
1244.0,491.0
1243.0,492.0
1241.0,492.0
1240.0,492.0
1240.0,492.0
1240.0,492.0
1238.0,493.0
1237.0,493.0
1238.0,492.0
1239.0,492.0
1239.0,493.0
1239.0,493.0
1239.0,493.0
1239.0,493.0
1239.0,492.0
1239.0,493.0
1239.0,492.0
1239.0,492.0
1239.0,492.0
1239.0,492.0
1239.0,493.0
1239.0,492.0
1239.0,492.0
1240.0,493.0
1241.0,493.0
1240.0,493.0
1241.0,493.0
1240.0,494.0
1240.0,495.0
1240.0,495.0
1240.0,495.0
1241.0,496.0
1241.0,496.0
1242.0,496.0
1241.0,496.0
1242.0,496.0
1241.0,496.0
1240.0,496.0
1240.0,496.0
1241.0,496.0
1240.0,496.0
1240.0,496.0
1240.0,496.0
1240.0,496.0
1240.0,496.0
1240.0,496.0
1240.0,496.0
1240.0,497.0
1240.0,497.0
1241.0,496.0
