x,y
1215.0,538.0
1215.0,538.0
1214.0,538.0
1215.0,537.0
1215.0,538.0
1215.0,538.0
1215.0,539.0
1215.0,539.0
1215.0,539.0
1215.0,538.0
1215.0,538.0
1215.0,538.0
1216.0,538.0
1217.0,538.0
1215.0,537.0
1217.0,537.0
1216.0,535.0
1216.0,535.0
1217.0,535.0
1217.0,534.0
1217.0,534.0
1217.0,534.0
1217.0,535.0
1218.0,535.0
1218.0,534.0
1217.0,535.0
1217.0,535.0
1221.0,536.0
1222.0,535.0
1218.0,534.0
1218.0,534.0
1219.0,534.0
1220.0,535.0
1221.0,536.0
1222.0,536.0
1222.0,536.0
1222.0,536.0
1222.0,538.0
1223.0,537.0
1223.0,538.0
1223.0,537.0
1226.0,538.0
1227.0,538.0
1228.0,537.0
1229.0,536.0
1229.0,536.0
1230.0,537.0
1229.0,536.0
1229.0,535.0
1231.0,534.0
1230.0,533.0
1230.0,533.0
1231.0,532.0
1233.0,532.0
1234.0,532.0
1234.0,531.0
1236.0,530.0
1237.0,530.0
1237.0,529.0
1238.0,527.0
1238.0,527.0
1239.0,528.0
1237.0,529.0
1238.0,527.0
1239.0,526.0
1237.0,528.0
1239.0,527.0
1239.0,525.0
1239.0,525.0
1239.0,524.0
1240.0,524.0
1240.0,522.0
1241.0,521.0
1240.0,520.0
1240.0,518.0
1241.0,517.0
1241.0,516.0
1241.0,516.0
1241.0,515.0
1242.0,514.0
1244.0,514.0
1243.0,512.0
1244.0,512.0
1244.0,510.0
1245.0,510.0
1244.0,507.0
1246.0,507.0
1245.0,506.0
1246.0,505.0
1245.0,504.0
1245.0,504.0
1245.0,505.0
1245.0,505.0
1245.0,505.0
1245.0,505.0
1245.0,504.0
1245.0,504.0
1245.0,504.0
1245.0,504.0
1246.0,505.0
