x,y
1258.0,500.0
1257.0,500.0
1257.0,500.0
1257.0,499.0
1257.0,499.0
1258.0,499.0
1259.0,499.0
1263.0,503.0
1261.0,505.0
1263.0,504.0
1261.0,505.0
1262.0,506.0
1263.0,503.0
1263.0,503.0
1263.0,503.0
1264.0,503.0
1264.0,502.0
1263.0,500.0
1264.0,501.0
1264.0,502.0
1263.0,501.0
1263.0,503.0
1264.0,502.0
1263.0,501.0
1263.0,502.0
1264.0,501.0
1265.0,503.0
1265.0,502.0
1266.0,502.0
1267.0,502.0
1267.0,503.0
1267.0,503.0
1268.0,503.0
1268.0,503.0
1269.0,505.0
1269.0,504.0
1272.0,504.0
1273.0,503.0
1274.0,503.0
1275.0,504.0
1276.0,504.0
1276.0,504.0
1277.0,503.0
1278.0,503.0
1279.0,503.0
1279.0,504.0
1279.0,503.0
1280.0,502.0
1280.0,502.0
1280.0,502.0
1280.0,501.0
1279.0,501.0
1280.0,501.0
1280.0,501.0
1281.0,500.0
1282.0,499.0
1282.0,499.0
1282.0,499.0
1282.0,499.0
1282.0,499.0
1282.0,498.0
1283.0,498.0
1283.0,498.0
1282.0,498.0
1282.0,498.0
1282.0,498.0
1282.0,498.0
1284.0,498.0
1282.0,498.0
1283.0,498.0
1282.0,498.0
1282.0,498.0
1282.0,498.0
1282.0,498.0
1282.0,498.0
1282.0,498.0
1282.0,498.0
1282.0,498.0
1282.0,498.0
1282.0,498.0
1282.0,498.0
1282.0,498.0
1282.0,497.0
1282.0,498.0
1282.0,497.0
1282.0,497.0
1282.0,498.0
1282.0,497.0
1282.0,497.0
1282.0,497.0
1282.0,497.0
1282.0,497.0
1282.0,497.0
1282.0,497.0
1282.0,497.0
1282.0,497.0
1282.0,497.0
1282.0,496.0
1282.0,496.0
1282.0,497.0
