x,y
1255.0,503.0
1255.0,503.0
1255.0,503.0
1255.0,503.0
1255.0,503.0
1255.0,504.0
1255.0,504.0
1255.0,503.0
1255.0,503.0
1256.0,504.0
1256.0,504.0
1256.0,504.0
1256.0,503.0
1256.0,503.0
1256.0,503.0
1256.0,503.0
1256.0,503.0
1256.0,503.0
1255.0,503.0
1256.0,502.0
1255.0,503.0
1255.0,502.0
1255.0,502.0
1255.0,501.0
1255.0,501.0
1255.0,502.0
1256.0,502.0
1255.0,500.0
1255.0,500.0
1255.0,500.0
1255.0,501.0
1255.0,501.0
1255.0,501.0
1255.0,501.0
1255.0,501.0
1255.0,501.0
1255.0,499.0
1255.0,498.0
1255.0,500.0
1256.0,500.0
1256.0,500.0
1256.0,501.0
1256.0,500.0
1255.0,499.0
1255.0,500.0
1255.0,500.0
1255.0,503.0
1255.0,503.0
1254.0,503.0
1256.0,502.0
1255.0,502.0
1256.0,503.0
1256.0,503.0
1256.0,503.0
1256.0,504.0
1256.0,503.0
1256.0,503.0
1256.0,503.0
1256.0,502.0
1256.0,501.0
1256.0,502.0
1256.0,502.0
1255.0,502.0
1256.0,503.0
1257.0,502.0
1256.0,504.0
1256.0,504.0
1257.0,502.0
1257.0,501.0
1256.0,502.0
1256.0,504.0
1256.0,504.0
1257.0,504.0
1257.0,503.0
1257.0,504.0
1256.0,504.0
1256.0,504.0
1256.0,504.0
1256.0,504.0
1255.0,503.0
1256.0,503.0
1256.0,503.0
1255.0,503.0
1255.0,503.0
1255.0,504.0
1256.0,503.0
1255.0,503.0
1256.0,503.0
1257.0,503.0
1256.0,502.0
1258.0,503.0
1257.0,502.0
1257.0,502.0
1257.0,501.0
1258.0,502.0
1258.0,502.0
1257.0,501.0
1257.0,505.0
1257.0,505.0
1256.0,503.0
