x,y
193.0,343.5
193.5,343.75
194.0,344.0
193.98039215686273,344.01960784313724
193.9607843137255,344.03921568627453
193.94117647058823,344.05882352941177
193.92156862745097,344.078431372549
193.90196078431373,344.0980392156863
193.88235294117646,344.11764705882354
193.86274509803923,344.1372549019608
193.84313725490196,344.15686274509807
193.8235294117647,344.1764705882353
193.80392156862746,344.19607843137254
193.7843137254902,344.2156862745098
193.76470588235293,344.2352941176471
193.7450980392157,344.2549019607843
193.72549019607843,344.27450980392155
193.7058823529412,344.29411764705884
193.68627450980392,344.3137254901961
193.66666666666666,344.3333333333333
193.64705882352942,344.3529411764706
193.62745098039215,344.37254901960785
193.6078431372549,344.3921568627451
193.58823529411765,344.4117647058824
193.5686274509804,344.4313725490196
193.54901960784315,344.45098039215685
193.52941176470588,344.47058823529414
193.50980392156862,344.4901960784314
193.49019607843138,344.5098039215686
193.47058823529412,344.52941176470586
193.45098039215685,344.54901960784315
193.4313725490196,344.5686274509804
193.41176470588235,344.5882352941176
193.3921568627451,344.6078431372549
193.37254901960785,344.62745098039215
193.35294117647058,344.6470588235294
193.33333333333334,344.6666666666667
193.31372549019608,344.6862745098039
193.2941176470588,344.70588235294116
193.27450980392157,344.72549019607845
193.2549019607843,344.7450980392157
193.23529411764707,344.7647058823529
193.2156862745098,344.7843137254902
193.19607843137254,344.80392156862746
193.1764705882353,344.8235294117647
193.15686274509804,344.84313725490193
193.13725490196077,344.8627450980392
193.11764705882354,344.88235294117646
193.09803921568627,344.9019607843137
193.07843137254903,344.921568627451
193.05882352941177,344.94117647058823
193.0392156862745,344.96078431372547
193.01960784313727,344.98039215686276
193.0,345.0
191.0,345.0
191.0,345.0
191.0,345.0
191.0,345.0
191.0,345.0
191.0,345.0
191.0,345.0
191.0,345.0
188.0,345.0
191.0,345.0
190.9090909090909,344.6363636363636
190.8181818181818,344.27272727272725
190.72727272727272,343.90909090909093
190.63636363636363,343.54545454545456
190.54545454545453,343.1818181818182
190.45454545454547,342.8181818181818
190.36363636363637,342.45454545454544
190.27272727272728,342.09090909090907
190.1818181818182,341.72727272727275
190.0909090909091,341.3636363636364
190.0,341.0
188.0,341.0
159.5,371.0
131.0,401.0
123.0,392.0
114.0,382.6666666666667
105.0,373.3333333333333
96.0,364.0
87.0,354.6666666666667
78.0,345.3333333333333
69.0,336.0
60.0,326.66666666666663
51.0,317.3333333333333
42.0,308.0
52.285714285714285,296.14285714285717
62.57142857142857,284.2857142857143
72.85714285714286,272.42857142857144
83.14285714285714,260.57142857142856
93.42857142857143,248.71428571428572
103.71428571428572,236.85714285714286
114.0,225.0
113.97560975609755,225.0
113.95121951219512,225.0
113.92682926829268,225.0
113.90243902439025,225.0
113.8780487804878,225.0
