x,y
159.2,461.16
159.4,461.12
159.6,461.08
159.8,461.04
160.0,461.0
154.0,449.0
148.0,437.0
142.0,425.0
136.0,413.0
130.0,401.0
124.0,389.0
126.76,387.24
129.52,385.48
132.28,383.72
135.04,381.96
137.8,380.2
140.56,378.44
143.32,376.68
146.07999999999998,374.92
148.84,373.16
151.6,371.4
154.36,369.64
157.12,367.88
159.88,366.12
162.64,364.36
165.4,362.6
168.16,360.84
170.92,359.08
173.68,357.32
176.44,355.56
179.2,353.8
181.95999999999998,352.04
184.72,350.28
187.48,348.52
190.24,346.76
193.0,345.0
191.8,344.2
190.6,343.4
189.4,342.6
188.2,341.8
187.0,341.0
187.9,339.8
188.8,338.6
189.7,337.4
190.6,336.2
191.5,335.0
192.4,333.8
193.3,332.6
194.2,331.4
195.1,330.2
196.0,329.0
194.0,329.0
193.0,337.0
193.2,338.4
193.4,339.8
193.6,341.2
193.8,342.6
194.0,344.0
193.90322580645162,343.83870967741933
193.80645161290323,343.6774193548387
193.70967741935485,343.51612903225805
193.61290322580646,343.35483870967744
193.51612903225808,343.19354838709677
193.41935483870967,343.03225806451616
193.32258064516128,342.8709677419355
193.2258064516129,342.7096774193548
193.1290322580645,342.5483870967742
193.03225806451613,342.38709677419354
192.93548387096774,342.2258064516129
192.83870967741936,342.06451612903226
192.74193548387098,341.9032258064516
192.6451612903226,341.741935483871
192.5483870967742,341.5806451612903
192.4516129032258,341.4193548387097
192.3548387096774,341.258064516129
192.25806451612902,341.0967741935484
192.16129032258064,340.93548387096774
192.06451612903226,340.7741935483871
191.96774193548387,340.61290322580646
191.8709677419355,340.4516129032258
191.7741935483871,340.2903225806452
191.67741935483872,340.1290322580645
191.58064516129033,339.96774193548384
191.48387096774192,339.80645161290323
191.38709677419354,339.64516129032256
191.29032258064515,339.48387096774195
191.19354838709677,339.3225806451613
191.09677419354838,339.16129032258067
191.0,339.0
189.0,339.0
188.0,341.0
188.5,341.25
189.0,341.5
189.5,341.75
190.0,342.0
190.5,342.25
191.0,342.5
191.5,342.75
192.0,343.0
192.5,343.25
